# Free-atom, free-ion and frozen-core density fits -- Bh (Z = 107)
#
#   rho(r) = sum_i c_i r^n_i exp(-alpha_i r)      r in bohr, rho in e/bohr^3
#
# All-electron B86BPBE densities (scalar-relativistic, spin-restricted),
# fitted with rhofit.py (monotone decay imposed).  Two kinds of block:
#
#   STATE <N> <q> <nterm> <symbol>
#     the atom or ion with N electrons (charge q), in order of increasing N;
#   CORE <N_core> <nterm> <symbol>
#     the frozen core of the neutral atom with N_core electrons, for a
#     pseudopotential with Z - N_core valence electrons, in order of
#     increasing N_core, each preceded by a '# orbitals:' comment.
#
# Each block header is followed by nterm lines:   n   alpha   c
#
# Generated 2026-09-23 by combine_fits.py from
#   /home/alberto/doc/manuals/critic2/atomic_density_fits/15_rhofit/rho_b86bpbe_mono/fit_107_Bh.dat
#     recipe: --npow 0,1,2,3,4,5,6,7,8,9,10 --amin 0.2 --ratio 1.1 --mom 3 --cusp none --targetz 1e-3 --besteffort --monotone --stats
#   /home/alberto/doc/manuals/critic2/atomic_density_fits/15_rhofit/core_b86bpbe_mono/core_107_Bh.dat
#     recipe: --npow 0,1,2,3,4,5,6,7,8,9,10 --amin 0.2 --ratio 1.1 --mom 3 --cusp none --besteffort --monotone --stats --target 1e-3*N_core
#
STATE 100 +7 27 Bh
   0.00000   4.17073528176730e+00   3.85567619919086e+01
   0.00000   4.58603202413238e+00   5.59641574640419e+00
   0.00000   2.53207935663515e+01   2.64624080970260e+03
   0.00000   2.78420859457011e+01   9.38954430408659e+03
   0.00000   8.69751639528929e+01   1.18739115122336e+05
   0.00000   3.97179268113081e+02   2.15512065759951e+06
   0.00000   4.36727991548823e+02   1.07612873477346e+06
   0.00000   1.24073792567827e+03   5.56515186449090e+06
   0.00000   1.36428314824743e+03   0.00000000000000e+00
   0.00000   3.52491855343857e+03   1.20653577464470e+07
   0.00000   3.87590874903903e+03   0.00000000000000e+00
   0.00000   7.53259719536316e+03   0.00000000000000e+00
   0.00000   8.28264793352869e+03   1.30263593010384e+07
   0.00000   2.14000000000000e+04   6.81068300709398e+07
   3.00000   6.70401398898411e+00   9.74685813725227e+02
   4.00000   7.37155939340385e+00   0.00000000000000e+00
   7.00000   2.71699439452402e+02   4.55806572535085e+17
   9.00000   2.98753636011046e+02   6.94540428643872e+20
  10.00000   9.80015039755364e+00   2.02517214053987e+03
  10.00000   2.09424939270547e+01   1.51403085949077e+07
  10.00000   2.30278215533194e+01   1.03297605746012e+09
  10.00000   4.92094502094657e+01   2.69255209568083e+13
  10.00000   5.41094313842258e+01   4.34064963533818e+13
  10.00000   1.15629494670144e+02   6.55697710083082e+17
  10.00000   1.27143184514655e+02   7.74636140892174e+17
  10.00000   4.80214739073354e+02   1.38486976723375e+24
  10.00000   1.24073792567827e+03   9.93011945274775e+28
STATE 101 +6 28 Bh
   0.00000   3.44956006536214e+00   9.58680105114699e+00
   0.00000   3.79304651582094e+00   3.67268178164285e+01
   0.00000   2.53207935663515e+01   1.03284067611758e+03
   0.00000   2.78420859457011e+01   1.14651738137284e+04
   0.00000   8.69751639528929e+01   1.14346791539330e+05
   0.00000   3.97179268113081e+02   2.51355846266869e+06
   0.00000   4.36727991548823e+02   6.73407104659842e+05
   0.00000   1.24073792567827e+03   5.62388856227403e+06
   0.00000   2.91541357917191e+03   0.00000000000000e+00
   0.00000   3.20571293414894e+03   8.66896347936795e+06
   0.00000   6.85046871036322e+03   1.57512973139233e+07
   0.00000   7.53259719536316e+03   0.00000000000000e+00
   0.00000   2.14000000000000e+04   6.62858154973273e+07
   3.00000   6.09691941229028e+00   2.50529742921313e+02
   4.00000   7.37155939340385e+00   3.99523788797367e+02
   5.00000   8.10557495550734e+00   0.00000000000000e+00
   7.00000   2.71699439452402e+02   1.98399848830471e+17
   9.00000   2.98753636011046e+02   3.51868785955123e+20
  10.00000   2.09424939270547e+01   4.65728093618105e+07
  10.00000   2.30278215533194e+01   9.77583514240341e+08
  10.00000   4.92094502094657e+01   2.63700268175069e+13
  10.00000   5.41094313842258e+01   4.51341369627791e+13
  10.00000   1.15629494670144e+02   6.71916753938246e+17
  10.00000   1.27143184514655e+02   7.14963802214535e+17
  10.00000   3.28501726796739e+02   6.45512372140347e+22
  10.00000   4.80214739073354e+02   3.39464146510715e+24
  10.00000   1.12838057275279e+03   3.11401035603029e+28
  10.00000   1.24073792567827e+03   0.00000000000000e+00
STATE 102 +5 30 Bh
   0.00000   3.13717867548107e+00   7.13910764115541e+00
   0.00000   3.44956006536214e+00   3.61164982028591e+01
   0.00000   2.78420859457011e+01   1.31738524537191e+04
   0.00000   8.69751639528929e+01   4.73200096254294e+04
   0.00000   9.56356278318181e+01   7.35144755930916e+04
   0.00000   3.97179268113081e+02   3.00454848485129e+06
   0.00000   4.36727991548823e+02   0.00000000000000e+00
   0.00000   1.12838057275279e+03   4.83703205034254e+06
   0.00000   1.24073792567827e+03   0.00000000000000e+00
   0.00000   2.65140282745761e+03   3.21675020059602e+06
   0.00000   2.91541357917191e+03   5.23600250189281e+06
   0.00000   6.23011165133767e+03   2.46966846511586e+06
   0.00000   6.85046871036322e+03   1.46736813840002e+07
   0.00000   2.14000000000000e+04   6.60707450095758e+07
   4.00000   7.37155939340385e+00   6.70928411632821e+02
   6.00000   9.80015039755364e+00   1.24158469911002e+03
   7.00000   2.71699439452402e+02   2.77008150529392e+17
   9.00000   2.98753636011046e+02   1.16111713227520e+21
  10.00000   4.17073528176730e+00   6.95847536251152e-05
  10.00000   4.58603202413238e+00   0.00000000000000e+00
  10.00000   1.30288508426875e+01   0.00000000000000e+00
  10.00000   2.09424939270547e+01   4.96748496429895e+07
  10.00000   2.30278215533194e+01   9.92427877301730e+08
  10.00000   4.92094502094657e+01   2.66072165114350e+13
  10.00000   5.41094313842258e+01   4.48133610212153e+13
  10.00000   1.15629494670144e+02   6.61313859741626e+17
  10.00000   1.27143184514655e+02   6.94212361192927e+17
  10.00000   4.80214739073354e+02   3.30447721449030e+24
  10.00000   1.12838057275279e+03   1.92403084680835e+28
  10.00000   1.24073792567827e+03   0.00000000000000e+00
STATE 103 +4 29 Bh
   0.00000   3.13717867548107e+00   2.57191607918034e+01
   0.00000   3.44956006536214e+00   1.63613444523461e+01
   0.00000   2.78420859457011e+01   1.32077523387264e+04
   0.00000   8.69751639528929e+01   4.43435653612561e+04
   0.00000   9.56356278318181e+01   7.67884379660345e+04
   0.00000   3.97179268113081e+02   3.00338897345049e+06
   0.00000   4.36727991548823e+02   0.00000000000000e+00
   0.00000   1.12838057275279e+03   4.84345406585432e+06
   0.00000   1.24073792567827e+03   0.00000000000000e+00
   0.00000   2.65140282745761e+03   2.90966755580534e+06
   0.00000   2.91541357917191e+03   5.62605382219429e+06
   0.00000   6.23011165133767e+03   1.40384770858116e+06
   0.00000   6.85046871036322e+03   1.57385327834194e+07
   0.00000   2.14000000000000e+04   6.58587011831790e+07
   6.00000   9.80015039755364e+00   5.56295198913507e+03
   7.00000   2.71699439452402e+02   2.71702831917496e+17
   9.00000   2.98753636011046e+02   1.17614925344555e+21
  10.00000   4.58603202413238e+00   9.87933589170423e-04
  10.00000   5.04268151908595e+00   3.30860801714811e-02
  10.00000   1.30288508426875e+01   0.00000000000000e+00
  10.00000   2.09424939270547e+01   5.45702043174761e+07
  10.00000   2.30278215533194e+01   1.00020102423547e+09
  10.00000   4.92094502094657e+01   2.67015556449625e+13
  10.00000   5.41094313842258e+01   4.45922972038702e+13
  10.00000   1.15629494670144e+02   6.60097719378159e+17
  10.00000   1.27143184514655e+02   6.93268294005762e+17
  10.00000   4.80214739073354e+02   3.34904561480725e+24
  10.00000   1.12838057275279e+03   1.91152831359210e+28
  10.00000   1.24073792567827e+03   0.00000000000000e+00
STATE 104 +3 30 Bh
   0.00000   1.61423981134697e+00   2.80120674388686e-02
   0.00000   1.77497610597086e+00   0.00000000000000e+00
   0.00000   3.13717867548107e+00   3.78473096167361e+01
   0.00000   3.44956006536214e+00   2.20287047547240e+00
   0.00000   2.53207935663515e+01   2.47894351228147e+03
   0.00000   2.78420859457011e+01   9.60727749683226e+03
   0.00000   8.69751639528929e+01   1.18625760718596e+05
   0.00000   3.97179268113081e+02   2.15609088196438e+06
   0.00000   4.36727991548823e+02   1.07515495259178e+06
   0.00000   1.24073792567827e+03   5.56501076147794e+06
   0.00000   1.36428314824743e+03   0.00000000000000e+00
   0.00000   3.52491855343857e+03   1.20656054396658e+07
   0.00000   3.87590874903903e+03   0.00000000000000e+00
   0.00000   7.53259719536316e+03   0.00000000000000e+00
   0.00000   8.28264793352869e+03   1.30242646040904e+07
   0.00000   2.14000000000000e+04   6.81109117657885e+07
   7.00000   2.71699439452402e+02   4.55970040354131e+17
   9.00000   1.30288508426875e+01   3.28883657579353e+04
   9.00000   2.98753636011046e+02   6.92699207342411e+20
  10.00000   5.04268151908595e+00   1.19789467979984e-01
  10.00000   5.54480142509293e+00   0.00000000000000e+00
  10.00000   1.43261854722389e+01   2.44221931698238e+05
  10.00000   2.09424939270547e+01   6.22098654459974e+07
  10.00000   2.30278215533194e+01   1.01506673161635e+09
  10.00000   4.92094502094657e+01   2.69599061024838e+13
  10.00000   5.41094313842258e+01   4.32769635436181e+13
  10.00000   1.15629494670144e+02   6.54981071419944e+17
  10.00000   1.27143184514655e+02   7.76511223765794e+17
  10.00000   4.80214739073354e+02   1.37839763255156e+24
  10.00000   1.24073792567827e+03   9.93964064606692e+28
STATE 105 +2 31 Bh
   0.00000   1.77497610597086e+00   1.25095680813729e-01
   0.00000   1.95171755436919e+00   7.82341618832553e-01
   0.00000   3.13717867548107e+00   2.17221294096513e+01
   0.00000   3.44956006536214e+00   1.83260252847988e+01
   0.00000   2.53207935663515e+01   2.65814956640088e+03
   0.00000   2.78420859457011e+01   9.42009384872136e+03
   0.00000   8.69751639528929e+01   1.15339954971151e+05
   0.00000   3.97179268113081e+02   2.58377140115014e+06
   0.00000   4.36727991548823e+02   5.83552935299575e+05
   0.00000   1.24073792567827e+03   5.74700061309623e+06
   0.00000   1.36428314824743e+03   0.00000000000000e+00
   0.00000   3.20571293414894e+03   0.00000000000000e+00
   0.00000   3.52491855343857e+03   1.14732939857917e+07
   0.00000   7.53259719536316e+03   5.41216258615845e+05
   0.00000   8.28264793352869e+03   1.43668094486180e+07
   0.00000   2.14000000000000e+04   6.31474521777037e+07
   7.00000   2.71699439452402e+02   3.50736499160421e+17
   9.00000   1.30288508426875e+01   0.00000000000000e+00
   9.00000   2.98753636011046e+02   9.11879407634287e+20
  10.00000   4.58603202413238e+00   1.83846950060663e-02
  10.00000   5.04268151908595e+00   1.91727761215290e-01
  10.00000   1.43261854722389e+01   4.71720512298590e+05
  10.00000   2.09424939270547e+01   5.63976842765023e+07
  10.00000   2.30278215533194e+01   1.03789559583495e+09
  10.00000   4.92094502094657e+01   2.70627864158444e+13
  10.00000   5.41094313842258e+01   4.27738399702347e+13
  10.00000   1.15629494670144e+02   6.47242233968600e+17
  10.00000   1.27143184514655e+02   7.93627184889397e+17
  10.00000   4.80214739073354e+02   2.45297557946702e+24
  10.00000   1.12838057275279e+03   2.81359464532981e+28
  10.00000   1.24073792567827e+03   0.00000000000000e+00
STATE 106 +1 30 Bh
   0.00000   1.61423981134697e+00   0.00000000000000e+00
   0.00000   1.77497610597086e+00   1.32249265785182e+00
   0.00000   3.44956006536214e+00   4.37885002761499e+01
   0.00000   2.53207935663515e+01   1.82812063955416e+03
   0.00000   2.78420859457011e+01   1.03895498330723e+04
   0.00000   8.69751639528929e+01   1.15109189537969e+05
   0.00000   3.97179268113081e+02   2.59396188271084e+06
   0.00000   4.36727991548823e+02   5.71463816901560e+05
   0.00000   1.24073792567827e+03   5.75509539253886e+06
   0.00000   1.36428314824743e+03   0.00000000000000e+00
   0.00000   3.20571293414894e+03   6.35610750412880e+05
   0.00000   3.52491855343857e+03   1.03925360054007e+07
   0.00000   6.85046871036322e+03   0.00000000000000e+00
   0.00000   7.53259719536316e+03   1.31847687437586e+07
   0.00000   2.14000000000000e+04   6.83279707895250e+07
   7.00000   2.71699439452402e+02   3.69457063019394e+17
   9.00000   3.79304651582094e+00   5.82575081665693e-03
   9.00000   1.30288508426875e+01   1.29335301230728e+05
   9.00000   2.98753636011046e+02   8.72194349552340e+20
  10.00000   5.04268151908595e+00   2.78300875169536e-01
  10.00000   1.43261854722389e+01   6.88008205914206e+04
  10.00000   2.09424939270547e+01   6.11604615874373e+07
  10.00000   2.30278215533194e+01   9.94669868525296e+08
  10.00000   4.92094502094657e+01   2.64867851558623e+13
  10.00000   5.41094313842258e+01   4.43477480637554e+13
  10.00000   1.15629494670144e+02   6.56774500154425e+17
  10.00000   1.27143184514655e+02   7.74789726777770e+17
  10.00000   4.80214739073354e+02   2.34614186664097e+24
  10.00000   1.12838057275279e+03   2.77957709621532e+28
  10.00000   1.24073792567827e+03   0.00000000000000e+00
STATE 107 +0 33 Bh
   0.00000   1.46805929374031e+00   5.68401286542482e-01
   0.00000   1.61423981134697e+00   5.49039656840577e-01
   0.00000   3.44956006536214e+00   4.26063290728671e+01
   0.00000   2.78420859457011e+01   1.32355887022825e+04
   0.00000   8.69751639528929e+01   3.34300024130798e+04
   0.00000   9.56356278318181e+01   9.10899105365350e+04
   0.00000   3.97179268113081e+02   2.98917078524688e+06
   0.00000   1.02619795092495e+03   1.29261673847268e+04
   0.00000   1.12838057275279e+03   4.90118538828047e+06
   0.00000   2.65140282745761e+03   0.00000000000000e+00
   0.00000   2.91541357917191e+03   9.23933286954728e+06
   0.00000   6.23011165133767e+03   4.55458318242780e+06
   0.00000   6.85046871036322e+03   5.62511614482251e+06
   0.00000   2.14000000000000e+04   8.23241859671094e+07
   4.00000   2.14000000000000e+04   4.79454709679367e+22
   6.00000   1.07759904496864e+01   4.62136801183403e+03
   7.00000   2.71699439452402e+02   0.00000000000000e+00
   8.00000   3.13717867548107e+00   3.73625857191627e-04
   9.00000   1.30288508426875e+01   1.16971093188848e+05
   9.00000   2.98753636011046e+02   1.58694408683986e+21
  10.00000   4.58603202413238e+00   5.34746979256091e-02
  10.00000   5.04268151908595e+00   0.00000000000000e+00
  10.00000   1.43261854722389e+01   0.00000000000000e+00
  10.00000   2.09424939270547e+01   4.90215402228326e+07
  10.00000   2.30278215533194e+01   1.02985898551330e+09
  10.00000   4.92094502094657e+01   2.67249662335310e+13
  10.00000   5.41094313842258e+01   4.43733556950111e+13
  10.00000   1.15629494670144e+02   6.53797124747814e+17
  10.00000   1.27143184514655e+02   7.08258063513867e+17
  10.00000   4.36727991548823e+02   7.03437654712059e+23
  10.00000   4.80214739073354e+02   2.78373723922739e+24
  10.00000   1.12838057275279e+03   1.35666813981759e+28
  10.00000   1.24073792567827e+03   2.16849697534954e+27
STATE 108 -1 33 Bh
   0.00000   1.33511642742779e+00   4.90155135510376e-02
   0.00000   1.46805929374031e+00   1.06996194253332e+00
   0.00000   3.44956006536214e+00   4.32312757175411e+01
   0.00000   2.53207935663515e+01   0.00000000000000e+00
   0.00000   2.78420859457011e+01   1.31540239158355e+04
   0.00000   8.69751639528929e+01   4.91407852871459e+04
   0.00000   9.56356278318181e+01   7.14756920159047e+04
   0.00000   3.97179268113081e+02   3.00544654018013e+06
   0.00000   4.36727991548823e+02   0.00000000000000e+00
   0.00000   1.12838057275279e+03   4.83369020122725e+06
   0.00000   1.24073792567827e+03   0.00000000000000e+00
   0.00000   2.65140282745761e+03   3.37194367278370e+06
   0.00000   2.91541357917191e+03   5.04108317610611e+06
   0.00000   6.23011165133767e+03   2.97751231396060e+06
   0.00000   6.85046871036322e+03   1.41692377161580e+07
   0.00000   2.14000000000000e+04   6.61721695958769e+07
   7.00000   2.85308556900282e+00   0.00000000000000e+00
   7.00000   2.71699439452402e+02   2.76973257404675e+17
   9.00000   1.30288508426875e+01   1.06464247342130e+05
   9.00000   2.98753636011046e+02   1.15836818998036e+21
  10.00000   4.58603202413238e+00   4.60695894241921e-02
  10.00000   5.04268151908595e+00   8.75258176837991e-03
  10.00000   1.43261854722389e+01   1.23473738288301e+05
  10.00000   2.09424939270547e+01   6.34379716850000e+07
  10.00000   2.30278215533194e+01   1.00472312859958e+09
  10.00000   4.92094502094657e+01   2.65955283930796e+13
  10.00000   5.41094313842258e+01   4.47355404624345e+13
  10.00000   1.15629494670144e+02   6.58709093000244e+17
  10.00000   1.27143184514655e+02   7.03428277676457e+17
  10.00000   3.28501726796739e+02   0.00000000000000e+00
  10.00000   4.80214739073354e+02   3.29507856311674e+24
  10.00000   1.12838057275279e+03   1.93584760289891e+28
  10.00000   1.24073792567827e+03   0.00000000000000e+00
# orbitals: 1s2
CORE 2 12 Bh
   0.00000   1.15629494670144e+02   0.00000000000000e+00
   0.00000   1.27143184514655e+02   7.30970085714237e+02
   0.00000   2.24719017822473e+02   1.74850198229614e+05
   0.00000   2.47095186470033e+02   5.82131362693592e+05
   0.00000   3.97179268113081e+02   7.11926035530528e+05
   0.00000   4.36727991548823e+02   7.47954538603551e+05
   0.00000   8.48754771404997e+02   2.41917427826708e+06
   0.00000   9.33268668312390e+02   0.00000000000000e+00
   0.00000   1.81375192467913e+03   4.87837867479581e+06
   0.00000   1.99435443596066e+03   0.00000000000000e+00
   0.00000   5.15284306082719e+03   0.00000000000000e+00
   0.00000   5.66593219080267e+03   2.03613565895638e+07
# orbitals: 1s2 2s2
CORE 4 17 Bh
   0.00000   7.90989646445947e+01   5.22744709040696e+03
   0.00000   8.69751639528929e+01   2.69312642327108e+04
   0.00000   3.28501726796739e+02   1.10477680332446e+06
   0.00000   3.61211953599285e+02   1.30939536134318e+06
   0.00000   8.48754771404997e+02   4.34787576916140e+05
   0.00000   9.33268668312390e+02   3.39936159305431e+06
   0.00000   2.19294025942362e+03   6.39056301442916e+06
   0.00000   4.68621768058142e+03   6.78840906771700e+06
   0.00000   6.23011165133767e+03   0.00000000000000e+00
   0.00000   6.85046871036322e+03   1.16283835669959e+07
   0.00000   2.14000000000000e+04   6.53632046130391e+07
   5.00000   1.53724114218563e+02   3.01658561171445e+12
   5.00000   1.69031037229719e+02   2.57724309492141e+12
  10.00000   3.28501726796739e+02   1.48000427221525e+22
  10.00000   3.61211953599285e+02   7.31287344945847e+21
  10.00000   9.33268668312390e+02   1.35212272872751e+27
  10.00000   1.02619795092495e+03   2.16572536939005e+27
# orbitals: 1s2 2s2 2p6
CORE 10 17 Bh
   0.00000   7.90989646445947e+01   8.64636458557016e+04
   0.00000   3.61211953599285e+02   1.44762622365179e+06
   0.00000   3.97179268113081e+02   1.35067260845302e+06
   0.00000   1.12838057275279e+03   4.92903779381278e+06
   0.00000   1.24073792567827e+03   0.00000000000000e+00
   0.00000   2.91541357917191e+03   8.15439999043709e+06
   0.00000   6.85046871036322e+03   1.64051862452189e+07
   0.00000   7.53259719536316e+03   0.00000000000000e+00
   0.00000   2.14000000000000e+04   6.12493425153042e+07
   3.00000   1.15629494670144e+02   1.22939987238372e+09
   3.00000   1.27143184514655e+02   8.70925407203428e+09
   4.00000   1.39803338366588e+02   0.00000000000000e+00
   9.00000   2.98753636011046e+02   7.34817219151616e+19
  10.00000   3.28501726796739e+02   9.48458459857710e+21
  10.00000   3.61211953599285e+02   2.52866806974132e+22
  10.00000   1.02619795092495e+03   8.68545562424879e+27
  10.00000   1.12838057275279e+03   7.17053417508554e+27
# orbitals: 1s2 2s2 2p6 3s2
CORE 12 20 Bh
   0.00000   3.70147773473331e+01   0.00000000000000e+00
   0.00000   4.07004863202608e+01   3.03323655518346e+03
   0.00000   7.19360093559069e+01   9.25662533852478e+04
   0.00000   3.97179268113081e+02   3.13217004400506e+06
   0.00000   1.12838057275279e+03   0.00000000000000e+00
   0.00000   1.24073792567827e+03   5.70596698241851e+06
   0.00000   3.20571293414894e+03   3.02838052930574e+05
   0.00000   3.52491855343857e+03   1.09490423215006e+07
   0.00000   7.53259719536316e+03   0.00000000000000e+00
   0.00000   8.28264793352869e+03   1.49572129363806e+07
   0.00000   2.14000000000000e+04   6.18833378487923e+07
   8.00000   2.47095186470033e+02   4.55230665295064e+18
   9.00000   7.90989646445947e+01   3.01356616868392e+13
  10.00000   1.05158448631839e+02   2.44006226909042e+16
  10.00000   1.15629494670144e+02   4.18606611027295e+16
  10.00000   2.71699439452402e+02   2.79358573150122e+21
  10.00000   3.97179268113081e+02   4.74535578605844e+23
  10.00000   4.36727991548823e+02   0.00000000000000e+00
  10.00000   1.12838057275279e+03   3.03163371234995e+28
  10.00000   1.24073792567827e+03   1.76542231825345e+28
# orbitals: 1s2 2s2 2p6 3s2 3p6
CORE 18 18 Bh
   0.00000   3.36628346720910e+01   2.18279770670078e+03
   0.00000   7.90989646445947e+01   1.19049199091295e+05
   0.00000   3.97179268113081e+02   2.60020091116643e+06
   0.00000   4.36727991548823e+02   5.51834274694721e+05
   0.00000   1.24073792567827e+03   5.52993625340904e+06
   0.00000   2.91541357917191e+03   0.00000000000000e+00
   0.00000   3.20571293414894e+03   8.94799941140275e+06
   0.00000   7.53259719536316e+03   1.79965157089213e+07
   0.00000   2.14000000000000e+04   5.74442972077597e+07
   7.00000   7.19360093559069e+01   2.65727474437445e+12
   7.00000   2.47095186470033e+02   1.87648337331161e+17
   8.00000   7.19360093559069e+01   3.11443815792597e+12
   9.00000   2.71699439452402e+02   2.78125410101271e+20
  10.00000   1.05158448631839e+02   2.21418651896676e+16
  10.00000   1.15629494670144e+02   2.71391813489709e+17
  10.00000   4.36727991548823e+02   1.23601535356481e+24
  10.00000   1.12838057275279e+03   2.62635060864317e+28
  10.00000   1.24073792567827e+03   1.28877812439313e+28
# orbitals: 1s2 2s2 2p6 3s2 3p6 3d10
CORE 28 21 Bh
   0.00000   3.36628346720910e+01   9.43316841012475e+03
   0.00000   3.70147773473331e+01   6.07872713049705e+03
   0.00000   8.69751639528929e+01   1.06296181299799e+05
   0.00000   3.97179268113081e+02   3.02713516430524e+06
   0.00000   4.36727991548823e+02   0.00000000000000e+00
   0.00000   1.12838057275279e+03   2.88081610028668e+06
   0.00000   1.24073792567827e+03   2.30375406915991e+06
   0.00000   2.91541357917191e+03   3.87225932541215e+06
   0.00000   3.20571293414894e+03   5.39213444430474e+06
   0.00000   6.85046871036322e+03   6.58584609161572e+06
   0.00000   7.53259719536316e+03   9.71156655770981e+06
   0.00000   2.14000000000000e+04   6.37703609814886e+07
   7.00000   7.19360093559069e+01   5.82161577693037e+12
   8.00000   2.71699439452402e+02   1.28807164943689e+19
  10.00000   7.90989646445947e+01   2.72083862471368e+13
  10.00000   1.15629494670144e+02   3.77411227856204e+17
  10.00000   1.27143184514655e+02   3.53270510800590e+17
  10.00000   2.98753636011046e+02   1.16851073775021e+22
  10.00000   4.36727991548823e+02   1.26582233527177e+24
  10.00000   1.12838057275279e+03   1.82720268472770e+28
  10.00000   1.24073792567827e+03   1.52020274078306e+28
# orbitals: 1s2 2s2 2p6 3s2 3p6 3d10 4s2
CORE 30 21 Bh
   0.00000   2.53207935663515e+01   7.21893492825264e+03
   0.00000   2.78420859457011e+01   2.89710954297294e+03
   0.00000   9.56356278318181e+01   1.33882241087678e+05
   0.00000   3.97179268113081e+02   2.04803893863009e+06
   0.00000   4.36727991548823e+02   1.15285312840825e+06
   0.00000   1.24073792567827e+03   5.58110982457961e+06
   0.00000   1.36428314824743e+03   0.00000000000000e+00
   0.00000   3.52491855343857e+03   1.18442413651361e+07
   0.00000   7.53259719536316e+03   0.00000000000000e+00
   0.00000   8.28264793352869e+03   1.36616536366224e+07
   0.00000   2.14000000000000e+04   6.59925791712323e+07
   7.00000   2.71699439452402e+02   0.00000000000000e+00
   9.00000   9.56356278318181e+01   4.97601889990105e+15
   9.00000   2.98753636011046e+02   5.41425792629871e+20
  10.00000   4.47531960319922e+01   1.18016697157854e+11
  10.00000   4.92094502094657e+01   1.09450724645526e+12
  10.00000   1.15629494670144e+02   1.75278638865271e+17
  10.00000   1.27143184514655e+02   4.78127806171657e+17
  10.00000   2.98753636011046e+02   2.90305384667138e+22
  10.00000   4.36727991548823e+02   2.07051368322924e+24
  10.00000   1.24073792567827e+03   7.34071042521614e+28
# orbitals: 1s2 2s2 2p6 3s2 3p6 3d10 4s2 4p6
CORE 36 26 Bh
   0.00000   1.90460070601642e+01   0.00000000000000e+00
   0.00000   2.78420859457011e+01   9.69475067586442e+03
   0.00000   8.69751639528929e+01   1.20480573643680e+05
   0.00000   9.56356278318181e+01   3.20241353585276e+03
   0.00000   3.97179268113081e+02   2.78727615969456e+06
   0.00000   4.36727991548823e+02   2.52607596898925e+05
   0.00000   1.12838057275279e+03   3.73196804214772e+06
   0.00000   1.24073792567827e+03   1.38017710369399e+06
   0.00000   3.20571293414894e+03   1.13736956323658e+07
   0.00000   3.52491855343857e+03   0.00000000000000e+00
   0.00000   6.85046871036322e+03   0.00000000000000e+00
   0.00000   7.53259719536316e+03   2.10023650514722e+06
   0.00000   2.14000000000000e+04   9.81316578279750e+07
   4.00000   2.14000000000000e+04   8.94226273917451e+22
   9.00000   3.36628346720910e+01   0.00000000000000e+00
   9.00000   1.05158448631839e+02   0.00000000000000e+00
   9.00000   2.98753636011046e+02   8.18183453992225e+20
  10.00000   3.70147773473331e+01   3.95550812513948e+10
  10.00000   4.47531960319922e+01   6.09151335925183e+11
  10.00000   4.92094502094657e+01   8.97863346641320e+12
  10.00000   1.05158448631839e+02   1.71670273268668e+17
  10.00000   1.27143184514655e+02   1.38123666766166e+18
  10.00000   2.98753636011046e+02   1.67990434473507e+22
  10.00000   4.36727991548823e+02   1.75729743187617e+24
  10.00000   4.80214739073354e+02   0.00000000000000e+00
  10.00000   1.24073792567827e+03   5.02949945389640e+28
# orbitals: 1s2 2s2 2p6 3s2 3p6 3d10 4s2 4p6 4d10
CORE 46 27 Bh
   0.00000   1.30288508426875e+01   3.04890579314147e+01
   0.00000   1.43261854722389e+01   0.00000000000000e+00
   0.00000   3.36628346720910e+01   1.70364004404778e+04
   0.00000   8.69751639528929e+01   0.00000000000000e+00
   0.00000   9.56356278318181e+01   1.23228688111189e+05
   0.00000   3.97179268113081e+02   2.95689762954045e+06
   0.00000   1.02619795092495e+03   1.23671333206966e+06
   0.00000   1.12838057275279e+03   3.34985409660581e+06
   0.00000   2.65140282745761e+03   7.75941864844508e+06
   0.00000   2.91541357917191e+03   0.00000000000000e+00
   0.00000   5.66593219080267e+03   1.06595132589052e+07
   0.00000   2.14000000000000e+04   8.32883818437487e+07
   3.00000   1.94620828114924e+04   3.58060755154415e+18
   4.00000   2.14000000000000e+04   2.68537485209614e+22
   8.00000   3.36628346720910e+01   9.09938039039782e+09
   9.00000   1.05158448631839e+02   3.22285174740830e+16
   9.00000   2.98753636011046e+02   8.52486426939833e+20
  10.00000   1.43261854722389e+01   2.50461795657691e+01
  10.00000   4.47531960319922e+01   0.00000000000000e+00
  10.00000   4.92094502094657e+01   1.85913295265309e+13
  10.00000   1.27143184514655e+02   0.00000000000000e+00
  10.00000   1.39803338366588e+02   1.04697338263170e+18
  10.00000   2.98753636011046e+02   1.71136532322280e+22
  10.00000   4.36727991548823e+02   1.74285406558637e+24
  10.00000   4.80214739073354e+02   4.59003811796528e+23
  10.00000   1.12838057275279e+03   9.52103310249736e+26
  10.00000   1.24073792567827e+03   3.39789680212044e+28
# orbitals: 1s2 2s2 2p6 3s2 3p6 3d10 4s2 4p6 4d10 4f14
CORE 60 26 Bh
   0.00000   1.43261854722389e+01   7.19275436713621e+02
   0.00000   1.57527008838375e+01   9.94317635040511e+02
   0.00000   3.36628346720910e+01   1.42965232686461e+04
   0.00000   8.69751639528929e+01   0.00000000000000e+00
   0.00000   9.56356278318181e+01   1.21594709420069e+05
   0.00000   3.97179268113081e+02   2.98600403368468e+06
   0.00000   1.12838057275279e+03   4.85591030646988e+06
   0.00000   2.65140282745761e+03   1.75050501331238e+06
   0.00000   2.91541357917191e+03   7.00667129645652e+06
   0.00000   6.23011165133767e+03   9.45410556847055e+06
   0.00000   6.85046871036322e+03   1.13214670543503e+06
   0.00000   2.14000000000000e+04   8.20369834936393e+07
   4.00000   2.14000000000000e+04   4.49620863224661e+22
   7.00000   2.71699439452402e+02   0.00000000000000e+00
   8.00000   3.36628346720910e+01   9.40120826121317e+09
   9.00000   3.36628346720910e+01   9.88499778945375e+09
   9.00000   2.98753636011046e+02   1.50658988394954e+21
  10.00000   4.47531960319922e+01   0.00000000000000e+00
  10.00000   4.92094502094657e+01   2.42465226135310e+13
  10.00000   1.15629494670144e+02   7.33961197111439e+17
  10.00000   1.27143184514655e+02   2.53217937399023e+17
  10.00000   3.28501726796739e+02   8.17285815557641e+21
  10.00000   4.36727991548823e+02   5.46029223508296e+23
  10.00000   4.80214739073354e+02   3.11677697141168e+24
  10.00000   1.12838057275279e+03   1.63825145873234e+28
  10.00000   1.24073792567827e+03   0.00000000000000e+00
# orbitals: 1s2 2s2 2p6 3s2 3p6 3d10 4s2 4p6 4d10 4f14 5s2
CORE 62 27 Bh
   0.00000   1.18489987868676e+01   4.68915156303318e+02
   0.00000   1.30288508426875e+01   9.46346995830550e+02
   0.00000   4.07004863202608e+01   2.02557160788123e+04
   0.00000   8.69751639528929e+01   0.00000000000000e+00
   0.00000   9.56356278318181e+01   1.14342663736126e+05
   0.00000   3.97179268113081e+02   2.99174226976746e+06
   0.00000   1.12838057275279e+03   4.90922957622421e+06
   0.00000   2.65140282745761e+03   0.00000000000000e+00
   0.00000   2.91541357917191e+03   9.17639504834126e+06
   0.00000   6.23011165133767e+03   8.80931967771922e+06
   0.00000   6.85046871036322e+03   0.00000000000000e+00
   0.00000   2.14000000000000e+04   8.42922198483278e+07
   3.00000   1.94620828114924e+04   3.30880039180017e+18
   4.00000   2.14000000000000e+04   3.40784767678716e+22
   5.00000   2.09424939270547e+01   1.94997524324186e+06
   9.00000   1.05158448631839e+02   8.36360506710117e+15
   9.00000   2.98753636011046e+02   1.17473703008673e+21
  10.00000   2.53207935663515e+01   4.58415105122061e+07
  10.00000   3.70147773473331e+01   1.20266476357150e+11
  10.00000   4.92094502094657e+01   2.44654335130989e+13
  10.00000   1.15629494670144e+02   6.00602878566762e+17
  10.00000   1.39803338366588e+02   1.27817325738351e+18
  10.00000   2.98753636011046e+02   8.22689600972688e+21
  10.00000   4.36727991548823e+02   1.24377326702098e+24
  10.00000   4.80214739073354e+02   1.38771421229459e+24
  10.00000   1.12838057275279e+03   9.26151988227608e+27
  10.00000   1.24073792567827e+03   1.40128778530133e+28
# orbitals: 1s2 2s2 2p6 3s2 3p6 3d10 4s2 4p6 4d10 4f14 5s2 5p6
CORE 68 28 Bh
   0.00000   8.91267937393779e+00   0.00000000000000e+00
   0.00000   9.80015039755364e+00   7.63667301011832e+02
   0.00000   3.70147773473331e+01   1.87682400767249e+04
   0.00000   8.69751639528929e+01   0.00000000000000e+00
   0.00000   9.56356278318181e+01   1.17779205718711e+05
   0.00000   3.97179268113081e+02   2.99030639978717e+06
   0.00000   1.02619795092495e+03   0.00000000000000e+00
   0.00000   1.12838057275279e+03   4.89896903498840e+06
   0.00000   2.65140282745761e+03   4.91576373922871e+05
   0.00000   2.91541357917191e+03   8.61445117087815e+06
   0.00000   6.23011165133767e+03   5.92744076644766e+06
   0.00000   6.85046871036322e+03   4.37010054834540e+06
   0.00000   2.14000000000000e+04   8.22661995422037e+07
   4.00000   2.14000000000000e+04   4.71252803774054e+22
   8.00000   1.90460070601642e+01   3.92344198417058e+06
   9.00000   2.09424939270547e+01   2.24311466116081e+07
   9.00000   2.98753636011046e+02   1.55299691789635e+21
  10.00000   2.53207935663515e+01   7.07122217973950e+08
  10.00000   4.92094502094657e+01   2.57565825627151e+13
  10.00000   5.41094313842258e+01   9.96876254324164e+12
  10.00000   1.15629494670144e+02   8.59914519606740e+17
  10.00000   1.27143184514655e+02   0.00000000000000e+00
  10.00000   1.39803338366588e+02   1.19814456637505e+18
  10.00000   3.28501726796739e+02   0.00000000000000e+00
  10.00000   4.36727991548823e+02   7.10198911258596e+23
  10.00000   4.80214739073354e+02   2.65803576237492e+24
  10.00000   1.12838057275279e+03   1.38295723685200e+28
  10.00000   1.24073792567827e+03   3.30000933036559e+27
# orbitals: 1s2 2s2 2p6 3s2 3p6 3d10 4s2 4p6 4d10 4f14 5s2 5p6 5d10
CORE 78 26 Bh
   0.00000   7.37155939340385e+00   1.95334478706324e+02
   0.00000   2.09424939270547e+01   1.14379475504031e+03
   0.00000   3.06144334606454e+01   1.12693580828126e+04
   0.00000   7.90989646445947e+01   5.14298502282930e+04
   0.00000   8.69751639528929e+01   6.31537280329976e+04
   0.00000   3.97179268113081e+02   1.36668654721004e+06
   0.00000   4.36727991548823e+02   2.07804195951547e+06
   0.00000   1.24073792567827e+03   0.00000000000000e+00
   0.00000   1.36428314824743e+03   6.25595690612423e+06
   0.00000   3.87590874903903e+03   1.19971644907667e+07
   0.00000   4.26184843795118e+03   3.85608903428009e+05
   0.00000   9.10738421444025e+03   1.45862387157758e+07
   0.00000   2.14000000000000e+04   6.05065837898313e+07
   7.00000   1.43261854722389e+01   0.00000000000000e+00
   7.00000   2.71699439452402e+02   5.86998997370087e+17
   8.00000   1.57527008838375e+01   1.52649857184688e+06
   8.00000   2.98753636011046e+02   0.00000000000000e+00
   9.00000   1.57527008838375e+01   7.01896654218071e+04
  10.00000   2.09424939270547e+01   0.00000000000000e+00
  10.00000   2.30278215533194e+01   8.38243909623257e+08
  10.00000   4.92094502094657e+01   2.93344370068795e+13
  10.00000   5.41094313842258e+01   2.30893494082550e+13
  10.00000   1.15629494670144e+02   6.76908193269335e+17
  10.00000   1.27143184514655e+02   8.23014786120073e+17
  10.00000   3.28501726796739e+02   2.37325927478922e+22
  10.00000   1.24073792567827e+03   1.47527570053419e+29
# orbitals: 1s2 2s2 2p6 3s2 3p6 3d10 4s2 4p6 4d10 4f14 5s2 5p6 5d10 6s2
CORE 80 25 Bh
   0.00000   5.54480142509293e+00   1.16691431835146e+02
   0.00000   6.09691941229028e+00   8.24764461477341e+00
   0.00000   2.30278215533194e+01   1.81574109797566e+03
   0.00000   3.06144334606454e+01   1.11626702896029e+04
   0.00000   7.90989646445947e+01   2.02450017365724e+04
   0.00000   8.69751639528929e+01   9.69718936547477e+04
   0.00000   3.97179268113081e+02   1.31812754334148e+06
   0.00000   4.36727991548823e+02   2.12794081012710e+06
   0.00000   1.24073792567827e+03   0.00000000000000e+00
   0.00000   1.36428314824743e+03   6.25190580248049e+06
   0.00000   3.87590874903903e+03   1.23272931279651e+07
   0.00000   4.26184843795118e+03   0.00000000000000e+00
   0.00000   9.10738421444025e+03   1.47408520894016e+07
   0.00000   2.14000000000000e+04   6.03857002008782e+07
   6.00000   1.18489987868676e+01   1.58003866400527e+04
   7.00000   2.71699439452402e+02   6.12382227084426e+17
   9.00000   2.98753636011046e+02   3.17037172109475e+20
  10.00000   1.43261854722389e+01   0.00000000000000e+00
  10.00000   2.09424939270547e+01   8.26851143955984e+06
  10.00000   2.30278215533194e+01   7.14151119722301e+08
  10.00000   4.92094502094657e+01   2.75890433205059e+13
  10.00000   5.41094313842258e+01   2.98739012203514e+13
  10.00000   1.15629494670144e+02   6.74165991151340e+17
  10.00000   1.27143184514655e+02   8.03456432094132e+17
  10.00000   1.24073792567827e+03   1.43702364525011e+29
# orbitals: 1s2 2s2 2p6 3s2 3p6 3d10 4s2 4p6 4d10 4f14 5s2 5p6 5d10 6s2 6p6
CORE 86 28 Bh
   0.00000   3.44956006536214e+00   1.91742254880534e+00
   0.00000   3.79304651582094e+00   3.07005990985626e+01
   0.00000   8.91267937393779e+00   5.98647687653057e+01
   0.00000   1.73212601230460e+01   1.33407602905089e+03
   0.00000   3.36628346720910e+01   1.35240299858547e+04
   0.00000   7.90989646445947e+01   2.30176319604911e+04
   0.00000   8.69751639528929e+01   9.11353763140674e+04
   0.00000   3.97179268113081e+02   1.33958148147790e+06
   0.00000   4.36727991548823e+02   2.10617944786195e+06
   0.00000   1.36428314824743e+03   6.25754940736468e+06
   0.00000   3.87590874903903e+03   1.21538066889835e+07
   0.00000   4.26184843795118e+03   1.96975450842005e+05
   0.00000   9.10738421444025e+03   1.47038058241481e+07
   0.00000   2.14000000000000e+04   6.03752504952256e+07
   7.00000   2.71699439452402e+02   6.09556791010695e+17
   8.00000   7.37155939340385e+00   8.12935577571747e+01
   8.00000   2.98753636011046e+02   0.00000000000000e+00
  10.00000   9.80015039755364e+00   0.00000000000000e+00
  10.00000   1.07759904496864e+01   9.18626377314207e+03
  10.00000   2.30278215533194e+01   6.06407020369600e+08
  10.00000   2.53207935663515e+01   1.37821218951359e+09
  10.00000   4.92094502094657e+01   2.81782059802738e+13
  10.00000   5.41094313842258e+01   2.88442938848806e+13
  10.00000   1.15629494670144e+02   6.89617039252137e+17
  10.00000   1.27143184514655e+02   8.51973781594778e+17
  10.00000   3.28501726796739e+02   2.20366100355465e+22
  10.00000   1.24073792567827e+03   1.44989863443380e+29
  10.00000   1.36428314824743e+03   0.00000000000000e+00
# orbitals: 1s2 2s2 2p6 3s2 3p6 3d10 4s2 4p6 4d10 4f14 5s2 5p6 5d10 5f14
CORE 92 30 Bh
   0.00000   4.17073528176730e+00   7.55135228967472e+00
   0.00000   4.58603202413238e+00   5.36339866473219e+01
   0.00000   2.53207935663515e+01   4.95497497513121e+03
   0.00000   2.78420859457011e+01   6.52386955693123e+03
   0.00000   7.90989646445947e+01   0.00000000000000e+00
   0.00000   8.69751639528929e+01   1.21802145934254e+05
   0.00000   3.97179268113081e+02   2.05872536842435e+06
   0.00000   4.36727991548823e+02   1.18538445286890e+06
   0.00000   1.24073792567827e+03   4.99683239581050e+06
   0.00000   1.36428314824743e+03   6.47411358475081e+05
   0.00000   3.52491855343857e+03   1.17116667745730e+07
   0.00000   3.87590874903903e+03   0.00000000000000e+00
   0.00000   7.53259719536316e+03   0.00000000000000e+00
   0.00000   8.28264793352869e+03   1.39497850056906e+07
   0.00000   2.14000000000000e+04   6.57766312993465e+07
   7.00000   2.71699439452402e+02   0.00000000000000e+00
   9.00000   1.43261854722389e+01   7.76373426417858e+05
   9.00000   2.98753636011046e+02   1.37415759208636e+21
  10.00000   5.04268151908595e+00   0.00000000000000e+00
  10.00000   5.54480142509293e+00   0.00000000000000e+00
  10.00000   1.43261854722389e+01   3.48758201731639e+04
  10.00000   2.09424939270547e+01   2.20495738077639e+08
  10.00000   2.30278215533194e+01   5.77827817771530e+08
  10.00000   4.92094502094657e+01   2.97853256852533e+13
  10.00000   5.41094313842258e+01   3.08095563920693e+13
  10.00000   1.15629494670144e+02   6.29620310237473e+17
  10.00000   1.27143184514655e+02   7.97171217651085e+17
  10.00000   4.36727991548823e+02   1.07415515543962e+24
  10.00000   4.80214739073354e+02   6.73146013745827e+23
  10.00000   1.24073792567827e+03   8.90990618680663e+28
# orbitals: 1s2 2s2 2p6 3s2 3p6 3d10 4s2 4p6 4d10 4f14 5s2 5p6 5d10 5f14 6s2
CORE 94 27 Bh
   0.00000   4.17073528176730e+00   8.70116521774970e+00
   0.00000   4.58603202413238e+00   5.20558074745388e+01
   0.00000   2.53207935663515e+01   4.04078154772178e+03
   0.00000   2.78420859457011e+01   7.74711952772219e+03
   0.00000   8.69751639528929e+01   1.14721216424380e+05
   0.00000   3.97179268113081e+02   3.02924837144340e+06
   0.00000   1.12838057275279e+03   4.72277549778686e+06
   0.00000   2.65140282745761e+03   7.24805228536110e+06
   0.00000   2.91541357917191e+03   3.21418727488704e+05
   0.00000   6.23011165133767e+03   1.52824096688536e+07
   0.00000   6.85046871036322e+03   0.00000000000000e+00
   0.00000   2.14000000000000e+04   7.29353480672896e+07
   4.00000   8.10557495550734e+00   1.17337645459926e+03
   4.00000   2.14000000000000e+04   1.74883934563252e+22
   6.00000   1.07759904496864e+01   0.00000000000000e+00
   7.00000   1.30288508426875e+01   2.08569549782693e+05
   7.00000   2.71699439452402e+02   3.03031590848514e+17
   9.00000   2.98753636011046e+02   1.01901584485537e+21
  10.00000   2.09424939270547e+01   7.32584887632577e+07
  10.00000   2.30278215533194e+01   7.56875131345599e+08
  10.00000   4.92094502094657e+01   2.85981745871139e+13
  10.00000   5.41094313842258e+01   3.47636596653122e+13
  10.00000   1.15629494670144e+02   6.27821953410943e+17
  10.00000   1.27143184514655e+02   7.98245975646968e+17
  10.00000   4.80214739073354e+02   2.80024811805073e+24
  10.00000   1.12838057275279e+03   2.24573299186756e+28
  10.00000   1.24073792567827e+03   1.69659833746201e+27
# orbitals: 1s2 2s2 2p6 3s2 3p6 3d10 4s2 4p6 4d10 4f14 5s2 5p6 5d10 5f14 6s2 6p6
CORE 100 28 Bh
   0.00000   3.79304651582094e+00   4.84809536700968e+01
   0.00000   2.53207935663515e+01   1.07192905489442e+03
   0.00000   2.78420859457011e+01   1.14147546296258e+04
   0.00000   8.69751639528929e+01   1.13535708282144e+05
   0.00000   3.97179268113081e+02   3.03470083599384e+06
   0.00000   4.36727991548823e+02   0.00000000000000e+00
   0.00000   1.12838057275279e+03   3.92363977866292e+06
   0.00000   1.24073792567827e+03   1.12117668376162e+06
   0.00000   2.91541357917191e+03   8.68754695157809e+06
   0.00000   3.20571293414894e+03   0.00000000000000e+00
   0.00000   6.85046871036322e+03   1.65957608507526e+07
   0.00000   2.14000000000000e+04   6.66263921265331e+07
   2.00000   5.54480142509293e+00   0.00000000000000e+00
   3.00000   6.09691941229028e+00   3.05716655166089e+02
   7.00000   2.71699439452402e+02   2.09476551805398e+17
   8.00000   1.30288508426875e+01   4.92655804632240e+04
   9.00000   2.98753636011046e+02   4.13798984505481e+20
  10.00000   1.43261854722389e+01   0.00000000000000e+00
  10.00000   2.09424939270547e+01   4.99120507679524e+07
  10.00000   2.30278215533194e+01   9.46609897141654e+08
  10.00000   4.92094502094657e+01   2.65195321903638e+13
  10.00000   5.41094313842258e+01   4.41298874657722e+13
  10.00000   1.15629494670144e+02   6.70812280561379e+17
  10.00000   1.27143184514655e+02   7.13433481605737e+17
  10.00000   3.28501726796739e+02   5.88967161485406e+22
  10.00000   4.80214739073354e+02   3.41549517856715e+24
  10.00000   1.12838057275279e+03   2.32623787411785e+28
  10.00000   1.24073792567827e+03   0.00000000000000e+00
# orbitals: 1s2 2s2 2p6 3s2 3p6 3d10 4s2 4p6 4d10 4f14 5s2 5p6 5d10 6s2 6p6 5f14 7s2
CORE 102 33 Bh
   0.00000   3.44956006536214e+00   3.75674846879365e+01
   0.00000   3.79304651582094e+00   7.61346742947735e+00
   0.00000   2.78420859457011e+01   1.33108830066074e+04
   0.00000   8.69751639528929e+01   2.37719982027372e+04
   0.00000   9.56356278318181e+01   1.01624120237523e+05
   0.00000   3.97179268113081e+02   2.98634196227271e+06
   0.00000   1.02619795092495e+03   4.58671288887806e+04
   0.00000   1.12838057275279e+03   4.86556848220092e+06
   0.00000   2.65140282745761e+03   6.94588222290678e+04
   0.00000   2.91541357917191e+03   9.16192783297850e+06
   0.00000   6.23011165133767e+03   4.66426582460159e+06
   0.00000   6.85046871036322e+03   5.52742650315220e+06
   0.00000   2.14000000000000e+04   8.23228587549773e+07
   4.00000   2.14000000000000e+04   4.78887199592109e+22
   6.00000   9.80015039755364e+00   6.11543989254313e+03
   6.00000   1.07759904496864e+01   1.01157468127805e+04
   7.00000   2.59471904729938e+00   1.96275509156636e-04
   7.00000   2.71699439452402e+02   0.00000000000000e+00
   8.00000   2.85308556900282e+00   2.26408444673256e-04
   8.00000   1.18489987868676e+01   0.00000000000000e+00
   9.00000   2.98753636011046e+02   1.61299096385777e+21
  10.00000   3.13717867548107e+00   8.38018304812074e-05
  10.00000   4.58603202413238e+00   8.32940240160755e-02
  10.00000   2.09424939270547e+01   2.21322469130615e+07
  10.00000   2.30278215533194e+01   1.03773698158888e+09
  10.00000   4.92094502094657e+01   2.69527463843624e+13
  10.00000   5.41094313842258e+01   4.32490295380197e+13
  10.00000   1.15629494670144e+02   6.52450642672837e+17
  10.00000   1.27143184514655e+02   6.96843079218950e+17
  10.00000   4.36727991548823e+02   6.57548646272721e+23
  10.00000   4.80214739073354e+02   2.98409573815590e+24
  10.00000   1.12838057275279e+03   1.41396240294140e+28
  10.00000   1.24073792567827e+03   0.00000000000000e+00
