# Free-atom, free-ion and frozen-core density fits -- Er (Z = 68)
#
#   rho(r) = sum_i c_i r^n_i exp(-alpha_i r)      r in bohr, rho in e/bohr^3
#
# All-electron B86BPBE densities (scalar-relativistic, spin-restricted),
# fitted with rhofit.py (monotone decay imposed).  Two kinds of block:
#
#   STATE <N> <q> <nterm> <symbol>
#     the atom or ion with N electrons (charge q), in order of increasing N;
#   CORE <N_core> <nterm> <symbol>
#     the frozen core of the neutral atom with N_core electrons, for a
#     pseudopotential with Z - N_core valence electrons, in order of
#     increasing N_core, each preceded by a '# orbitals:' comment.
#
# Each block header is followed by nterm lines:   n   alpha   c
#
# Generated 2026-09-23 by combine_fits.py from
#   /home/alberto/doc/manuals/critic2/atomic_density_fits/15_rhofit/rho_b86bpbe_mono/fit_068_Er.dat
#     recipe: --npow 0,1,2,3,4,5,6,7,8,9,10 --amin 0.2 --ratio 1.1 --mom 3 --cusp none --targetz 1e-3 --besteffort --monotone --stats
#   /home/alberto/doc/manuals/critic2/atomic_density_fits/15_rhofit/core_b86bpbe_mono/core_068_Er.dat
#     recipe: --npow 0,1,2,3,4,5,6,7,8,9,10 --amin 0.2 --ratio 1.1 --mom 3 --cusp none --besteffort --monotone --stats --target 1e-3*N_core
#
STATE 65 +3 28 Er
   0.00000   3.15377967590129e+00   0.00000000000000e+00
   0.00000   3.46844526276759e+00   3.21389363957456e+01
   0.00000   5.58023283168053e+00   0.00000000000000e+00
   0.00000   1.92131137831069e+01   2.17304538245816e+03
   0.00000   2.11300852729946e+01   1.01979213123933e+03
   0.00000   4.97316312206403e+01   1.58124000108273e+04
   0.00000   1.71229322876464e+02   6.43404552864364e+04
   0.00000   1.88313577614787e+02   2.88705515243505e+05
   0.00000   7.84213038965367e+02   2.20290023228689e+05
   0.00000   8.62457203584673e+02   0.00000000000000e+00
   0.00000   2.96949766888887e+03   2.46135341593779e+05
   0.00000   1.02241785086681e+04   0.00000000000000e+00
   0.00000   1.12442869059792e+04   4.02421507030716e+05
   7.00000   5.36068241656534e+02   2.51914424503603e+18
   9.00000   1.92131137831069e+01   2.04412467192954e+07
   9.00000   1.55694992278827e+02   1.69803888879348e+17
   9.00000   5.89553977882870e+02   3.57854724432730e+22
  10.00000   6.74930897311948e+00   5.93876401275866e+00
  10.00000   8.97779728284322e+00   5.47146925948992e+02
  10.00000   9.87354909212749e+00   2.24171220457955e+03
  10.00000   2.55569038851114e+01   2.99946469413614e+09
  10.00000   2.81068214398931e+01   2.68862101711271e+09
  10.00000   6.01505627040747e+01   1.55730761425049e+14
  10.00000   7.27522927523679e+01   6.28099050215498e+14
  10.00000   1.71229322876464e+02   2.13181549750131e+19
  10.00000   2.27765858073155e+02   1.89608034094395e+20
  10.00000   2.50490995769470e+02   8.79321723977738e+20
  10.00000   2.70009779203066e+03   6.16986044550924e+31
STATE 66 +2 30 Er
   0.00000   2.86766129795906e+00   1.04891477659174e+01
   0.00000   3.15377967590129e+00   1.15757327273376e+01
   0.00000   6.13699564306162e+00   0.00000000000000e+00
   0.00000   1.92131137831069e+01   2.89164079599880e+03
   0.00000   4.97316312206403e+01   1.71417084259852e+04
   0.00000   1.71229322876464e+02   6.54854977662742e+03
   0.00000   1.88313577614787e+02   3.51522717163426e+05
   0.00000   7.84213038965367e+02   1.73416192777724e+05
   0.00000   8.62457203584673e+02   3.93514739472596e+04
   0.00000   2.96949766888887e+03   2.52662856239383e+05
   0.00000   3.26577668096412e+03   0.00000000000000e+00
   0.00000   1.12442869059792e+04   0.00000000000000e+00
   0.00000   1.23661757193288e+04   4.65858904435721e+05
   7.00000   5.36068241656534e+02   9.93241184626547e+18
   9.00000   1.92131137831069e+01   2.66106434374468e+07
   9.00000   5.46935608834627e+01   3.97340809892846e+12
   9.00000   1.55694992278827e+02   6.18716715396930e+17
   9.00000   5.89553977882870e+02   1.56306321060722e+22
  10.00000   1.78242136916940e+00   4.50459509141877e-11
  10.00000   1.96026088993822e+00   0.00000000000000e+00
  10.00000   8.97779728284322e+00   4.97362312971120e+02
  10.00000   9.87354909212749e+00   6.16456574779029e+02
  10.00000   2.55569038851114e+01   2.62655306459327e+09
  10.00000   2.81068214398931e+01   4.05901639508002e+09
  10.00000   6.01505627040747e+01   9.80882455913093e+13
  10.00000   7.27522927523679e+01   6.70045714662778e+14
  10.00000   1.71229322876464e+02   2.60671957195215e+18
  10.00000   2.27765858073155e+02   2.71969029271100e+20
  10.00000   2.50490995769470e+02   5.28169000075336e+20
  10.00000   2.70009779203066e+03   3.40314026619919e+31
STATE 67 +1 31 Er
   0.00000   1.21841826364209e+00   0.00000000000000e+00
   0.00000   1.33998487176858e+00   2.04433422106093e-01
   0.00000   3.15377967590129e+00   2.35670258926123e+01
   0.00000   5.07398086406832e+00   0.00000000000000e+00
   0.00000   1.92131137831069e+01   0.00000000000000e+00
   0.00000   2.11300852729946e+01   3.47448588892070e+03
   0.00000   4.97316312206403e+01   1.62802720413159e+04
   0.00000   1.88313577614787e+02   3.59752119506792e+05
   0.00000   7.84213038965367e+02   9.68558971753379e+04
   0.00000   8.62457203584673e+02   1.26552329092243e+05
   0.00000   2.96949766888887e+03   0.00000000000000e+00
   0.00000   3.26577668096412e+03   2.60417373522377e+05
   0.00000   1.23661757193288e+04   4.23872868315050e+05
   0.00000   1.36000000000000e+04   0.00000000000000e+00
   7.00000   5.36068241656534e+02   1.04280947273839e+19
   9.00000   1.92131137831069e+01   2.76539781274247e+07
   9.00000   5.46935608834627e+01   9.41133625361575e+12
   9.00000   1.55694992278827e+02   6.62266156700315e+17
   9.00000   5.89553977882870e+02   2.15359506418896e+22
  10.00000   3.15377967590129e+00   1.25438367354885e-04
  10.00000   3.46844526276759e+00   1.00643662237625e-04
  10.00000   8.97779728284322e+00   3.57504745745534e+02
  10.00000   9.87354909212749e+00   1.51109897474755e+03
  10.00000   2.55569038851114e+01   2.34468821270235e+09
  10.00000   2.81068214398931e+01   4.89873538783484e+09
  10.00000   6.01505627040747e+01   2.93258864976136e+13
  10.00000   7.27522927523679e+01   7.30685836728323e+14
  10.00000   1.71229322876464e+02   0.00000000000000e+00
  10.00000   2.27765858073155e+02   2.80728252662591e+20
  10.00000   2.50490995769470e+02   4.50824764086833e+20
  10.00000   2.70009779203066e+03   4.18966414579738e+31
STATE 68 +0 33 Er
   0.00000   1.00737092116740e+00   2.43015576763979e-02
   0.00000   1.10788046675277e+00   1.10965506652808e-01
   0.00000   3.15377967590129e+00   2.35483026132115e+01
   0.00000   5.07398086406832e+00   0.00000000000000e+00
   0.00000   1.92131137831069e+01   0.00000000000000e+00
   0.00000   2.11300852729946e+01   3.47923675427309e+03
   0.00000   4.97316312206403e+01   1.60540579005917e+04
   0.00000   1.71229322876464e+02   2.19653482609500e+04
   0.00000   1.88313577614787e+02   3.34888742108846e+05
   0.00000   7.84213038965367e+02   2.12346950374244e+05
   0.00000   2.70009779203066e+03   0.00000000000000e+00
   0.00000   2.96949766888887e+03   2.50760729674238e+05
   0.00000   9.29661676646877e+03   0.00000000000000e+00
   0.00000   1.02241785086681e+04   3.45487253374193e+05
   7.00000   5.36068241656534e+02   9.44347293835063e+18
   8.00000   2.15584419211268e+00   1.82294381902647e-05
   9.00000   1.92131137831069e+01   2.61982399698003e+07
   9.00000   5.46935608834627e+01   9.45172610183424e+12
   9.00000   1.55694992278827e+02   6.68539665537884e+17
   9.00000   5.89553977882870e+02   1.22568108410164e+22
  10.00000   3.15377967590129e+00   2.74310510243554e-04
  10.00000   8.97779728284322e+00   2.69150398666532e+02
  10.00000   9.87354909212749e+00   1.86151861478453e+03
  10.00000   1.92131137831069e+01   1.97590947383155e+06
  10.00000   2.55569038851114e+01   2.37895184658418e+09
  10.00000   2.81068214398931e+01   4.88692474422600e+09
  10.00000   6.01505627040747e+01   2.87121135924400e+13
  10.00000   7.27522927523679e+01   7.30712549826804e+14
  10.00000   1.71229322876464e+02   0.00000000000000e+00
  10.00000   2.27765858073155e+02   2.73543156607180e+20
  10.00000   2.50490995769470e+02   5.02332969886066e+20
  10.00000   2.45513851144286e+03   1.01177194840386e+31
  10.00000   2.70009779203066e+03   5.06342396280074e+30
STATE 69 -1 33 Er
   0.00000   1.10788046675277e+00   1.18760222468609e-02
   0.00000   2.86766129795906e+00   1.59954425116536e+01
   0.00000   3.15377967590129e+00   3.43201365933842e+00
   0.00000   1.92131137831069e+01   0.00000000000000e+00
   0.00000   2.11300852729946e+01   3.48011447204081e+03
   0.00000   4.97316312206403e+01   1.62831130963850e+04
   0.00000   1.88313577614787e+02   3.59834138813465e+05
   0.00000   7.84213038965367e+02   8.51361066888310e+04
   0.00000   8.62457203584673e+02   1.40082843992932e+05
   0.00000   2.96949766888887e+03   0.00000000000000e+00
   0.00000   3.26577668096412e+03   2.50000459432118e+05
   0.00000   1.12442869059792e+04   3.96638267793214e+05
   0.00000   1.23661757193288e+04   0.00000000000000e+00
   7.00000   5.36068241656534e+02   1.02039164536036e+19
   9.00000   1.92131137831069e+01   3.07634077932275e+07
   9.00000   5.46935608834627e+01   1.08755491183678e+13
   9.00000   1.55694992278827e+02   6.65627654327601e+17
  10.00000   1.33998487176858e+00   4.35681594007981e-09
  10.00000   1.47368068105066e+00   4.88830895856832e-09
  10.00000   2.37094164584003e+00   1.23557373436228e-06
  10.00000   2.60750025838825e+00   4.68662168508171e-05
  10.00000   3.81450633116182e+00   5.39789448660233e-03
  10.00000   8.97779728284322e+00   0.00000000000000e+00
  10.00000   9.87354909212749e+00   2.14514499347722e+03
  10.00000   2.55569038851114e+01   2.11024833752396e+09
  10.00000   2.81068214398931e+01   5.77615014799651e+09
  10.00000   6.01505627040747e+01   9.87406043262685e+12
  10.00000   7.27522927523679e+01   7.32491973616650e+14
  10.00000   2.27765858073155e+02   2.74931765823501e+20
  10.00000   2.50490995769470e+02   4.64267378894278e+20
  10.00000   6.48376206289444e+02   3.65886689889296e+24
  10.00000   2.45513851144286e+03   0.00000000000000e+00
  10.00000   2.70009779203066e+03   4.34564401999983e+31
# orbitals: 1s2
CORE 2 7 Er
   0.00000   1.28726409044658e+02   4.18350779596155e+04
   0.00000   1.41569973024964e+02   1.24457781949744e+05
   0.00000   1.88313577614787e+02   8.57061806515416e+04
   0.00000   3.02969638799707e+02   7.79980595913579e+04
   0.00000   3.33198167420158e+02   0.00000000000000e+00
   0.00000   6.48376206289444e+02   0.00000000000000e+00
   0.00000   7.13067370679012e+02   1.67459712683023e+05
# orbitals: 1s2 2s2
CORE 4 17 Er
   0.00000   4.11174065990611e+01   5.70241790740573e+02
   0.00000   4.52198595943600e+01   1.60272637659998e+03
   0.00000   1.55694992278827e+02   6.93336475604569e+04
   0.00000   1.71229322876464e+02   2.64778493334335e+05
   0.00000   6.48376206289444e+02   2.05926407283770e+05
   0.00000   2.45513851144286e+03   2.24189028304848e+05
   0.00000   8.45320562716258e+03   3.50235896940403e+05
   0.00000   9.29661676646877e+03   0.00000000000000e+00
   4.00000   7.27522927523679e+01   6.61586568936135e+08
   5.00000   8.79941244567558e+01   4.13323354277242e+10
   8.00000   4.87434858373258e+02   1.03452097931191e+20
   9.00000   5.36068241656534e+02   0.00000000000000e+00
  10.00000   1.71229322876464e+02   2.27005033359938e+18
  10.00000   1.88313577614787e+02   6.82114092228812e+18
  10.00000   5.36068241656534e+02   9.63857219711182e+23
  10.00000   2.02987366298398e+03   8.90846146800111e+29
  10.00000   2.23240251822013e+03   3.60791482168210e+30
# orbitals: 1s2 2s2 2p6
CORE 10 16 Er
   0.00000   4.52198595943600e+01   1.63926003610573e+04
   0.00000   1.71229322876464e+02   2.96799015830612e+04
   0.00000   1.88313577614787e+02   3.23796305042210e+05
   0.00000   8.62457203584673e+02   2.24649235652635e+05
   0.00000   3.59161667027668e+03   2.78298053956771e+05
   0.00000   3.94996705727016e+03   0.00000000000000e+00
   0.00000   1.23661757193288e+04   2.62005275413286e+05
   3.00000   6.61520320705759e+01   0.00000000000000e+00
   4.00000   8.00110886250537e+01   8.31415889667914e+09
   6.00000   4.87434858373258e+02   1.07713548991419e+17
   9.00000   9.67736606509125e+01   0.00000000000000e+00
   9.00000   1.71229322876464e+02   3.94606383111646e+17
  10.00000   9.67736606509125e+01   9.69374543969368e+14
  10.00000   2.07102398808555e+02   2.61225857573496e+19
  10.00000   5.89553977882870e+02   4.50818509222995e+24
  10.00000   2.96949766888887e+03   1.48527935728621e+32
# orbitals: 1s2 2s2 2p6 3s2
CORE 12 20 Er
   0.00000   3.73871378769911e+01   5.63397624168168e+03
   0.00000   4.11174065990611e+01   9.73231880233042e+03
   0.00000   1.88313577614787e+02   3.67885926488124e+05
   0.00000   9.48508110750684e+02   2.53359478547621e+05
   0.00000   4.34407153821277e+03   2.57097476741809e+05
   0.00000   4.77749744630836e+03   8.09262751879178e+04
   6.00000   4.87434858373258e+02   8.37863106101607e+16
   7.00000   1.28726409044658e+02   8.32867483847220e+13
   7.00000   5.36068241656534e+02   0.00000000000000e+00
   8.00000   3.73871378769911e+01   0.00000000000000e+00
   8.00000   1.28726409044658e+02   5.81679639383526e+15
   9.00000   4.11174065990611e+01   1.79558324604851e+10
   9.00000   5.89553977882870e+02   9.16429192136223e+22
  10.00000   4.11174065990611e+01   0.00000000000000e+00
  10.00000   5.46935608834627e+01   3.38349326184131e+12
  10.00000   6.01505627040747e+01   1.98344668924093e+13
  10.00000   2.07102398808555e+02   8.07974736975221e+19
  10.00000   2.27765858073155e+02   1.50947890558567e+20
  10.00000   3.26577668096412e+03   7.47702175393436e+32
  10.00000   3.59161667027668e+03   0.00000000000000e+00
# orbitals: 1s2 2s2 2p6 3s2 3p6
CORE 18 19 Er
   0.00000   1.74700544968645e+01   1.70710605256312e+02
   0.00000   1.92131137831069e+01   2.50470050230262e+02
   0.00000   4.52198595943600e+01   1.99818937135322e+04
   0.00000   1.88313577614787e+02   3.00693618755716e+05
   0.00000   2.07102398808555e+02   6.58035896657585e+04
   0.00000   1.04314467131876e+03   2.76897490177412e+05
   0.00000   4.77749744630836e+03   2.98459246499997e+05
   6.00000   5.36068241656534e+02   0.00000000000000e+00
   7.00000   3.73871378769911e+01   0.00000000000000e+00
   8.00000   4.11174065990611e+01   3.81230633798939e+10
   8.00000   1.41569973024964e+02   1.22588017628638e+16
   9.00000   6.48376206289444e+02   3.27042298614687e+23
  10.00000   6.01505627040747e+01   5.89096390115830e+13
  10.00000   6.61520320705759e+01   8.90006830951684e+13
  10.00000   1.55694992278827e+02   4.28808766751236e+18
  10.00000   2.27765858073155e+02   4.70650224069187e+20
  10.00000   6.48376206289444e+02   1.92589498493828e+24
  10.00000   3.59161667027668e+03   3.44373215081140e+33
  10.00000   3.94996705727016e+03   0.00000000000000e+00
# orbitals: 1s2 2s2 2p6 3s2 3p6 3d10
CORE 28 20 Er
   0.00000   1.74700544968645e+01   1.56469413441693e+02
   0.00000   1.92131137831069e+01   2.39088256714591e+03
   0.00000   4.52198595943600e+01   1.50157406378810e+04
   0.00000   1.88313577614787e+02   3.64643934214740e+05
   0.00000   2.07102398808555e+02   0.00000000000000e+00
   0.00000   8.62457203584673e+02   0.00000000000000e+00
   0.00000   9.48508110750684e+02   2.58163107266122e+05
   0.00000   4.34407153821277e+03   0.00000000000000e+00
   0.00000   4.77749744630836e+03   3.60212635593681e+05
   7.00000   3.73871378769911e+01   2.87330904475335e+09
   7.00000   4.11174065990611e+01   1.36412541406683e+10
   7.00000   1.41569973024964e+02   7.03875677404021e+14
   8.00000   4.11174065990611e+01   0.00000000000000e+00
   9.00000   1.55694992278827e+02   3.32086034686429e+17
   9.00000   6.48376206289444e+02   1.22784553298814e+23
  10.00000   6.01505627040747e+01   2.44527919326812e+13
  10.00000   6.61520320705759e+01   2.49306741944926e+14
  10.00000   2.50490995769470e+02   4.91041717420753e+20
  10.00000   6.48376206289444e+02   1.77357968785033e+25
  10.00000   3.26577668096412e+03   6.04792257064979e+32
# orbitals: 1s2 2s2 2p6 3s2 3p6 3d10 4s2
CORE 30 25 Er
   0.00000   1.44439930166057e+01   4.99886139622467e+02
   0.00000   1.58851296863586e+01   1.35297641181993e+03
   0.00000   4.97316312206403e+01   1.85742733059647e+04
   0.00000   1.88313577614787e+02   3.59019298586675e+05
   0.00000   7.84213038965367e+02   9.84866090649650e+03
   0.00000   8.62457203584673e+02   2.26232282428529e+05
   0.00000   3.26577668096412e+03   0.00000000000000e+00
   0.00000   3.59161667027668e+03   2.62862976286754e+05
   0.00000   1.12442869059792e+04   3.35627762373652e+05
   0.00000   1.23661757193288e+04   0.00000000000000e+00
   9.00000   4.97316312206403e+01   1.59048689752291e+12
   9.00000   1.55694992278827e+02   5.67808299050433e+17
   9.00000   6.48376206289444e+02   2.37047428605127e+23
  10.00000   1.44439930166057e+01   0.00000000000000e+00
  10.00000   1.58851296863586e+01   2.92067644193931e+04
  10.00000   2.32383209033298e+01   7.46662965413562e+07
  10.00000   2.55569038851114e+01   2.34843145156263e+08
  10.00000   5.46935608834627e+01   4.97998749610519e+12
  10.00000   6.61520320705759e+01   3.02548245762512e+14
  10.00000   1.55694992278827e+02   2.19060174352539e+18
  10.00000   2.27765858073155e+02   3.77784356560309e+20
  10.00000   2.50490995769470e+02   3.28464685252783e+20
  10.00000   6.48376206289444e+02   5.05939283034306e+23
  10.00000   2.70009779203066e+03   3.15692161671265e+31
  10.00000   2.96949766888887e+03   8.45203442573559e+31
# orbitals: 1s2 2s2 2p6 3s2 3p6 3d10 4s2 4p6
CORE 36 25 Er
   0.00000   8.16331020383470e+00   3.31857401505225e+01
   0.00000   1.58851296863586e+01   5.15724835158900e+02
   0.00000   1.74700544968645e+01   1.49037612119813e+03
   0.00000   4.97316312206403e+01   1.87390847456855e+04
   0.00000   1.88313577614787e+02   3.58208769761278e+05
   0.00000   7.84213038965367e+02   0.00000000000000e+00
   0.00000   8.62457203584673e+02   2.38702973779239e+05
   0.00000   3.26577668096412e+03   0.00000000000000e+00
   0.00000   3.59161667027668e+03   2.54630610697521e+05
   0.00000   1.23661757193288e+04   4.40318835381630e+05
   8.00000   1.74700544968645e+01   0.00000000000000e+00
   8.00000   5.89553977882870e+02   1.11114615187728e+21
   9.00000   1.74700544968645e+01   4.93592407360568e+05
   9.00000   5.46935608834627e+01   9.99253343300947e+12
   9.00000   1.55694992278827e+02   7.57967390289916e+17
   9.00000   6.48376206289444e+02   0.00000000000000e+00
  10.00000   1.92131137831069e+01   1.06939536547214e+07
  10.00000   2.55569038851114e+01   1.87626974568366e+09
  10.00000   6.61520320705759e+01   7.21373900786251e+13
  10.00000   7.27522927523679e+01   3.41725238788606e+14
  10.00000   2.27765858073155e+02   2.23166533354772e+20
  10.00000   2.50490995769470e+02   7.17091007160359e+20
  10.00000   6.48376206289444e+02   4.12053161556694e+24
  10.00000   2.70009779203066e+03   3.71885873930410e+31
  10.00000   2.96949766888887e+03   9.10924931051661e+31
# orbitals: 1s2 2s2 2p6 3s2 3p6 3d10 4s2 4p6 4d10
CORE 46 27 Er
   0.00000   6.74930897311948e+00   2.83374584413507e+01
   0.00000   2.11300852729946e+01   3.51627467154155e+03
   0.00000   4.97316312206403e+01   1.58252478692277e+04
   0.00000   1.71229322876464e+02   2.52828502201530e+04
   0.00000   1.88313577614787e+02   3.31701124929173e+05
   0.00000   7.84213038965367e+02   1.50187251070870e+05
   0.00000   8.62457203584673e+02   7.12363146447200e+04
   0.00000   3.26577668096412e+03   2.80581884094351e+05
   0.00000   3.59161667027668e+03   0.00000000000000e+00
   0.00000   1.36000000000000e+04   3.88131352274474e+05
   5.00000   1.08586737485097e+01   4.78309966988182e+03
   6.00000   1.31335996861841e+01   0.00000000000000e+00
   7.00000   5.36068241656534e+02   7.75180492677808e+18
   9.00000   1.74700544968645e+01   0.00000000000000e+00
   9.00000   5.46935608834627e+01   1.11193396339185e+13
   9.00000   1.55694992278827e+02   6.68673549726026e+17
   9.00000   5.89553977882870e+02   2.53919304986703e+22
   9.00000   2.70009779203066e+03   0.00000000000000e+00
  10.00000   1.92131137831069e+01   3.77617929688580e+07
  10.00000   2.55569038851114e+01   2.99187673272651e+09
  10.00000   2.81068214398931e+01   1.72401918688481e+09
  10.00000   6.01505627040747e+01   5.14356314544655e+12
  10.00000   7.27522927523679e+01   6.93109271983863e+14
  10.00000   1.71229322876464e+02   0.00000000000000e+00
  10.00000   2.27765858073155e+02   2.57632004129966e+20
  10.00000   2.50490995769470e+02   5.31337148193675e+20
  10.00000   2.70009779203066e+03   4.65828567051595e+31
# orbitals: 1s2 2s2 2p6 3s2 3p6 3d10 4s2 4p6 4d10 5s2
CORE 48 28 Er
   0.00000   3.81450633116182e+00   7.49140210511070e+00
   0.00000   4.19509533757591e+00   8.15157750600147e+00
   0.00000   5.07398086406832e+00   0.00000000000000e+00
   0.00000   2.11300852729946e+01   3.55604031202732e+03
   0.00000   4.97316312206403e+01   1.59330646005218e+04
   0.00000   1.71229322876464e+02   1.22128603959325e+04
   0.00000   1.88313577614787e+02   3.46458118329197e+05
   0.00000   7.84213038965367e+02   1.29355370390274e+05
   0.00000   8.62457203584673e+02   9.19952105810668e+04
   0.00000   3.26577668096412e+03   2.76072188955069e+05
   0.00000   1.23661757193288e+04   0.00000000000000e+00
   0.00000   1.36000000000000e+04   4.18492851757973e+05
   7.00000   5.36068241656534e+02   9.49257218091784e+18
   9.00000   1.92131137831069e+01   0.00000000000000e+00
   9.00000   5.46935608834627e+01   9.34004416146289e+12
   9.00000   1.55694992278827e+02   6.59695964482414e+17
   9.00000   5.89553977882870e+02   2.10694878408683e+22
  10.00000   8.97779728284322e+00   0.00000000000000e+00
  10.00000   9.87354909212749e+00   6.17004685564533e+02
  10.00000   1.92131137831069e+01   3.10220308124759e+07
  10.00000   2.55569038851114e+01   3.00633930449352e+09
  10.00000   2.81068214398931e+01   1.73159107883067e+09
  10.00000   6.01505627040747e+01   3.08972020596803e+13
  10.00000   7.27522927523679e+01   7.09313503864947e+14
  10.00000   1.71229322876464e+02   0.00000000000000e+00
  10.00000   2.27765858073155e+02   2.78178984907866e+20
  10.00000   2.50490995769470e+02   4.59601966175692e+20
  10.00000   2.70009779203066e+03   4.26319224833609e+31
# orbitals: 1s2 2s2 2p6 3s2 3p6 3d10 4s2 4p6 4d10 5s2 5p6
CORE 54 30 Er
   0.00000   2.86766129795906e+00   6.03340183273397e+00
   0.00000   3.15377967590129e+00   3.10262924220200e+00
   0.00000   1.92131137831069e+01   0.00000000000000e+00
   0.00000   2.11300852729946e+01   3.60648602038939e+03
   0.00000   4.97316312206403e+01   1.58490598342340e+04
   0.00000   1.71229322876464e+02   1.92272457059776e+04
   0.00000   1.88313577614787e+02   3.38370415488512e+05
   0.00000   7.84213038965367e+02   2.07997870589481e+05
   0.00000   8.62457203584673e+02   0.00000000000000e+00
   0.00000   2.70009779203066e+03   1.99978981314189e+05
   0.00000   2.96949766888887e+03   2.54274560247315e+04
   0.00000   1.02241785086681e+04   4.37843136019503e+05
   0.00000   1.12442869059792e+04   0.00000000000000e+00
   7.00000   5.36068241656534e+02   9.17835010104594e+18
   9.00000   6.13699564306162e+00   0.00000000000000e+00
   9.00000   1.92131137831069e+01   1.87768521593817e+07
   9.00000   5.46935608834627e+01   8.34402581742515e+12
   9.00000   1.55694992278827e+02   5.67852215901939e+17
   9.00000   5.89553977882870e+02   1.84641471952125e+22
  10.00000   6.74930897311948e+00   7.44773301974910e+00
  10.00000   8.97779728284322e+00   4.06283699973880e+02
  10.00000   9.87354909212749e+00   2.77369466678434e+03
  10.00000   2.55569038851114e+01   2.60540397317879e+09
  10.00000   2.81068214398931e+01   3.00967542165598e+09
  10.00000   6.01505627040747e+01   4.69291031460996e+13
  10.00000   7.27522927523679e+01   7.27490845987258e+14
  10.00000   1.71229322876464e+02   3.67122314915255e+18
  10.00000   2.27765858073155e+02   2.71201324678413e+20
  10.00000   2.50490995769470e+02   5.04481306392680e+20
  10.00000   2.70009779203066e+03   3.36319595427991e+31
# orbitals: 1s2 2s2 2p6 3s2 3p6 3d10 4s2 4p6 4d10 5s2 5p6 6s2
CORE 56 32 Er
   0.00000   1.00737092116740e+00   2.70466555201045e-02
   0.00000   1.10788046675277e+00   0.00000000000000e+00
   0.00000   2.60750025838825e+00   6.82532186131471e+00
   0.00000   2.86766129795906e+00   0.00000000000000e+00
   0.00000   1.92131137831069e+01   0.00000000000000e+00
   0.00000   2.11300852729946e+01   3.58931947141238e+03
   0.00000   4.97316312206403e+01   1.59788505937685e+04
   0.00000   1.71229322876464e+02   1.20669563022751e+04
   0.00000   1.88313577614787e+02   3.46311687439132e+05
   0.00000   7.84213038965367e+02   1.75649209597537e+05
   0.00000   8.62457203584673e+02   3.72205047246515e+04
   0.00000   2.96949766888887e+03   2.52975464377017e+05
   0.00000   3.26577668096412e+03   0.00000000000000e+00
   0.00000   1.23661757193288e+04   4.64622802616652e+05
   7.00000   5.36068241656534e+02   9.84832022692435e+18
   9.00000   1.92131137831069e+01   1.99221235859245e+07
   9.00000   5.46935608834627e+01   9.26931839003066e+12
   9.00000   1.55694992278827e+02   6.25353687317444e+17
   9.00000   5.89553977882870e+02   1.77138125972513e+22
  10.00000   2.37094164584003e+00   4.28819560700377e-06
  10.00000   3.15377967590129e+00   1.71350303536233e-04
  10.00000   3.46844526276759e+00   1.25043575636229e-03
  10.00000   8.97779728284322e+00   1.76635085963463e+02
  10.00000   9.87354909212749e+00   2.86650298682699e+03
  10.00000   2.55569038851114e+01   2.50613599452208e+09
  10.00000   2.81068214398931e+01   3.45268742483858e+09
  10.00000   6.01505627040747e+01   3.42710843190003e+13
  10.00000   7.27522927523679e+01   7.36366979989428e+14
  10.00000   1.71229322876464e+02   1.28919075631091e+18
  10.00000   2.27765858073155e+02   2.80455263628181e+20
  10.00000   2.50490995769470e+02   4.63773963612531e+20
  10.00000   2.70009779203066e+03   3.41204511994306e+31
# orbitals: 1s2 2s2 2p6 3s2 3p6 3d10 4s2 4p6 4d10 4f11
CORE 57 29 Er
   0.00000   2.15584419211268e+00   6.16258462055502e-01
   0.00000   4.61365727658681e+00   4.28492961800230e+01
   0.00000   5.07398086406832e+00   6.59119620862105e+00
   0.00000   1.92131137831069e+01   2.91774348146203e+03
   0.00000   2.11300852729946e+01   0.00000000000000e+00
   0.00000   4.97316312206403e+01   1.68977076102686e+04
   0.00000   1.88313577614787e+02   3.59905349902318e+05
   0.00000   7.84213038965367e+02   0.00000000000000e+00
   0.00000   8.62457203584673e+02   2.36733953380346e+05
   0.00000   3.26577668096412e+03   0.00000000000000e+00
   0.00000   3.59161667027668e+03   2.62777069471129e+05
   0.00000   1.36000000000000e+04   4.86219751002792e+05
   7.00000   5.36068241656534e+02   8.19229843747026e+18
   8.00000   1.74700544968645e+01   3.57548263470542e+04
   9.00000   1.74700544968645e+01   9.29275664232142e+06
   9.00000   1.55694992278827e+02   3.34542201545059e+17
   9.00000   5.89553977882870e+02   4.08222868534078e+22
  10.00000   2.86766129795906e+00   2.29145103456383e-07
  10.00000   3.15377967590129e+00   8.25402675767200e-06
  10.00000   7.42271532588306e+00   0.00000000000000e+00
  10.00000   8.16331020383470e+00   1.67618598355048e+01
  10.00000   2.55569038851114e+01   3.63446812062032e+09
  10.00000   6.01505627040747e+01   1.49771117919877e+14
  10.00000   7.27522927523679e+01   5.83773834798097e+14
  10.00000   1.71229322876464e+02   1.39870704321089e+19
  10.00000   2.27765858073155e+02   2.33158436521200e+20
  10.00000   2.50490995769470e+02   6.36467843663520e+20
  10.00000   2.70009779203066e+03   3.56799538959391e+31
  10.00000   2.96949766888887e+03   8.31063071302389e+31
# orbitals: 1s2 2s2 2p6 3s2 3p6 3d10 4s2 4p6 4d10 4f12
CORE 58 29 Er
   0.00000   1.47368068105066e+00   0.00000000000000e+00
   0.00000   1.62071587184084e+00   0.00000000000000e+00
   0.00000   2.15584419211268e+00   6.70337021447804e-01
   0.00000   4.61365727658681e+00   4.90832367152694e+01
   0.00000   5.07398086406832e+00   2.28141263876809e+00
   0.00000   1.92131137831069e+01   2.90086591219959e+03
   0.00000   2.11300852729946e+01   0.00000000000000e+00
   0.00000   4.97316312206403e+01   1.69390186682209e+04
   0.00000   1.88313577614787e+02   3.59786079420288e+05
   0.00000   7.84213038965367e+02   7.69774544052022e+03
   0.00000   8.62457203584673e+02   2.28244429129157e+05
   0.00000   3.59161667027668e+03   2.66140989071346e+05
   0.00000   1.36000000000000e+04   4.71109060321501e+05
   7.00000   5.36068241656534e+02   8.39093343897337e+18
   8.00000   1.74700544968645e+01   0.00000000000000e+00
   9.00000   1.74700544968645e+01   9.44225493325980e+06
   9.00000   1.55694992278827e+02   3.65137730720526e+17
   9.00000   5.89553977882870e+02   3.85882934589250e+22
  10.00000   3.15377967590129e+00   1.02608651794614e-05
  10.00000   7.42271532588306e+00   0.00000000000000e+00
  10.00000   8.16331020383470e+00   1.78519037397616e+01
  10.00000   2.55569038851114e+01   3.66216404261306e+09
  10.00000   6.01505627040747e+01   1.49229659767527e+14
  10.00000   7.27522927523679e+01   5.87419564758192e+14
  10.00000   1.71229322876464e+02   1.27491044885265e+19
  10.00000   2.27765858073155e+02   2.37534948051422e+20
  10.00000   2.50490995769470e+02   6.22034667202082e+20
  10.00000   2.70009779203066e+03   3.79494840413460e+31
  10.00000   2.96949766888887e+03   7.18283392913206e+31
# orbitals: 1s2 2s2 2p6 3s2 3p6 3d10 4s2 4p6 4d10 4f11 5s2
CORE 59 30 Er
   0.00000   1.47368068105066e+00   0.00000000000000e+00
   0.00000   1.62071587184084e+00   7.86978554512740e-02
   0.00000   2.60750025838825e+00   0.00000000000000e+00
   0.00000   2.86766129795906e+00   2.16379049921478e+00
   0.00000   4.19509533757591e+00   4.28297926781080e+01
   0.00000   4.61365727658681e+00   0.00000000000000e+00
   0.00000   2.11300852729946e+01   3.49722084808257e+03
   0.00000   4.97316312206403e+01   1.57502147609021e+04
   0.00000   1.71229322876464e+02   2.92700208180513e+04
   0.00000   1.88313577614787e+02   3.27487427176423e+05
   0.00000   7.84213038965367e+02   2.10171630628774e+05
   0.00000   2.70009779203066e+03   2.14955334466382e+05
   0.00000   2.96949766888887e+03   0.00000000000000e+00
   0.00000   9.29661676646877e+03   3.98993954265314e+05
   0.00000   1.02241785086681e+04   0.00000000000000e+00
   7.00000   5.36068241656534e+02   7.82215172092589e+18
   9.00000   1.74700544968645e+01   5.26320600557916e+05
   9.00000   5.46935608834627e+01   4.86204977788905e+12
   9.00000   1.55694992278827e+02   4.93964267223555e+17
   9.00000   5.89553977882870e+02   2.27033899252727e+22
  10.00000   8.97779728284322e+00   9.64004131460353e+01
  10.00000   1.92131137831069e+01   3.08920390552172e+07
  10.00000   2.55569038851114e+01   3.35833357153618e+09
  10.00000   2.81068214398931e+01   1.16071706536366e+09
  10.00000   6.01505627040747e+01   8.91238330358394e+13
  10.00000   7.27522927523679e+01   6.75566615892903e+14
  10.00000   1.71229322876464e+02   7.01135583817349e+18
  10.00000   2.27765858073155e+02   2.53623712006810e+20
  10.00000   2.50490995769470e+02   5.75775060500854e+20
  10.00000   2.70009779203066e+03   3.97192495976983e+31
# orbitals: 1s2 2s2 2p6 3s2 3p6 3d10 4s2 4p6 4d10 4f12 5s2
CORE 60 30 Er
   0.00000   1.47368068105066e+00   0.00000000000000e+00
   0.00000   1.62071587184084e+00   8.57713426169126e-02
   0.00000   2.60750025838825e+00   0.00000000000000e+00
   0.00000   2.86766129795906e+00   2.36206624527402e+00
   0.00000   4.19509533757591e+00   4.47098888441562e+01
   0.00000   4.61365727658681e+00   0.00000000000000e+00
   0.00000   2.11300852729946e+01   3.48760185099463e+03
   0.00000   4.97316312206403e+01   1.57628737483566e+04
   0.00000   1.71229322876464e+02   2.93071698637256e+04
   0.00000   1.88313577614787e+02   3.27435385874556e+05
   0.00000   7.84213038965367e+02   2.10193536281255e+05
   0.00000   2.70009779203066e+03   2.14920849246977e+05
   0.00000   2.96949766888887e+03   0.00000000000000e+00
   0.00000   9.29661676646877e+03   3.99079963473527e+05
   0.00000   1.02241785086681e+04   0.00000000000000e+00
   7.00000   5.36068241656534e+02   7.80788812787532e+18
   9.00000   1.74700544968645e+01   7.30079826376677e+05
   9.00000   5.46935608834627e+01   4.70784331436884e+12
   9.00000   1.55694992278827e+02   4.93223830709855e+17
   9.00000   5.89553977882870e+02   2.27077814772211e+22
  10.00000   8.97779728284322e+00   9.20959680448378e+01
  10.00000   1.92131137831069e+01   3.06031525071533e+07
  10.00000   2.55569038851114e+01   3.37678862600124e+09
  10.00000   2.81068214398931e+01   1.18826238185881e+09
  10.00000   6.01505627040747e+01   9.09264569618495e+13
  10.00000   7.27522927523679e+01   6.74484996160983e+14
  10.00000   1.71229322876464e+02   7.06066016408987e+18
  10.00000   2.27765858073155e+02   2.53334464963605e+20
  10.00000   2.50490995769470e+02   5.77478363396764e+20
  10.00000   2.70009779203066e+03   3.97904471551707e+31
# orbitals: 1s2 2s2 2p6 3s2 3p6 3d10 4s2 4p6 4d10 4f12 5s2 5p6
CORE 66 31 Er
   0.00000   2.60750025838825e+00   2.90440742009102e-01
   0.00000   2.86766129795906e+00   1.67191660113012e+01
   0.00000   5.58023283168053e+00   1.84600519871208e+01
   0.00000   1.92131137831069e+01   2.98947597669018e+03
   0.00000   2.11300852729946e+01   0.00000000000000e+00
   0.00000   4.97316312206403e+01   1.59437485928777e+04
   0.00000   1.71229322876464e+02   8.45818212522342e+04
   0.00000   1.88313577614787e+02   2.65443867298861e+05
   0.00000   7.84213038965367e+02   2.30849219569746e+05
   0.00000   2.70009779203066e+03   0.00000000000000e+00
   0.00000   2.96949766888887e+03   1.95137941096932e+05
   0.00000   9.29661676646877e+03   4.92807858460737e+05
   0.00000   1.02241785086681e+04   0.00000000000000e+00
   7.00000   5.36068241656534e+02   1.85888649639705e+18
   9.00000   1.92131137831069e+01   1.00433277819080e+07
   9.00000   1.55694992278827e+02   2.23006568113808e+17
   9.00000   5.89553977882870e+02   2.30389165628368e+22
  10.00000   3.15377967590129e+00   1.51139674021979e-05
  10.00000   3.46844526276759e+00   0.00000000000000e+00
  10.00000   8.97779728284322e+00   2.88784226771618e+02
  10.00000   9.87354909212749e+00   1.67380496090661e+03
  10.00000   1.92131137831069e+01   1.86292139002739e+07
  10.00000   2.55569038851114e+01   3.29035271632519e+09
  10.00000   2.81068214398931e+01   2.49096184585947e+09
  10.00000   6.01505627040747e+01   1.53137934699176e+14
  10.00000   7.27522927523679e+01   6.13775094319973e+14
  10.00000   1.71229322876464e+02   1.97929794415284e+19
  10.00000   2.27765858073155e+02   1.81587431545939e+20
  10.00000   2.50490995769470e+02   9.37794913134286e+20
  10.00000   2.45513851144286e+03   2.75756565856910e+31
  10.00000   2.70009779203066e+03   0.00000000000000e+00
