# Free-atom, free-ion and frozen-core density fits -- Rh (Z = 45)
#
#   rho(r) = sum_i c_i r^n_i exp(-alpha_i r)      r in bohr, rho in e/bohr^3
#
# All-electron B86BPBE densities (scalar-relativistic, spin-restricted),
# fitted with rhofit.py (monotone decay imposed).  Two kinds of block:
#
#   STATE <N> <q> <nterm> <symbol>
#     the atom or ion with N electrons (charge q), in order of increasing N;
#   CORE <N_core> <nterm> <symbol>
#     the frozen core of the neutral atom with N_core electrons, for a
#     pseudopotential with Z - N_core valence electrons, in order of
#     increasing N_core, each preceded by a '# orbitals:' comment.
#
# Each block header is followed by nterm lines:   n   alpha   c
#
# Generated 2026-09-23 by combine_fits.py from
#   /home/alberto/doc/manuals/critic2/atomic_density_fits/15_rhofit/rho_b86bpbe_mono/fit_045_Rh.dat
#     recipe: --npow 0,1,2,3,4,5,6,7,8,9,10 --amin 0.2 --ratio 1.1 --mom 3 --cusp none --targetz 1e-3 --besteffort --monotone --stats
#   /home/alberto/doc/manuals/critic2/atomic_density_fits/15_rhofit/core_b86bpbe_mono/core_045_Rh.dat
#     recipe: --npow 0,1,2,3,4,5,6,7,8,9,10 --amin 0.2 --ratio 1.1 --mom 3 --cusp none --besteffort --monotone --stats --target 1e-3*N_core
#
STATE 39 +6 26 Rh
   0.00000   3.43871473624141e+00   4.03837317073186e+00
   0.00000   3.78072441233756e+00   2.38457730837787e-01
   0.00000   9.75806573946292e+00   3.63625671693587e+02
   0.00000   3.04445950117147e+01   4.45349292924778e+03
   0.00000   1.14819170886553e+02   7.94295792899283e+04
   0.00000   8.40951044568935e+02   2.11354527282448e+04
   0.00000   4.63436682713661e+03   0.00000000000000e+00
   0.00000   5.09529435937856e+03   2.57133021888151e+04
   4.00000   2.69540638442262e+02   3.12642488008113e+11
   5.00000   2.96348766920273e+02   2.69529331636514e+13
   7.00000   8.07246175242912e+00   1.02774659158074e+03
   9.00000   8.87533731525193e+00   0.00000000000000e+00
   9.00000   3.04445950117147e+01   3.92765035593291e+09
   9.00000   9.49853577721784e+01   1.25017194223995e+15
   9.00000   2.88466940096833e+03   0.00000000000000e+00
  10.00000   1.29688167892752e+01   1.28679160433463e+05
  10.00000   1.42586768589996e+01   4.67728393621193e+05
  10.00000   3.04445950117147e+01   7.46805925913812e+09
  10.00000   4.04619507054419e+01   4.84461724392277e+11
  10.00000   9.49853577721784e+01   5.89333080156833e+15
  10.00000   1.38794465929116e+02   7.88709628366242e+17
  10.00000   1.52598766075350e+02   2.78386831358912e+17
  10.00000   3.93858062297517e+02   1.67678974850088e+22
  10.00000   6.95685530739382e+02   2.70109746657041e+24
  10.00000   2.88466940096833e+03   1.86649459445040e+31
  10.00000   3.17157451614751e+03   0.00000000000000e+00
STATE 40 +5 27 Rh
   0.00000   3.43871473624141e+00   1.00897846652172e+01
   0.00000   9.75806573946292e+00   0.00000000000000e+00
   0.00000   1.07285890770651e+01   3.85749066191428e+02
   0.00000   3.04445950117147e+01   4.43362872652256e+03
   0.00000   1.14819170886553e+02   7.93521885352890e+04
   0.00000   8.40951044568935e+02   2.12198743807136e+04
   0.00000   4.63436682713661e+03   2.13740794012549e+04
   4.00000   2.45157611171731e+02   0.00000000000000e+00
   4.00000   2.69540638442262e+02   3.94027636770045e+11
   5.00000   2.96348766920273e+02   2.32826111542018e+13
   8.00000   8.07246175242912e+00   4.03593040629830e+02
   9.00000   8.87533731525193e+00   3.59214273241472e+02
   9.00000   3.04445950117147e+01   8.20961613202799e+09
   9.00000   9.49853577721784e+01   8.98228864345205e+14
  10.00000   8.87533731525193e+00   0.00000000000000e+00
  10.00000   1.29688167892752e+01   2.36476261998020e+05
  10.00000   1.42586768589996e+01   1.07218081147552e+05
  10.00000   3.04445950117147e+01   6.92531814707997e+08
  10.00000   4.04619507054419e+01   2.29546331758732e+11
  10.00000   4.44862387654956e+01   5.57694582170503e+11
  10.00000   9.49853577721784e+01   8.64712837408489e+15
  10.00000   1.38794465929116e+02   9.35990739041564e+17
  10.00000   1.52598766075350e+02   0.00000000000000e+00
  10.00000   3.93858062297517e+02   1.42481957873079e+22
  10.00000   6.95685530739382e+02   7.92676512500147e+23
  10.00000   2.88466940096833e+03   2.23325639344006e+31
  10.00000   3.17157451614751e+03   0.00000000000000e+00
STATE 41 +4 26 Rh
   0.00000   3.12764373902956e+00   7.77115474739458e+00
   0.00000   3.43871473624141e+00   0.00000000000000e+00
   0.00000   1.07285890770651e+01   3.97159934714682e+02
   0.00000   3.04445950117147e+01   4.41108462818949e+03
   0.00000   1.14819170886553e+02   7.93689147681197e+04
   0.00000   8.40951044568935e+02   2.11988105288263e+04
   0.00000   4.63436682713661e+03   2.14164212463323e+04
   4.00000   2.69540638442262e+02   3.93783632254049e+11
   5.00000   2.96348766920273e+02   2.32733200171512e+13
   6.00000   6.67802825726993e+00   1.35114232799270e+02
   7.00000   8.07246175242912e+00   3.52383392279361e+02
   9.00000   8.87533731525193e+00   0.00000000000000e+00
   9.00000   3.04445950117147e+01   7.38024409567308e+09
   9.00000   9.49853577721784e+01   9.16062537350948e+14
  10.00000   1.29688167892752e+01   2.00507410543532e+05
  10.00000   1.42586768589996e+01   1.14354968656451e+05
  10.00000   3.04445950117147e+01   2.52779731459078e+09
  10.00000   4.04619507054419e+01   2.68762206409420e+11
  10.00000   4.44862387654956e+01   5.00315221261173e+11
  10.00000   9.49853577721784e+01   8.39959515477452e+15
  10.00000   1.38794465929116e+02   9.27030118951043e+17
  10.00000   1.52598766075350e+02   0.00000000000000e+00
  10.00000   3.93858062297517e+02   1.46216526149269e+22
  10.00000   6.95685530739382e+02   9.27144650980039e+23
  10.00000   2.88466940096833e+03   2.20742947418862e+31
  10.00000   3.17157451614751e+03   0.00000000000000e+00
STATE 42 +3 25 Rh
   0.00000   2.84471266406440e+00   5.97661174217523e+00
   0.00000   3.12764373902956e+00   8.90680625036404e-01
   0.00000   1.07285890770651e+01   3.47348410559170e+02
   0.00000   2.76905338998133e+01   3.97131226599561e+03
   0.00000   1.14819170886553e+02   8.00504258141177e+04
   0.00000   8.40951044568935e+02   2.07413627793385e+04
   0.00000   4.21513545118985e+03   1.86137743895070e+04
   3.00000   2.22980307024478e+02   6.10679769793967e+08
   4.00000   5.02471735110946e+00   1.71191562397375e+01
   4.00000   2.45157611171731e+02   4.24507893556558e+11
   9.00000   8.87533731525193e+00   9.07465311484754e+02
   9.00000   3.04445950117147e+01   6.58641204210961e+09
   9.00000   9.49853577721784e+01   1.01811002989656e+15
  10.00000   1.29688167892752e+01   2.21643608267387e+05
  10.00000   1.42586768589996e+01   7.94248718500192e+04
  10.00000   3.04445950117147e+01   4.79370003128685e+09
  10.00000   4.04619507054419e+01   3.14207628314459e+11
  10.00000   4.44862387654956e+01   5.48009184376692e+11
  10.00000   9.49853577721784e+01   6.07605028423159e+15
  10.00000   1.38794465929116e+02   8.00930546368568e+17
  10.00000   1.52598766075350e+02   0.00000000000000e+00
  10.00000   3.93858062297517e+02   1.23330521821570e+22
  10.00000   6.95685530739382e+02   3.26968620092435e+24
  10.00000   2.88466940096833e+03   1.79035599563023e+31
  10.00000   3.17157451614751e+03   0.00000000000000e+00
STATE 43 +2 26 Rh
   0.00000   2.58737593419105e+00   6.53761901958875e+00
   0.00000   1.07285890770651e+01   3.44462713680375e+02
   0.00000   2.76905338998133e+01   3.97633026635509e+03
   0.00000   3.04445950117147e+01   0.00000000000000e+00
   0.00000   1.14819170886553e+02   8.01119411209592e+04
   0.00000   8.40951044568935e+02   2.05742154809067e+04
   0.00000   4.63436682713661e+03   2.32555071041664e+04
   3.00000   3.78072441233756e+00   0.00000000000000e+00
   4.00000   4.57017431482791e+00   2.55388033509860e+00
   4.00000   2.45157611171731e+02   4.23329431086557e+11
   4.00000   2.69540638442262e+02   5.48104096225738e+10
   8.00000   8.07246175242912e+00   3.82325713857198e+02
   9.00000   8.87533731525193e+00   2.41141374832064e+02
   9.00000   3.04445950117147e+01   7.70243138174567e+09
   9.00000   9.49853577721784e+01   9.94513710891917e+14
  10.00000   1.29688167892752e+01   2.33003550014599e+05
  10.00000   3.04445950117147e+01   2.67988994234736e+09
  10.00000   4.04619507054419e+01   2.52533522130096e+11
  10.00000   4.44862387654956e+01   6.48592208808597e+11
  10.00000   9.49853577721784e+01   6.34084127095351e+15
  10.00000   1.38794465929116e+02   8.05673481868729e+17
  10.00000   1.52598766075350e+02   0.00000000000000e+00
  10.00000   3.93858062297517e+02   1.34611914148236e+22
  10.00000   6.95685530739382e+02   3.97187953522131e+24
  10.00000   2.88466940096833e+03   1.11946520631508e+31
  10.00000   3.17157451614751e+03   1.05370091675587e+31
STATE 44 +1 28 Rh
   0.00000   1.46482688923061e+00   0.00000000000000e+00
   0.00000   2.14043375250538e+00   0.00000000000000e+00
   0.00000   2.35331824876336e+00   5.69923895882762e+00
   0.00000   1.07285890770651e+01   3.49190591353089e+02
   0.00000   2.76905338998133e+01   3.96794595613631e+03
   0.00000   3.04445950117147e+01   0.00000000000000e+00
   0.00000   1.14819170886553e+02   8.01166582242324e+04
   0.00000   8.40951044568935e+02   2.05721963804484e+04
   0.00000   4.63436682713661e+03   2.32345941457805e+04
   4.00000   2.45157611171731e+02   4.21065682111823e+11
   4.00000   2.69540638442262e+02   5.81534987682429e+10
   5.00000   2.96348766920273e+02   0.00000000000000e+00
   9.00000   8.87533731525193e+00   7.65785789345423e+02
   9.00000   3.04445950117147e+01   7.21655877173095e+09
   9.00000   9.49853577721784e+01   1.00299605657945e+15
  10.00000   3.78072441233756e+00   4.16645090673840e-04
  10.00000   8.87533731525193e+00   1.89375633055098e+02
  10.00000   1.29688167892752e+01   2.36077143771567e+05
  10.00000   3.04445950117147e+01   3.68475964534151e+09
  10.00000   4.04619507054419e+01   2.76288899089209e+11
  10.00000   4.44862387654956e+01   6.12134598897125e+11
  10.00000   9.49853577721784e+01   6.22785683372712e+15
  10.00000   1.38794465929116e+02   8.02013744684356e+17
  10.00000   1.52598766075350e+02   0.00000000000000e+00
  10.00000   3.93858062297517e+02   1.36638751502635e+22
  10.00000   6.95685530739382e+02   4.01242967149748e+24
  10.00000   2.88466940096833e+03   1.13382544782522e+31
  10.00000   3.17157451614751e+03   1.00043303418250e+31
STATE 45 +0 30 Rh
   0.00000   1.21179333619601e+00   1.14064125700253e-02
   0.00000   1.33231657763851e+00   2.87214901053110e-01
   0.00000   2.35331824876336e+00   3.47533619007472e+00
   0.00000   2.58737593419105e+00   3.71652512318841e-01
   0.00000   1.07285890770651e+01   4.32762736968726e+02
   0.00000   3.04445950117147e+01   4.32035574461269e+03
   0.00000   1.14819170886553e+02   7.95122107060398e+04
   0.00000   8.40951044568935e+02   2.10246811418899e+04
   0.00000   4.63436682713661e+03   2.15262560662339e+04
   4.00000   2.45157611171731e+02   0.00000000000000e+00
   4.00000   2.69540638442262e+02   3.26100169206212e+11
   5.00000   2.96348766920273e+02   2.63754725937897e+13
   9.00000   8.87533731525193e+00   1.32124831121671e+03
   9.00000   3.04445950117147e+01   3.54436000104932e+09
   9.00000   9.49853577721784e+01   1.17592354680644e+15
  10.00000   3.78072441233756e+00   0.00000000000000e+00
  10.00000   4.15674988430961e+00   9.86142009474427e-04
  10.00000   8.87533731525193e+00   0.00000000000000e+00
  10.00000   1.29688167892752e+01   1.91876503916011e+05
  10.00000   1.42586768589996e+01   2.27740437837503e+05
  10.00000   3.04445950117147e+01   9.74833209492433e+09
  10.00000   4.04619507054419e+01   4.89391514858237e+11
  10.00000   4.44862387654956e+01   9.34688829174784e+10
  10.00000   9.49853577721784e+01   6.03591751425910e+15
  10.00000   1.38794465929116e+02   8.08472752226781e+17
  10.00000   1.52598766075350e+02   1.74048786798882e+17
  10.00000   3.93858062297517e+02   1.78214749369389e+22
  10.00000   6.95685530739382e+02   2.91885312220565e+24
  10.00000   2.88466940096833e+03   1.82648823157959e+31
  10.00000   3.17157451614751e+03   0.00000000000000e+00
STATE 46 -1 29 Rh
   0.00000   1.21179333619601e+00   5.09328569322359e-02
   0.00000   1.33231657763851e+00   4.63780363310246e-01
   0.00000   2.58737593419105e+00   4.24411196209636e+00
   0.00000   1.07285890770651e+01   4.23720483066119e+02
   0.00000   3.04445950117147e+01   4.34371371639359e+03
   0.00000   1.14819170886553e+02   7.94808284035451e+04
   0.00000   8.40951044568935e+02   2.10810991735901e+04
   0.00000   4.63436682713661e+03   2.15102152137650e+04
   4.00000   2.45157611171731e+02   0.00000000000000e+00
   4.00000   2.69540638442262e+02   3.50797034426104e+11
   5.00000   2.96348766920273e+02   2.52357161220431e+13
   9.00000   8.87533731525193e+00   1.21353226734107e+03
   9.00000   3.04445950117147e+01   4.72648428546446e+09
   9.00000   9.49853577721784e+01   1.09482336486942e+15
  10.00000   3.78072441233756e+00   0.00000000000000e+00
  10.00000   4.15674988430961e+00   1.51926223681046e-03
  10.00000   8.87533731525193e+00   0.00000000000000e+00
  10.00000   1.29688167892752e+01   1.99536538310830e+05
  10.00000   1.42586768589996e+01   1.96879139189253e+05
  10.00000   3.04445950117147e+01   7.52967910640782e+09
  10.00000   4.04619507054419e+01   4.22827014606448e+11
  10.00000   4.44862387654956e+01   2.17842222095771e+11
  10.00000   9.49853577721784e+01   6.76514433988116e+15
  10.00000   1.38794465929116e+02   8.46414172825583e+17
  10.00000   1.52598766075350e+02   1.15658861917992e+17
  10.00000   3.93858062297517e+02   1.68176035100685e+22
  10.00000   6.95685530739382e+02   2.25403213810853e+24
  10.00000   2.88466940096833e+03   1.95340428268091e+31
  10.00000   3.17157451614751e+03   0.00000000000000e+00
STATE 47 -2 30 Rh
   0.00000   1.10217279758827e+00   4.09998094494720e-02
   0.00000   1.21179333619601e+00   3.37483972850130e-01
   0.00000   2.35331824876336e+00   3.26323266716798e+00
   0.00000   2.58737593419105e+00   4.31685826798725e-01
   0.00000   1.07285890770651e+01   4.33016749433185e+02
   0.00000   3.04445950117147e+01   4.31930031228724e+03
   0.00000   1.14819170886553e+02   7.95186601959157e+04
   0.00000   8.40951044568935e+02   2.10268849967343e+04
   0.00000   4.63436682713661e+03   2.15313253781749e+04
   4.00000   2.45157611171731e+02   0.00000000000000e+00
   4.00000   2.69540638442262e+02   3.27572681612359e+11
   5.00000   2.96348766920273e+02   2.63115967158400e+13
   9.00000   8.87533731525193e+00   1.29538158453100e+03
   9.00000   3.04445950117147e+01   3.67076593989784e+09
   9.00000   9.49853577721784e+01   1.17125699107517e+15
  10.00000   3.78072441233756e+00   0.00000000000000e+00
  10.00000   4.15674988430961e+00   1.79038404023727e-03
  10.00000   8.87533731525193e+00   0.00000000000000e+00
  10.00000   1.29688167892752e+01   1.92071436931581e+05
  10.00000   1.42586768589996e+01   2.26924673081962e+05
  10.00000   3.04445950117147e+01   9.50731412008568e+09
  10.00000   4.04619507054419e+01   4.83432046022686e+11
  10.00000   4.44862387654956e+01   1.04933485824814e+11
  10.00000   9.49853577721784e+01   6.07780975147884e+15
  10.00000   1.38794465929116e+02   8.10724562896996e+17
  10.00000   1.52598766075350e+02   1.70234958068043e+17
  10.00000   3.93858062297517e+02   1.77926699921474e+22
  10.00000   6.95685530739382e+02   2.89249267426757e+24
  10.00000   2.88466940096833e+03   1.83070761928940e+31
  10.00000   3.17157451614751e+03   0.00000000000000e+00
STATE 48 -3 30 Rh
   0.00000   1.10217279758827e+00   2.96495774435120e-02
   0.00000   1.21179333619601e+00   3.70908519921094e-01
   0.00000   2.35331824876336e+00   4.06744202981446e+00
   0.00000   2.58737593419105e+00   0.00000000000000e+00
   0.00000   1.07285890770651e+01   4.17601500002231e+02
   0.00000   3.04445950117147e+01   4.36615911776126e+03
   0.00000   1.14819170886553e+02   7.94239829188070e+04
   0.00000   8.40951044568935e+02   2.11559208033260e+04
   0.00000   4.63436682713661e+03   2.15043556387271e+04
   4.00000   2.45157611171731e+02   0.00000000000000e+00
   4.00000   2.69540638442262e+02   3.90374599019350e+11
   5.00000   2.96348766920273e+02   2.33987672824024e+13
   9.00000   8.87533731525193e+00   1.29992725708039e+03
   9.00000   3.04445950117147e+01   6.04200821838866e+09
   9.00000   9.49853577721784e+01   9.63229390851015e+14
  10.00000   3.78072441233756e+00   0.00000000000000e+00
  10.00000   4.15674988430961e+00   1.30780823916539e-03
  10.00000   8.87533731525193e+00   1.81664923219701e-01
  10.00000   1.29688167892752e+01   2.07185018993779e+05
  10.00000   1.42586768589996e+01   1.68879686668801e+05
  10.00000   3.04445950117147e+01   5.27577013977144e+09
  10.00000   4.04619507054419e+01   3.39836416891528e+11
  10.00000   4.44862387654956e+01   3.90205973123604e+11
  10.00000   9.49853577721784e+01   7.84395699200732e+15
  10.00000   1.38794465929116e+02   9.05321705845932e+17
  10.00000   1.52598766075350e+02   1.15320041169681e+16
  10.00000   3.93858062297517e+02   1.54322401591621e+22
  10.00000   6.95685530739382e+02   1.26218298173992e+24
  10.00000   2.88466940096833e+03   2.14248861843207e+31
  10.00000   3.17157451614751e+03   0.00000000000000e+00
# orbitals: 1s2
CORE 2 5 Rh
   0.00000   8.63928480035400e+01   2.98437049199454e+04
   0.00000   9.49853577721784e+01   2.35595801112439e+04
   0.00000   1.38794465929116e+02   1.45563320580213e+04
   0.00000   2.96348766920273e+02   0.00000000000000e+00
   0.00000   3.25823193722155e+02   1.24189605888906e+04
# orbitals: 1s2 2s2
CORE 4 17 Rh
   0.00000   2.51856090501997e+01   1.81670685893195e+02
   0.00000   2.76905338998133e+01   1.94016686947439e+02
   0.00000   9.49853577721784e+01   1.02038004038108e+04
   0.00000   1.04432466339564e+02   6.80109702654049e+04
   0.00000   5.23451387528424e+02   1.69021774164695e+04
   0.00000   5.75513117922601e+02   0.00000000000000e+00
   0.00000   2.62371812817781e+03   2.67221154802739e+04
   0.00000   2.88466940096833e+03   0.00000000000000e+00
   4.00000   4.44862387654956e+01   2.59876546094543e+07
   5.00000   5.37753730755705e+01   6.39071506141598e+08
   5.00000   2.45157611171731e+02   9.59114754660024e+12
   8.00000   8.63928480035400e+01   8.95822049530617e+12
   9.00000   9.49853577721784e+01   0.00000000000000e+00
  10.00000   1.14819170886553e+02   1.35583898191835e+16
  10.00000   3.25823193722155e+02   2.31437942782833e+21
  10.00000   5.75513117922601e+02   6.08638099993229e+23
  10.00000   1.97415187465305e+03   5.49370636118705e+28
# orbitals: 1s2 2s2 2p6
CORE 10 14 Rh
   0.00000   2.76905338998133e+01   3.81394681077605e+03
   0.00000   1.14819170886553e+02   7.92429762104208e+04
   0.00000   9.24590839209219e+02   2.11237833143374e+04
   0.00000   5.09529435937856e+03   2.40434576296848e+04
   3.00000   4.04619507054419e+01   0.00000000000000e+00
   4.00000   4.89107767914540e+01   2.51316353489253e+08
   4.00000   2.45157611171731e+02   5.75564057181391e+11
   8.00000   9.49853577721784e+01   5.11160591461331e+13
   9.00000   1.04432466339564e+02   0.00000000000000e+00
  10.00000   5.91237951862190e+01   1.06845179549012e+12
  10.00000   1.26238922292702e+02   5.61917688959845e+16
  10.00000   3.58229105086390e+02   1.00870848616436e+22
  10.00000   6.95685530739382e+02   5.49755226059621e+24
  10.00000   3.48701480596000e+03   2.18775546354385e+32
# orbitals: 1s2 2s2 2p6 3s2
CORE 12 20 Rh
   0.00000   2.29072832443213e+01   8.99302263288880e+02
   0.00000   2.51856090501997e+01   2.64230173715468e+03
   0.00000   1.04432466339564e+02   7.08004196419675e+03
   0.00000   1.14819170886553e+02   7.35736030759654e+04
   0.00000   8.40951044568935e+02   2.09048465206769e+04
   0.00000   9.24590839209219e+02   0.00000000000000e+00
   4.00000   2.45157611171731e+02   4.35928681337501e+11
   7.00000   2.08350580122819e+01   7.26376053793287e+05
   7.00000   7.85776288179536e+01   5.35185357957874e+11
   8.00000   7.85776288179536e+01   2.67599788706405e+13
   8.00000   3.17157451614751e+03   0.00000000000000e+00
   9.00000   2.29072832443213e+01   0.00000000000000e+00
  10.00000   2.51856090501997e+01   7.93799737899057e+07
  10.00000   3.34725711241549e+01   9.74417123665607e+09
  10.00000   3.68017054334437e+01   1.63175953135453e+10
  10.00000   1.26238922292702e+02   1.31743094459259e+17
  10.00000   1.38794465929116e+02   3.16468388891058e+17
  10.00000   3.93858062297517e+02   2.39369965411404e+22
  10.00000   6.95685530739382e+02   7.28329514414575e+24
  10.00000   3.48701480596000e+03   8.29581119802908e+31
# orbitals: 1s2 2s2 2p6 3s2 3p6
CORE 18 22 Rh
   0.00000   9.75806573946292e+00   5.72573636947345e+01
   0.00000   1.07285890770651e+01   0.00000000000000e+00
   0.00000   2.76905338998133e+01   4.49788662807392e+03
   0.00000   1.14819170886553e+02   7.96067754434383e+04
   0.00000   7.64877424014317e+02   0.00000000000000e+00
   0.00000   8.40951044568935e+02   2.05006497224915e+04
   0.00000   3.83382833828353e+03   1.50520466597199e+04
   4.00000   2.69540638442262e+02   2.12687746154058e+11
   5.00000   2.96348766920273e+02   3.20428283176884e+13
   6.00000   2.08350580122819e+01   6.25641085363412e+06
   7.00000   2.08350580122819e+01   3.59964285399750e+05
   7.00000   2.29072832443213e+01   0.00000000000000e+00
   7.00000   7.85776288179536e+01   2.41559889118147e+12
   8.00000   2.29072832443213e+01   0.00000000000000e+00
   8.00000   8.63928480035400e+01   8.34192594349768e+12
   9.00000   3.93858062297517e+02   0.00000000000000e+00
  10.00000   3.68017054334437e+01   9.31923735995064e+10
  10.00000   9.49853577721784e+01   6.98498866411022e+15
  10.00000   1.38794465929116e+02   7.33633231667418e+17
  10.00000   3.93858062297517e+02   2.35261695119474e+22
  10.00000   6.95685530739382e+02   6.39269626604056e+24
  10.00000   2.88466940096833e+03   1.10367628681208e+31
# orbitals: 1s2 2s2 2p6 3s2 3p6 3d10
CORE 28 17 Rh
   0.00000   9.75806573946292e+00   3.70616270742134e+02
   0.00000   2.76905338998133e+01   0.00000000000000e+00
   0.00000   3.04445950117147e+01   4.36715095339771e+03
   0.00000   1.14819170886553e+02   7.91280649114356e+04
   0.00000   8.40951044568935e+02   2.14656975095249e+04
   4.00000   2.69540638442262e+02   5.86645253127178e+11
   5.00000   2.96348766920273e+02   9.16273008529205e+12
   6.00000   2.08350580122819e+01   8.55651365299011e+06
   7.00000   2.08350580122819e+01   2.45142822173011e+06
   9.00000   9.49853577721784e+01   1.11147688545747e+15
  10.00000   3.68017054334437e+01   1.04472370753120e+11
  10.00000   4.04619507054419e+01   1.01622824552811e+11
  10.00000   9.49853577721784e+01   6.82452091597123e+15
  10.00000   1.38794465929116e+02   8.02242299112003e+17
  10.00000   1.52598766075350e+02   1.37675070227254e+17
  10.00000   3.93858062297517e+02   1.88922040753872e+22
  10.00000   3.17157451614751e+03   7.54282291124402e+31
# orbitals: 1s2 2s2 2p6 3s2 3p6 3d10 4s2
CORE 30 23 Rh
   0.00000   8.07246175242912e+00   2.30139425276915e+02
   0.00000   8.87533731525193e+00   4.15565368562283e+01
   0.00000   2.76905338998133e+01   0.00000000000000e+00
   0.00000   3.04445950117147e+01   4.50658338413575e+03
   0.00000   1.14819170886553e+02   7.92618557186337e+04
   0.00000   8.40951044568935e+02   2.13697713768248e+04
   0.00000   4.63436682713661e+03   2.30613396326083e+04
   4.00000   2.69540638442262e+02   6.91845692187210e+11
   5.00000   2.96348766920273e+02   0.00000000000000e+00
   7.00000   8.63928480035400e+01   4.09690636867655e+12
   8.00000   2.76905338998133e+01   9.39412221718722e+08
   9.00000   8.07246175242912e+00   0.00000000000000e+00
  10.00000   8.87533731525193e+00   4.83965447893459e+01
  10.00000   1.17956392852561e+01   4.22346038352624e+03
  10.00000   1.29688167892752e+01   4.99242373489714e+04
  10.00000   3.68017054334437e+01   0.00000000000000e+00
  10.00000   4.04619507054419e+01   2.59308483462768e+11
  10.00000   9.49853577721784e+01   1.15149845021731e+16
  10.00000   1.38794465929116e+02   7.52263135268169e+17
  10.00000   1.52598766075350e+02   0.00000000000000e+00
  10.00000   3.93858062297517e+02   2.08599663638632e+22
  10.00000   2.88466940096833e+03   3.32482634961877e+31
  10.00000   3.17157451614751e+03   0.00000000000000e+00
# orbitals: 1s2 2s2 2p6 3s2 3p6 3d10 4s2 4p6
CORE 36 24 Rh
   0.00000   3.78072441233756e+00   7.71166218000307e+00
   0.00000   8.87533731525193e+00   1.80853187668448e+01
   0.00000   9.75806573946292e+00   3.16772583212260e+02
   0.00000   3.04445950117147e+01   4.50127753210433e+03
   0.00000   1.14819170886553e+02   7.93693204231274e+04
   0.00000   8.40951044568935e+02   2.11675058499676e+04
   0.00000   5.09529435937856e+03   2.56327383350207e+04
   4.00000   2.69540638442262e+02   3.19010892534615e+11
   5.00000   2.96348766920273e+02   2.66935903729527e+13
   8.00000   2.76905338998133e+01   9.13903860516082e+08
   9.00000   8.87533731525193e+00   7.68132919045052e+02
   9.00000   3.04445950117147e+01   8.93529547203842e+08
   9.00000   9.49853577721784e+01   1.18106688475803e+15
   9.00000   2.88466940096833e+03   0.00000000000000e+00
  10.00000   8.87533731525193e+00   0.00000000000000e+00
  10.00000   1.29688167892752e+01   1.59722740784673e+05
  10.00000   1.42586768589996e+01   1.92726440555805e+05
  10.00000   4.04619507054419e+01   3.52019534691586e+11
  10.00000   9.49853577721784e+01   6.74274181384191e+15
  10.00000   1.38794465929116e+02   8.17543381899080e+17
  10.00000   1.52598766075350e+02   2.52639940573365e+17
  10.00000   3.93858062297517e+02   1.60595799772067e+22
  10.00000   6.95685530739382e+02   2.36772312761774e+24
  10.00000   2.88466940096833e+03   1.92767613654410e+31
