# Free-atom, free-ion and frozen-core density fits -- Ti (Z = 22)
#
#   rho(r) = sum_i c_i r^n_i exp(-alpha_i r)      r in bohr, rho in e/bohr^3
#
# All-electron B86BPBE densities (scalar-relativistic, spin-restricted),
# fitted with rhofit.py (monotone decay imposed).  Two kinds of block:
#
#   STATE <N> <q> <nterm> <symbol>
#     the atom or ion with N electrons (charge q), in order of increasing N;
#   CORE <N_core> <nterm> <symbol>
#     the frozen core of the neutral atom with N_core electrons, for a
#     pseudopotential with Z - N_core valence electrons, in order of
#     increasing N_core, each preceded by a '# orbitals:' comment.
#
# Each block header is followed by nterm lines:   n   alpha   c
#
# Generated 2026-09-23 by combine_fits.py from
#   /home/alberto/doc/manuals/critic2/atomic_density_fits/15_rhofit/rho_b86bpbe_mono/fit_022_Ti.dat
#     recipe: --npow 0,1,2,3,4,5,6,7,8,9,10 --amin 0.2 --ratio 1.1 --mom 3 --cusp none --targetz 1e-3 --besteffort --monotone --stats
#   /home/alberto/doc/manuals/critic2/atomic_density_fits/15_rhofit/core_b86bpbe_mono/core_022_Ti.dat
#     recipe: --npow 0,1,2,3,4,5,6,7,8,9,10 --amin 0.2 --ratio 1.1 --mom 3 --cusp none --besteffort --monotone --stats --target 1e-3*N_core
#
STATE 18 +4 19 Ti
   0.00000   3.48114561617830e+00   1.02065963662669e+00
   0.00000   3.82894031492419e+00   3.26377226233676e+00
   0.00000   1.20048150751891e+01   3.23997004625226e+02
   0.00000   5.00842957876581e+01   5.69697911331307e+03
   0.00000   5.50881234024567e+01   1.77140635512798e+03
   0.00000   7.20577924947435e+02   2.63866720643787e+02
   2.00000   8.86829253613016e+01   7.03810401380025e+05
   3.00000   1.07288413571496e+02   6.81771107199420e+07
   6.00000   7.45715966846387e+00   1.80806423679979e+02
   6.00000   8.20219043889186e+00   9.82187981253219e+02
   6.00000   3.11113989038482e+01   1.22192147130081e+08
   7.00000   8.20219043889186e+00   0.00000000000000e+00
   9.00000   3.76385039034855e+01   0.00000000000000e+00
  10.00000   1.45233996216170e+01   4.15813648837710e+05
  10.00000   1.59744051103537e+01   2.04102863719485e+05
  10.00000   3.76385039034855e+01   2.49109276766232e+10
  10.00000   6.05918740051871e+01   1.09033563319826e+13
  10.00000   1.72716908568156e+02   4.08517267307596e+17
  10.00000   1.89972729440634e+02   5.20859553952220e+17
STATE 19 +3 22 Ti
   0.00000   2.87746054372997e+00   5.86654432141922e-01
   0.00000   3.16494220445360e+00   3.28228352891193e+00
   0.00000   1.20048150751891e+01   3.21170706794361e+02
   0.00000   5.00842957876581e+01   6.04545223532592e+03
   0.00000   5.50881234024567e+01   1.41489854394909e+03
   0.00000   7.92569507593484e+02   0.00000000000000e+00
   0.00000   8.71753633602917e+02   4.56265959998213e+02
   1.00000   1.16001334567634e+03   1.43780899638669e+03
   2.00000   8.86829253613016e+01   6.07915918063192e+05
   3.00000   4.63224380989378e+00   3.39498950192005e+00
   3.00000   1.07288413571496e+02   6.64906193056941e+07
   4.00000   5.60407866131078e+00   0.00000000000000e+00
   6.00000   7.45715966846387e+00   2.21587042790816e+02
   6.00000   3.11113989038482e+01   1.19489675555605e+08
   7.00000   9.02165582967966e+00   1.69515005269451e+03
   9.00000   3.76385039034855e+01   0.00000000000000e+00
  10.00000   1.45233996216170e+01   3.74252507440715e+05
  10.00000   1.59744051103537e+01   2.44680092992838e+05
  10.00000   3.76385039034855e+01   2.72492810223914e+10
  10.00000   6.05918740051871e+01   1.13030921056178e+13
  10.00000   1.72716908568156e+02   3.43720738673730e+17
  10.00000   1.89972729440634e+02   5.85352949849755e+17
STATE 20 +2 19 Ti
   0.00000   2.61609174697463e+00   3.20965679090598e+00
   0.00000   2.87746054372997e+00   7.19274678191921e-01
   0.00000   1.20048150751891e+01   3.16944609522787e+02
   0.00000   5.00842957876581e+01   6.71228128641297e+03
   0.00000   5.50881234024567e+01   7.09893518500598e+02
   0.00000   7.20577924947435e+02   6.30735865268226e+02
   2.00000   8.86829253613016e+01   8.66169294679591e+05
   3.00000   1.07288413571496e+02   4.02054442630492e+07
   6.00000   3.11113989038482e+01   1.20192130747920e+08
   7.00000   8.20219043889186e+00   0.00000000000000e+00
   8.00000   9.02165582967966e+00   1.99079371926987e+03
   9.00000   3.76385039034855e+01   0.00000000000000e+00
  10.00000   3.48114561617830e+00   2.29813661308762e-06
  10.00000   3.82894031492419e+00   1.39400118569441e-04
  10.00000   1.32041935278374e+01   0.00000000000000e+00
  10.00000   1.45233996216170e+01   5.37893503345058e+05
  10.00000   3.76385039034855e+01   2.60225078805604e+10
  10.00000   6.05918740051871e+01   1.12686357063632e+13
  10.00000   1.89972729440634e+02   1.42397880042033e+18
STATE 21 +1 21 Ti
   0.00000   1.34325394692736e+00   6.22347120329060e-02
   0.00000   2.61609174697463e+00   3.78786216128100e+00
   0.00000   2.87746054372997e+00   0.00000000000000e+00
   0.00000   1.20048150751891e+01   3.21253092085433e+02
   0.00000   5.00842957876581e+01   6.01405625117826e+03
   0.00000   5.50881234024567e+01   1.44383693649805e+03
   0.00000   6.55125564315643e+02   2.81887681239069e+02
   2.00000   8.86829253613016e+01   7.04768959736702e+05
   3.00000   1.07288413571496e+02   6.21436095654283e+07
   6.00000   3.11113989038482e+01   1.02402828837171e+08
   7.00000   9.02165582967966e+00   0.00000000000000e+00
   8.00000   2.87746054372997e+00   6.84222301497550e-04
   9.00000   9.92299246348503e+00   4.24844917558149e+03
   9.00000   3.76385039034855e+01   6.41619754730804e+09
  10.00000   3.82894031492419e+00   0.00000000000000e+00
  10.00000   4.21148252664787e+00   9.38335192621039e-03
  10.00000   1.45233996216170e+01   5.58551647983847e+05
  10.00000   3.76385039034855e+01   1.75415811099796e+10
  10.00000   6.05918740051871e+01   1.24217537894130e+13
  10.00000   1.72716908568156e+02   2.89051606316034e+17
  10.00000   1.89972729440634e+02   7.42962608024699e+17
STATE 22 +0 24 Ti
   0.00000   1.11031271272596e+00   2.68448445925721e-02
   0.00000   1.22124196361441e+00   1.35360605851898e-01
   0.00000   2.87746054372997e+00   3.77843353588291e+00
   0.00000   1.20048150751891e+01   3.19745204351316e+02
   0.00000   5.00842957876581e+01   5.94665168426076e+03
   0.00000   5.50881234024567e+01   1.52236339870924e+03
   0.00000   7.20577924947435e+02   0.00000000000000e+00
   0.00000   7.92569507593484e+02   3.50407168289674e+02
   2.00000   8.86829253613016e+01   6.28639595634659e+05
   3.00000   1.07288413571496e+02   6.80878893544749e+07
   6.00000   3.11113989038482e+01   1.20638511649510e+08
   7.00000   2.37846390057435e+00   5.10150019413421e-04
   7.00000   9.02165582967966e+00   0.00000000000000e+00
   9.00000   9.92299246348503e+00   4.67206529339839e+03
   9.00000   3.76385039034855e+01   0.00000000000000e+00
  10.00000   2.61609174697463e+00   5.49109751187119e-07
  10.00000   3.82894031492419e+00   2.18049010295974e-03
  10.00000   4.21148252664787e+00   4.15401106735554e-03
  10.00000   1.45233996216170e+01   5.29254428615590e+05
  10.00000   1.59744051103537e+01   1.87698875608802e+05
  10.00000   3.76385039034855e+01   2.57245065029338e+10
  10.00000   6.05918740051871e+01   1.09994452111518e+13
  10.00000   1.72716908568156e+02   3.86208295678991e+17
  10.00000   1.89972729440634e+02   5.25266431516669e+17
STATE 23 -1 23 Ti
   0.00000   1.00945951479778e+00   4.50679382422498e-02
   0.00000   1.11031271272596e+00   1.17886234139721e-01
   0.00000   2.87746054372997e+00   4.01953081916539e+00
   0.00000   1.20048150751891e+01   3.19629521451872e+02
   0.00000   5.00842957876581e+01   5.83489320798142e+03
   0.00000   5.50881234024567e+01   1.63495991427549e+03
   0.00000   6.55125564315643e+02   0.00000000000000e+00
   0.00000   7.20577924947435e+02   2.73369124703691e+02
   2.00000   8.86829253613016e+01   6.64891011284740e+05
   3.00000   1.07288413571496e+02   6.85293297258988e+07
   6.00000   3.11113989038482e+01   1.18120962346867e+08
   7.00000   2.16242053929396e+00   8.43372042328991e-05
   7.00000   2.37846390057435e+00   3.02093653016640e-04
   7.00000   9.02165582967966e+00   2.58460322557488e+02
   8.00000   9.02165582967966e+00   1.78193303336618e+03
   9.00000   3.76385039034855e+01   1.16867358780138e+09
  10.00000   3.48114561617830e+00   0.00000000000000e+00
  10.00000   3.82894031492419e+00   2.37942996507144e-03
  10.00000   1.45233996216170e+01   5.32550152782968e+05
  10.00000   3.76385039034855e+01   2.29642049037885e+10
  10.00000   6.05918740051871e+01   1.09166106700216e+13
  10.00000   1.72716908568156e+02   4.07842031609619e+17
  10.00000   1.89972729440634e+02   5.14965526686388e+17
# orbitals: 1s2
CORE 2 5 Ti
   0.00000   3.76385039034855e+01   2.59510027317357e+02
   0.00000   4.13988959036138e+01   3.85939719505672e+03
   0.00000   5.00842957876581e+01   2.51503252008024e+03
   0.00000   5.50881234024567e+01   0.00000000000000e+00
   0.00000   1.07288413571496e+02   3.67286944483228e+02
# orbitals: 1s2 2s2
CORE 4 14 Ti
   0.00000   9.92299246348503e+00   5.94683987994665e+00
   0.00000   1.09143799419222e+01   9.74683158711981e-01
   0.00000   4.55349815825049e+01   5.82567278737153e+03
   0.00000   5.00842957876581e+01   1.71184038528868e+03
   0.00000   4.47609114030335e+02   3.05558678260088e+02
   2.00000   7.92569507593484e+02   7.39320907772612e+07
   3.00000   1.75703778232388e+01   2.45682731726371e+04
   3.00000   8.86829253613016e+01   1.89498210201381e+07
   3.00000   9.75430693227020e+01   0.00000000000000e+00
   5.00000   2.33803129438019e+01   0.00000000000000e+00
   6.00000   2.82854526316768e+01   9.66732407905019e+06
  10.00000   5.00842957876581e+01   2.34260982930091e+11
  10.00000   5.50881234024567e+01   4.77313962451983e+11
  10.00000   1.57028488210794e+02   8.49198395064092e+16
# orbitals: 1s2 2s2 2p6
CORE 10 15 Ti
   0.00000   1.09143799419222e+01   7.38421235353125e+01
   0.00000   1.20048150751891e+01   1.80957367626450e+02
   0.00000   5.00842957876581e+01   7.37380369698919e+03
   0.00000   5.95618447583164e+02   6.60258831163959e+02
   1.00000   8.71753633602917e+02   0.00000000000000e+00
   2.00000   8.86829253613016e+01   1.35985842198752e+06
   3.00000   1.75703778232388e+01   4.45612650976072e+04
   3.00000   1.93258011624651e+01   3.80257231196916e+04
   4.00000   2.12566055396464e+01   0.00000000000000e+00
   4.00000   1.18007396800353e+02   1.04222006259384e+09
   6.00000   3.11113989038482e+01   3.77621673303621e+07
   8.00000   4.13988959036138e+01   0.00000000000000e+00
   9.00000   1.72716908568156e+02   0.00000000000000e+00
  10.00000   5.50881234024567e+01   1.73684069314630e+12
  10.00000   1.72716908568156e+02   7.31941181931688e+17
# orbitals: 1s2 2s2 2p6 3s2
CORE 12 18 Ti
   0.00000   3.48114561617830e+00   4.13355213390466e-01
   0.00000   9.92299246348503e+00   1.09891757555691e+02
   0.00000   1.09143799419222e+01   1.41487802863795e+02
   0.00000   5.00842957876581e+01   7.49343259978520e+03
   0.00000   5.95618447583164e+02   3.63872710565603e+02
   1.00000   7.92569507593484e+02   0.00000000000000e+00
   2.00000   8.86829253613016e+01   7.26110107498234e+05
   3.00000   9.75430693227020e+01   3.71978231348309e+07
   6.00000   7.45715966846387e+00   0.00000000000000e+00
   6.00000   2.82854526316768e+01   3.57192386569938e+07
   6.00000   3.11113989038482e+01   5.11879935851775e+07
   7.00000   8.20219043889186e+00   2.16486051124904e+02
   7.00000   3.11113989038482e+01   0.00000000000000e+00
  10.00000   1.32041935278374e+01   1.88132511736661e+04
  10.00000   1.45233996216170e+01   1.42907504054881e+05
  10.00000   6.05918740051871e+01   8.98534224553263e+12
  10.00000   1.72716908568156e+02   3.61224906509608e+17
  10.00000   1.89972729440634e+02   0.00000000000000e+00
# orbitals: 1s2 2s2 2p6 3s2 3p6
CORE 18 22 Ti
   0.00000   3.16494220445360e+00   1.29213300266047e+00
   0.00000   3.48114561617830e+00   2.56546401176476e+00
   0.00000   1.20048150751891e+01   3.27575827068512e+02
   0.00000   5.00842957876581e+01   4.77997367482861e+03
   0.00000   5.50881234024567e+01   2.68146032508589e+03
   0.00000   8.71753633602917e+02   3.20956232224938e+02
   1.00000   1.16001334567634e+03   0.00000000000000e+00
   2.00000   8.86829253613016e+01   1.75620339379671e+06
   2.00000   1.54359088425681e+03   1.78257708395006e+08
   3.00000   1.07288413571496e+02   2.42195873892669e+06
   4.00000   5.60407866131078e+00   3.52155155894860e+01
   4.00000   1.18007396800353e+02   1.33278711966739e+09
   6.00000   7.45715966846387e+00   0.00000000000000e+00
   6.00000   3.11113989038482e+01   1.10583752967576e+08
   7.00000   9.02165582967966e+00   4.10338370026303e+02
   9.00000   9.92299246348503e+00   2.48708810288389e+03
   9.00000   1.72716908568156e+02   0.00000000000000e+00
  10.00000   1.45233996216170e+01   4.87392580421582e+05
  10.00000   3.76385039034855e+01   3.01800700498321e+10
  10.00000   5.50881234024567e+01   8.37126951137737e+11
  10.00000   6.05918740051871e+01   9.28064187278157e+12
  10.00000   1.72716908568156e+02   5.65830164956496e+17
# orbitals: 1s2 2s2 2p6 3s2 3p6 4s2
CORE 20 24 Ti
   0.00000   1.11031271272596e+00   6.24920093379249e-02
   0.00000   2.87746054372997e+00   1.56526134260072e+00
   0.00000   3.16494220445360e+00   1.97600407706749e+00
   0.00000   1.20048150751891e+01   3.20596598695655e+02
   0.00000   5.00842957876581e+01   5.96999874531469e+03
   0.00000   5.50881234024567e+01   1.49735031070253e+03
   0.00000   7.20577924947435e+02   0.00000000000000e+00
   0.00000   7.92569507593484e+02   3.59404164259528e+02
   1.00000   1.05464568284593e+03   0.00000000000000e+00
   2.00000   8.86829253613016e+01   6.30133856743228e+05
   3.00000   1.07288413571496e+02   6.73658448829132e+07
   6.00000   2.16242053929396e+00   0.00000000000000e+00
   6.00000   3.11113989038482e+01   1.20609295014099e+08
   7.00000   2.37846390057435e+00   7.07564678399231e-04
   7.00000   9.02165582967966e+00   1.60214118039173e+02
   9.00000   9.92299246348503e+00   4.06476709683810e+03
  10.00000   3.82894031492419e+00   1.61003271649015e-03
  10.00000   4.21148252664787e+00   8.01345584301421e-03
  10.00000   1.45233996216170e+01   5.15589284803632e+05
  10.00000   1.59744051103537e+01   1.22549381777489e+05
  10.00000   3.76385039034855e+01   2.66019444771278e+10
  10.00000   6.05918740051871e+01   1.11299242281285e+13
  10.00000   1.72716908568156e+02   3.71411586965083e+17
  10.00000   1.89972729440634e+02   5.50145249250746e+17
