# Free-atom, free-ion and frozen-core density fits -- In (Z = 49)
#
#   rho(r) = sum_i c_i r^n_i exp(-alpha_i r)      r in bohr, rho in e/bohr^3
#
# All-electron B86BPBE densities (scalar-relativistic, spin-restricted),
# fitted with rhofit.py (monotone decay imposed).  Two kinds of block:
#
#   STATE <N> <q> <nterm> <symbol>
#     the atom or ion with N electrons (charge q), in order of increasing N;
#   CORE <N_core> <nterm> <symbol>
#     the frozen core of the neutral atom with N_core electrons, for a
#     pseudopotential with Z - N_core valence electrons, in order of
#     increasing N_core, each preceded by a '# orbitals:' comment.
#
# Each block header is followed by nterm lines:   n   alpha   c
#
# Generated 2026-09-23 by combine_fits.py from
#   /home/alberto/doc/manuals/critic2/atomic_density_fits/15_rhofit/rho_b86bpbe_mono/fit_049_In.dat
#     recipe: --npow 0,1,2,3,4,5,6,7,8,9,10 --amin 0.2 --ratio 1.1 --mom 3 --cusp none --targetz 1e-3 --besteffort --monotone --stats
#   /home/alberto/doc/manuals/critic2/atomic_density_fits/15_rhofit/core_b86bpbe_mono/core_049_In.dat
#     recipe: --npow 0,1,2,3,4,5,6,7,8,9,10 --amin 0.2 --ratio 1.1 --mom 3 --cusp none --besteffort --monotone --stats --target 1e-3*N_core
#
STATE 46 +3 28 In
   0.00000   3.11996736361772e+00   1.45525576777598e+00
   0.00000   3.42998421966000e+00   6.25472966861829e+00
   0.00000   1.17527376947636e+01   0.00000000000000e+00
   0.00000   1.29205533688979e+01   6.47665075994212e+02
   0.00000   3.03081726243711e+01   4.91025904454699e+03
   0.00000   1.25513608402905e+02   1.07501432178390e+05
   0.00000   7.59259373079262e+02   3.06862570410313e+04
   0.00000   8.34703496792701e+02   0.00000000000000e+00
   0.00000   3.80019049106475e+03   4.25399984357945e+04
   0.00000   4.17779800136755e+03   0.00000000000000e+00
   4.00000   5.50810837154536e+00   4.65131178687898e+01
   4.00000   2.67810365588135e+02   5.81147541339524e+11
   5.00000   3.23676764425521e+02   0.00000000000000e+00
   8.00000   9.72422281927608e+00   8.10840193916007e+03
   8.00000   3.33197568155913e+01   8.87983270261146e+08
   9.00000   3.33197568155913e+01   2.26467709991021e+10
   9.00000   1.03850041297612e+02   5.05758669735232e+15
  10.00000   6.65712356536926e+00   2.75600260877203e+00
  10.00000   1.42044095336969e+01   5.41744588510034e+04
  10.00000   1.56158366008274e+01   3.29261023780502e+06
  10.00000   4.42718872423573e+01   1.03144930436419e+12
  10.00000   4.86709817501984e+01   2.21836137950725e+12
  10.00000   1.51696289163440e+02   1.47556316301251e+18
  10.00000   1.66769654092873e+02   2.36967791910450e+18
  10.00000   4.30068601548509e+02   5.65642339991025e+22
  10.00000   6.90634216609592e+02   6.27133600930835e+24
  10.00000   7.59259373079262e+02   0.00000000000000e+00
  10.00000   2.86008640928355e+03   1.54875736167574e+31
STATE 47 +2 27 In
   0.00000   1.76724851680953e+00   0.00000000000000e+00
   0.00000   2.34813919856714e+00   2.65721087446512e+00
   0.00000   2.58146302764891e+00   2.67717106536618e+00
   0.00000   1.17527376947636e+01   5.05858327086773e+02
   0.00000   3.03081726243711e+01   5.14620969617180e+03
   0.00000   3.33197568155913e+01   0.00000000000000e+00
   0.00000   1.25513608402905e+02   1.07518897565788e+05
   0.00000   7.59259373079262e+02   3.03353606275275e+04
   0.00000   8.34703496792701e+02   0.00000000000000e+00
   0.00000   3.80019049106475e+03   4.42489990180364e+04
   0.00000   4.17779800136755e+03   0.00000000000000e+00
   5.00000   3.23676764425521e+02   7.35172185364642e+13
   8.00000   9.72422281927608e+00   7.63321242963485e+03
   8.00000   3.33197568155913e+01   9.00965104083946e+09
   9.00000   3.33197568155913e+01   5.74091639756138e+09
   9.00000   1.03850041297612e+02   5.47593875834489e+15
  10.00000   4.14549374073717e+00   7.89684314318717e-04
  10.00000   4.55741245220602e+00   0.00000000000000e+00
  10.00000   1.06904742682627e+01   0.00000000000000e+00
  10.00000   1.42044095336969e+01   1.21585144488290e+05
  10.00000   1.56158366008274e+01   3.12170444880854e+06
  10.00000   4.86709817501984e+01   2.25821847145231e+12
  10.00000   1.51696289163440e+02   1.20286097912982e+18
  10.00000   1.66769654092873e+02   3.21870218601710e+18
  10.00000   4.30068601548509e+02   8.18070619010319e+22
  10.00000   7.59259373079262e+02   2.33438357487799e+25
  10.00000   2.86008640928355e+03   1.43983546271011e+31
STATE 48 +1 27 In
   0.00000   1.76724851680953e+00   0.00000000000000e+00
   0.00000   1.94285190145243e+00   1.99894148707423e+00
   0.00000   2.58146302764891e+00   1.37176307631637e+00
   0.00000   1.17527376947636e+01   6.35201352567139e+02
   0.00000   3.33197568155913e+01   5.53598081286470e+03
   0.00000   1.25513608402905e+02   1.06735906615326e+05
   0.00000   7.59259373079262e+02   3.11412664920110e+04
   0.00000   8.34703496792701e+02   0.00000000000000e+00
   0.00000   4.17779800136755e+03   5.01370545400907e+04
   0.00000   4.59292663914338e+03   0.00000000000000e+00
   5.00000   3.23676764425521e+02   7.81511028172761e+13
   7.00000   9.44636239728884e+01   0.00000000000000e+00
   8.00000   9.72422281927608e+00   8.17890573505741e+03
   8.00000   3.33197568155913e+01   1.90895808561678e+09
   9.00000   3.33197568155913e+01   1.71396820219014e+10
   9.00000   1.03850041297612e+02   5.74065060535669e+15
  10.00000   4.14549374073717e+00   0.00000000000000e+00
  10.00000   4.55741245220602e+00   6.24338621469027e-03
  10.00000   1.42044095336969e+01   2.67422440402344e+04
  10.00000   1.56158366008274e+01   3.64966100493556e+06
  10.00000   4.42718872423573e+01   1.18700443049914e+12
  10.00000   4.86709817501984e+01   9.18467002730314e+11
  10.00000   1.51696289163440e+02   1.37206512859725e+18
  10.00000   1.66769654092873e+02   3.45841593340253e+18
  10.00000   4.30068601548509e+02   5.07358828218283e+22
  10.00000   7.59259373079262e+02   1.09791829423567e+25
  10.00000   2.86008640928355e+03   1.74755629246377e+31
STATE 49 +0 29 In
   0.00000   8.28249264371541e-01   0.00000000000000e+00
   0.00000   1.10049296709345e+00   0.00000000000000e+00
   0.00000   1.20984390894412e+00   2.49182687686167e-01
   0.00000   2.58146302764891e+00   5.17188806650207e+00
   0.00000   2.83797117614862e+00   0.00000000000000e+00
   0.00000   1.17527376947636e+01   5.97139598865091e+02
   0.00000   3.33197568155913e+01   5.59173510916840e+03
   0.00000   1.25513608402905e+02   1.06700405928939e+05
   0.00000   7.59259373079262e+02   3.11131247163445e+04
   0.00000   8.34703496792701e+02   0.00000000000000e+00
   0.00000   4.17779800136755e+03   5.06427593473773e+04
   5.00000   3.23676764425521e+02   7.28864184312038e+13
   7.00000   9.44636239728884e+01   0.00000000000000e+00
   8.00000   9.72422281927608e+00   6.87763677580077e+03
   8.00000   3.33197568155913e+01   9.51539897136717e+09
   9.00000   3.33197568155913e+01   2.58430535668218e+09
   9.00000   1.03850041297612e+02   6.03326460825280e+15
  10.00000   1.76724851680953e+00   5.52741480067178e-09
  10.00000   4.14549374073717e+00   0.00000000000000e+00
  10.00000   4.55741245220602e+00   1.42760597352282e-02
  10.00000   1.42044095336969e+01   1.91223751531646e+05
  10.00000   1.56158366008274e+01   2.98874262063301e+06
  10.00000   4.42718872423573e+01   1.78541770961963e+11
  10.00000   4.86709817501984e+01   1.21085367366926e+12
  10.00000   1.51696289163440e+02   1.12519686983719e+18
  10.00000   1.66769654092873e+02   4.22222855847776e+18
  10.00000   4.30068601548509e+02   5.90907563965719e+22
  10.00000   7.59259373079262e+02   1.49932834622779e+25
  10.00000   2.86008640928355e+03   1.88348472197517e+31
STATE 50 -1 30 In
   0.00000   8.28249264371541e-01   0.00000000000000e+00
   0.00000   1.10049296709345e+00   8.61266898361904e-02
   0.00000   1.20984390894412e+00   2.79602803172036e-01
   0.00000   2.58146302764891e+00   3.76655823318011e+00
   0.00000   2.83797117614862e+00   0.00000000000000e+00
   0.00000   1.17527376947636e+01   6.24555191261506e+02
   0.00000   3.33197568155913e+01   5.55392656694582e+03
   0.00000   1.25513608402905e+02   1.06718396905167e+05
   0.00000   7.59259373079262e+02   3.11382486268078e+04
   0.00000   8.34703496792701e+02   0.00000000000000e+00
   0.00000   4.17779800136755e+03   5.02467049468147e+04
   0.00000   4.59292663914338e+03   0.00000000000000e+00
   5.00000   3.23676764425521e+02   7.68698294455406e+13
   7.00000   9.44636239728884e+01   0.00000000000000e+00
   8.00000   9.72422281927608e+00   7.94314152455218e+03
   8.00000   3.33197568155913e+01   3.92520225233851e+09
   9.00000   3.33197568155913e+01   1.32280433341650e+10
   9.00000   1.03850041297612e+02   5.81431117248038e+15
  10.00000   1.76724851680953e+00   1.03605391023036e-08
  10.00000   4.14549374073717e+00   0.00000000000000e+00
  10.00000   4.55741245220602e+00   3.98737426790426e-03
  10.00000   1.42044095336969e+01   7.05789890779848e+04
  10.00000   1.56158366008274e+01   3.51230553792057e+06
  10.00000   4.42718872423573e+01   9.27798646945325e+11
  10.00000   4.86709817501984e+01   9.82874497721320e+11
  10.00000   1.51696289163440e+02   1.31168436800926e+18
  10.00000   1.66769654092873e+02   3.64937922291943e+18
  10.00000   4.30068601548509e+02   5.25915876409792e+22
  10.00000   7.59259373079262e+02   1.18880764317355e+25
  10.00000   2.86008640928355e+03   1.78438953772347e+31
STATE 51 -2 29 In
   0.00000   8.28249264371541e-01   0.00000000000000e+00
   0.00000   1.10049296709345e+00   2.28646663210609e-01
   0.00000   1.20984390894412e+00   2.08350922778846e-01
   0.00000   2.83797117614862e+00   4.80878668202441e+00
   0.00000   1.17527376947636e+01   5.27450006904835e+02
   0.00000   3.03081726243711e+01   5.12660450933558e+03
   0.00000   3.33197568155913e+01   0.00000000000000e+00
   0.00000   1.25513608402905e+02   1.07527277608078e+05
   0.00000   7.59259373079262e+02   3.02232366311363e+04
   0.00000   8.34703496792701e+02   0.00000000000000e+00
   0.00000   3.45671278593453e+03   3.73830687071999e+04
   0.00000   3.80019049106475e+03   0.00000000000000e+00
   5.00000   3.23676764425521e+02   7.85661080523347e+13
   8.00000   9.72422281927608e+00   7.62070398854608e+03
   8.00000   3.33197568155913e+01   4.89554895653429e+09
   9.00000   3.33197568155913e+01   1.28793988805988e+10
   9.00000   1.03850041297612e+02   5.25831857237716e+15
  10.00000   1.76724851680953e+00   1.29770284585005e-08
  10.00000   4.14549374073717e+00   0.00000000000000e+00
  10.00000   4.55741245220602e+00   3.85061811132977e-03
  10.00000   1.42044095336969e+01   9.75632916313888e+04
  10.00000   1.56158366008274e+01   3.39050018896267e+06
  10.00000   4.42718872423573e+01   6.66707108465358e+11
  10.00000   4.86709817501984e+01   1.80889445974796e+12
  10.00000   1.51696289163440e+02   1.42268062777732e+18
  10.00000   1.66769654092873e+02   2.57506234897412e+18
  10.00000   4.30068601548509e+02   7.26424287837479e+22
  10.00000   7.59259373079262e+02   1.90787843907667e+25
  10.00000   2.86008640928355e+03   1.42979354327381e+31
STATE 52 -3 30 In
   0.00000   1.00102563782720e+00   2.51605179503016e-02
   0.00000   1.10049296709345e+00   4.12489420201169e-01
   0.00000   2.83797117614862e+00   4.50968912919689e+00
   0.00000   1.17527376947636e+01   5.28891774121847e+02
   0.00000   3.03081726243711e+01   5.12516826702634e+03
   0.00000   3.33197568155913e+01   0.00000000000000e+00
   0.00000   1.25513608402905e+02   1.07509262572802e+05
   0.00000   7.59259373079262e+02   3.06059133430495e+04
   0.00000   8.34703496792701e+02   0.00000000000000e+00
   0.00000   3.80019049106475e+03   4.23027995122975e+04
   0.00000   4.17779800136755e+03   0.00000000000000e+00
   5.00000   3.23676764425521e+02   7.82451946422513e+13
   8.00000   9.72422281927608e+00   4.14711330695701e+03
   8.00000   3.33197568155913e+01   4.52769541954092e+09
   9.00000   1.06904742682627e+01   1.00736777690491e+04
   9.00000   3.33197568155913e+01   1.37541083126661e+10
   9.00000   1.03850041297612e+02   5.25569524165016e+15
  10.00000   1.60751692799161e+00   1.80855603630461e-09
  10.00000   4.14549374073717e+00   0.00000000000000e+00
  10.00000   4.55741245220602e+00   7.43271033602487e-03
  10.00000   1.42044095336969e+01   0.00000000000000e+00
  10.00000   1.56158366008274e+01   3.71785016430390e+06
  10.00000   4.42718872423573e+01   6.93388842075001e+11
  10.00000   4.86709817501984e+01   1.85773923401870e+12
  10.00000   1.51696289163440e+02   1.42085456957284e+18
  10.00000   1.66769654092873e+02   2.58044935566159e+18
  10.00000   4.30068601548509e+02   7.32882060030178e+22
  10.00000   7.59259373079262e+02   1.98190168661078e+25
  10.00000   2.60157939005790e+03   4.50567884673301e+30
  10.00000   2.86008640928355e+03   0.00000000000000e+00
# orbitals: 1s2
CORE 2 5 In
   0.00000   9.44636239728884e+01   3.82805951993300e+04
   0.00000   1.03850041297612e+02   3.09413509261080e+04
   0.00000   1.51696289163440e+02   2.12043042218923e+04
   0.00000   3.23676764425521e+02   0.00000000000000e+00
   0.00000   3.55839040881127e+02   2.08866485195832e+04
# orbitals: 1s2 2s2
CORE 4 17 In
   0.00000   2.75687884792377e+01   1.81309182712162e+02
   0.00000   3.03081726243711e+01   4.15926226377031e+02
   0.00000   1.03850041297612e+02   0.00000000000000e+00
   0.00000   1.14169143887716e+02   1.05085543254463e+05
   0.00000   5.71431200401934e+02   2.84602611055015e+04
   0.00000   2.60157939005790e+03   3.59932516740049e+04
   0.00000   2.86008640928355e+03   0.00000000000000e+00
   4.00000   4.86709817501984e+01   3.53594211845485e+07
   5.00000   5.88239587355829e+01   1.71175631591566e+09
   5.00000   2.67810365588135e+02   7.25275281527946e+12
   6.00000   2.94421454064040e+02   4.73903413791790e+14
   9.00000   1.03850041297612e+02   4.44536364192198e+14
  10.00000   1.25513608402905e+02   4.90829508862766e+16
  10.00000   3.55839040881127e+02   9.61967433898625e+21
  10.00000   5.71431200401934e+02   1.22915448504529e+24
  10.00000   1.95799180953479e+03   0.00000000000000e+00
  10.00000   2.15254848087274e+03   1.64491073190904e+29
# orbitals: 1s2 2s2 2p6
CORE 10 16 In
   0.00000   3.03081726243711e+01   4.19094604074758e+03
   0.00000   3.33197568155913e+01   3.80643172141483e+02
   0.00000   1.25513608402905e+02   1.06793665891676e+05
   0.00000   8.34703496792701e+02   3.15360604381704e+04
   0.00000   4.17779800136755e+03   4.05719256974226e+04
   3.00000   4.86709817501984e+01   2.37694555775069e+07
   4.00000   5.35071941153148e+01   1.76710121839719e+08
   4.00000   2.67810365588135e+02   8.59343999252221e+11
   9.00000   1.14169143887716e+02   3.86884717297992e+15
  10.00000   7.10948905671388e+01   1.30779799930308e+13
  10.00000   1.37985320357761e+02   2.73659934340592e+16
  10.00000   3.91197135327073e+02   4.64942053872156e+22
  10.00000   4.30068601548509e+02   0.00000000000000e+00
  10.00000   6.90634216609592e+02   1.06514004174791e+25
  10.00000   7.59259373079262e+02   0.00000000000000e+00
  10.00000   3.14428008610048e+03   7.59432923716813e+31
# orbitals: 1s2 2s2 2p6 3s2
CORE 12 17 In
   0.00000   2.50770017589842e+01   1.03910282889715e+03
   0.00000   2.75687884792377e+01   3.68967426456861e+03
   0.00000   1.25513608402905e+02   1.08455371751871e+05
   0.00000   8.34703496792701e+02   3.28117160761692e+04
   0.00000   4.17779800136755e+03   4.12589037415259e+04
   4.00000   2.67810365588135e+02   7.61324913207608e+11
   7.00000   2.28104335340558e+01   0.00000000000000e+00
   7.00000   8.59255917724551e+01   4.02361651764704e+12
   8.00000   8.59255917724551e+01   5.16062240976647e+13
  10.00000   2.75687884792377e+01   3.14253917780418e+08
  10.00000   3.66305883238047e+01   3.21912188550817e+10
  10.00000   4.02704019832519e+01   6.62124327829636e+10
  10.00000   1.37985320357761e+02   2.48471281904731e+17
  10.00000   1.51696289163440e+02   1.19959285804394e+18
  10.00000   4.30068601548509e+02   7.42790184556137e+22
  10.00000   7.59259373079262e+02   1.54651380399103e+25
  10.00000   3.14428008610048e+03   1.04632008192180e+32
# orbitals: 1s2 2s2 2p6 3s2 3p6
CORE 18 19 In
   0.00000   1.06904742682627e+01   4.59350634696391e+01
   0.00000   1.17527376947636e+01   4.13349880900713e+01
   0.00000   3.03081726243711e+01   5.96987062852795e+03
   0.00000   1.25513608402905e+02   1.06622436753498e+05
   0.00000   8.34703496792701e+02   3.39883997113369e+04
   0.00000   4.17779800136755e+03   3.74040595753377e+04
   4.00000   2.94421454064040e+02   0.00000000000000e+00
   5.00000   3.23676764425521e+02   5.41425648052710e+13
   7.00000   2.50770017589842e+01   8.05831635061175e+07
   8.00000   9.44636239728884e+01   1.66180004975352e+14
   9.00000   4.30068601548509e+02   1.87653396025920e+21
  10.00000   2.75687884792377e+01   1.08924564341274e+07
  10.00000   4.02704019832519e+01   2.82768177943250e+11
  10.00000   4.42718872423573e+01   3.08584836710110e+11
  10.00000   1.03850041297612e+02   1.86006131186739e+16
  10.00000   1.51696289163440e+02   2.33422272967285e+18
  10.00000   1.66769654092873e+02   9.51212902436100e+17
  10.00000   7.59259373079262e+02   1.66893802061215e+25
  10.00000   3.14428008610048e+03   1.02729144182425e+32
# orbitals: 1s2 2s2 2p6 3s2 3p6 3d10
CORE 28 21 In
   0.00000   1.06904742682627e+01   9.18198412753250e+01
   0.00000   1.17527376947636e+01   5.18153028269965e+02
   0.00000   3.33197568155913e+01   5.44897334244462e+03
   0.00000   1.25513608402905e+02   1.06547498710528e+05
   0.00000   8.34703496792701e+02   3.47100895690072e+04
   0.00000   4.59292663914338e+03   3.97718746682860e+04
   0.00000   5.04930470684504e+03   0.00000000000000e+00
   5.00000   3.23676764425521e+02   7.19453246828798e+13
   6.00000   2.28104335340558e+01   1.91154900309442e+07
   7.00000   2.50770017589842e+01   0.00000000000000e+00
   7.00000   9.44636239728884e+01   0.00000000000000e+00
   8.00000   3.03081726243711e+01   4.33913324009189e+08
   9.00000   1.03850041297612e+02   5.83305320793965e+15
  10.00000   4.02704019832519e+01   2.59665274140659e+11
  10.00000   4.42718872423573e+01   6.63720373834688e+11
  10.00000   1.51696289163440e+02   1.09319285866827e+18
  10.00000   1.66769654092873e+02   3.80254210454367e+18
  10.00000   4.30068601548509e+02   7.01583288064644e+22
  10.00000   7.59259373079262e+02   1.75264000047920e+25
  10.00000   2.86008640928355e+03   3.85543404749055e+31
  10.00000   3.14428008610048e+03   0.00000000000000e+00
# orbitals: 1s2 2s2 2p6 3s2 3p6 3d10 4s2
CORE 30 23 In
   0.00000   5.01026163793679e+00   3.46127565898037e+00
   0.00000   9.72422281927608e+00   4.25972001783406e+02
   0.00000   3.33197568155913e+01   5.80612640155556e+03
   0.00000   1.25513608402905e+02   1.06714011887651e+05
   0.00000   8.34703496792701e+02   3.53873696763219e+04
   0.00000   5.04930470684504e+03   4.29307110717322e+04
   5.00000   3.23676764425521e+02   8.80380674100062e+13
   7.00000   9.44636239728884e+01   9.66922064488403e+12
   8.00000   3.03081726243711e+01   2.01908921320787e+09
   9.00000   9.72422281927608e+00   1.13224019334218e+02
   9.00000   3.33197568155913e+01   3.03304068600207e+09
   9.00000   1.03850041297612e+02   1.43701887748020e+15
   9.00000   4.30068601548509e+02   0.00000000000000e+00
   9.00000   2.86008640928355e+03   0.00000000000000e+00
  10.00000   9.72422281927608e+00   0.00000000000000e+00
  10.00000   1.42044095336969e+01   1.19565135293298e+05
  10.00000   1.56158366008274e+01   2.86158607804938e+05
  10.00000   4.42718872423573e+01   1.16018613190618e+12
  10.00000   1.03850041297612e+02   2.35809166027151e+16
  10.00000   1.51696289163440e+02   1.86313548796822e+18
  10.00000   1.66769654092873e+02   1.35893212547340e+18
  10.00000   4.30068601548509e+02   3.36621788235731e+22
  10.00000   2.86008640928355e+03   3.41610390887638e+31
# orbitals: 1s2 2s2 2p6 3s2 3p6 3d10 4s2 4p6
CORE 36 25 In
   0.00000   4.14549374073717e+00   3.52204259796172e+00
   0.00000   4.55741245220602e+00   4.05686437649737e+00
   0.00000   1.06904742682627e+01   5.07550065884945e+02
   0.00000   3.33197568155913e+01   5.72115255936273e+03
   0.00000   1.25513608402905e+02   1.06282213435380e+05
   0.00000   7.59259373079262e+02   3.20403334537967e+04
   0.00000   8.34703496792701e+02   0.00000000000000e+00
   0.00000   3.45671278593453e+03   3.20658585276029e+04
   4.00000   2.67810365588135e+02   6.67335180825752e+11
   5.00000   3.23676764425521e+02   0.00000000000000e+00
   7.00000   9.44636239728884e+01   2.85813319985218e+12
   8.00000   9.72422281927608e+00   5.35021067882088e+01
   9.00000   1.06904742682627e+01   8.91438407045929e+03
   9.00000   3.33197568155913e+01   1.90241338225343e+10
   9.00000   1.03850041297612e+02   5.41797138480525e+15
  10.00000   1.42044095336969e+01   1.12386893938080e+04
  10.00000   1.56158366008274e+01   2.48510084406890e+06
  10.00000   3.66305883238047e+01   0.00000000000000e+00
  10.00000   4.42718872423573e+01   1.50735707448837e+12
  10.00000   1.51696289163440e+02   1.07852932327654e+18
  10.00000   1.66769654092873e+02   3.96307343018704e+18
  10.00000   4.30068601548509e+02   1.86096255788371e+22
  10.00000   7.59259373079262e+02   0.00000000000000e+00
  10.00000   2.60157939005790e+03   1.05693629608383e+31
  10.00000   2.86008640928355e+03   0.00000000000000e+00
# orbitals: 1s2 2s2 2p6 3s2 3p6 3d10 4s2 4p6 4d10
CORE 46 26 In
   0.00000   2.83797117614862e+00   5.72502920493751e+00
   0.00000   3.11996736361772e+00   3.50222007364191e+00
   0.00000   1.29205533688979e+01   6.19594838725630e+02
   0.00000   3.03081726243711e+01   4.93939532663462e+03
   0.00000   1.25513608402905e+02   1.07618028674301e+05
   0.00000   7.59259373079262e+02   3.04961457235880e+04
   0.00000   8.34703496792701e+02   0.00000000000000e+00
   0.00000   3.80019049106475e+03   4.21231723575585e+04
   4.00000   5.50810837154536e+00   1.21015238304877e+01
   4.00000   2.67810365588135e+02   4.63262933665020e+11
   5.00000   3.23676764425521e+02   0.00000000000000e+00
   7.00000   8.84530536869218e+00   2.58274184365663e+03
   8.00000   3.33197568155913e+01   0.00000000000000e+00
   9.00000   9.72422281927608e+00   2.04424354648372e+02
   9.00000   1.03850041297612e+02   5.26949339918137e+15
  10.00000   1.42044095336969e+01   3.43909359887260e+05
  10.00000   1.56158366008274e+01   2.09715343277318e+06
  10.00000   3.66305883238047e+01   2.37180264769199e+11
  10.00000   4.42718872423573e+01   4.33464173390851e+11
  10.00000   4.86709817501984e+01   4.05179293926170e+12
  10.00000   1.51696289163440e+02   1.25498433807613e+18
  10.00000   1.66769654092873e+02   3.02134830337871e+18
  10.00000   4.30068601548509e+02   7.78364920445305e+22
  10.00000   6.90634216609592e+02   1.04075052367314e+25
  10.00000   7.59259373079262e+02   0.00000000000000e+00
  10.00000   2.86008640928355e+03   8.88237761603563e+30
# orbitals: 1s2 2s2 2p6 3s2 3p6 3d10 4s2 4p6 4d10 5s2
CORE 48 27 In
   0.00000   1.60751692799161e+00   5.31676324491659e-01
   0.00000   2.58146302764891e+00   4.58954852180330e+00
   0.00000   2.83797117614862e+00   0.00000000000000e+00
   0.00000   1.17527376947636e+01   5.21077514495173e+02
   0.00000   3.03081726243711e+01   5.13129479741081e+03
   0.00000   3.33197568155913e+01   0.00000000000000e+00
   0.00000   1.25513608402905e+02   1.07530540522244e+05
   0.00000   7.59259373079262e+02   3.03785297789560e+04
   0.00000   8.34703496792701e+02   0.00000000000000e+00
   0.00000   3.80019049106475e+03   4.38898258522977e+04
   0.00000   4.17779800136755e+03   0.00000000000000e+00
   5.00000   3.23676764425521e+02   7.73006986439503e+13
   8.00000   9.72422281927608e+00   7.27971749384835e+03
   8.00000   3.33197568155913e+01   6.35359897144816e+09
   9.00000   3.33197568155913e+01   1.02505287689810e+10
   9.00000   1.03850041297612e+02   5.32304156800682e+15
  10.00000   4.14549374073717e+00   1.52207940524631e-03
  10.00000   4.55741245220602e+00   8.07090886275598e-03
  10.00000   1.42044095336969e+01   1.25302815340554e+05
  10.00000   1.56158366008274e+01   3.18013407602715e+06
  10.00000   4.42718872423573e+01   4.49004865578602e+11
  10.00000   4.86709817501984e+01   1.90680930604905e+12
  10.00000   1.51696289163440e+02   1.36185133552990e+18
  10.00000   1.66769654092873e+02   2.75081271609638e+18
  10.00000   4.30068601548509e+02   7.50424616125127e+22
  10.00000   7.59259373079262e+02   2.01793101955012e+25
  10.00000   2.86008640928355e+03   1.35851162307481e+31
