# Free-atom, free-ion and frozen-core density fits -- Tc (Z = 43)
#
#   rho(r) = sum_i c_i r^n_i exp(-alpha_i r)      r in bohr, rho in e/bohr^3
#
# All-electron B86BPBE densities (scalar-relativistic, spin-restricted),
# fitted with rhofit.py (monotone decay imposed).  Two kinds of block:
#
#   STATE <N> <q> <nterm> <symbol>
#     the atom or ion with N electrons (charge q), in order of increasing N;
#   CORE <N_core> <nterm> <symbol>
#     the frozen core of the neutral atom with N_core electrons, for a
#     pseudopotential with Z - N_core valence electrons, in order of
#     increasing N_core, each preceded by a '# orbitals:' comment.
#
# Each block header is followed by nterm lines:   n   alpha   c
#
# Generated 2026-09-23 by combine_fits.py from
#   /home/alberto/doc/manuals/critic2/atomic_density_fits/15_rhofit/rho_b86bpbe_mono/fit_043_Tc.dat
#     recipe: --npow 0,1,2,3,4,5,6,7,8,9,10 --amin 0.2 --ratio 1.1 --mom 3 --cusp none --targetz 1e-3 --besteffort --monotone --stats
#   /home/alberto/doc/manuals/critic2/atomic_density_fits/15_rhofit/core_b86bpbe_mono/core_043_Tc.dat
#     recipe: --npow 0,1,2,3,4,5,6,7,8,9,10 --amin 0.2 --ratio 1.1 --mom 3 --cusp none --besteffort --monotone --stats --target 1e-3*N_core
#
STATE 36 +7 22 Tc
   0.00000   4.21578181176939e+00   0.00000000000000e+00
   0.00000   4.63712048183122e+00   5.48206771480045e+00
   0.00000   8.21239640678015e+00   2.46300559115292e+02
   0.00000   2.83323897312682e+01   3.68847412152418e+03
   0.00000   1.07514431815093e+02   6.73617275174435e+04
   0.00000   7.94771160270422e+02   1.69607511780562e+04
   4.00000   2.53395589079047e+02   3.52348234816611e+11
   5.00000   2.78720751829178e+02   3.49835010792312e+12
   7.00000   8.07897012051493e+01   0.00000000000000e+00
   9.00000   9.03316947677000e+00   1.03560038602101e+03
   9.00000   2.83323897312682e+01   2.67333797294739e+09
   9.00000   8.88640814222279e+01   9.48358841221236e+14
  10.00000   9.03316947677000e+00   3.60236870063008e+01
  10.00000   1.20212857492592e+01   4.87347118638188e+04
  10.00000   1.32227313591543e+01   1.72978136330281e+05
  10.00000   3.42786504419899e+01   0.00000000000000e+00
  10.00000   3.77045680140098e+01   1.55523479326253e+11
  10.00000   1.30079024770417e+02   1.79671892992592e+17
  10.00000   1.43079537070816e+02   5.61216155551906e+17
  10.00000   3.70919842764311e+02   6.55238607456183e+21
  10.00000   2.74192393359911e+03   1.38488826432395e+31
  10.00000   3.01596055009765e+03   0.00000000000000e+00
STATE 37 +6 24 Tc
   0.00000   3.48447712418484e+00   1.92052568182758e+00
   0.00000   3.83272687308461e+00   5.10576972082183e+00
   0.00000   9.03316947677000e+00   2.80854405198329e+02
   0.00000   2.83323897312682e+01   3.60758364479898e+03
   0.00000   1.07514431815093e+02   6.76759380930844e+04
   0.00000   7.94771160270422e+02   1.58791077388916e+04
   0.00000   4.85598041892185e+03   2.20072700774629e+04
   4.00000   2.53395589079047e+02   4.29035289902709e+10
   5.00000   2.78720751829178e+02   2.20414410252891e+13
   7.00000   8.07897012051493e+01   0.00000000000000e+00
   9.00000   8.21239640678015e+00   0.00000000000000e+00
   9.00000   2.83323897312682e+01   1.78288875084965e+09
   9.00000   8.88640814222279e+01   9.40105538788888e+14
   9.00000   2.74192393359911e+03   2.26036556942932e+28
  10.00000   9.03316947677000e+00   7.45422890122270e+02
  10.00000   1.20212857492592e+01   6.77558535433785e+04
  10.00000   1.32227313591543e+01   1.14848909987109e+05
  10.00000   2.83323897312682e+01   2.20759154696944e+09
  10.00000   3.77045680140098e+01   1.88055563145206e+11
  10.00000   1.30079024770417e+02   1.68968022112038e+17
  10.00000   1.43079537070816e+02   5.80521962109315e+17
  10.00000   3.70919842764311e+02   7.97478558360872e+21
  10.00000   6.56903523610443e+02   3.04416883063228e+24
  10.00000   2.74192393359911e+03   0.00000000000000e+00
STATE 38 +5 26 Tc
   0.00000   3.16787009119588e+00   4.31199960453171e+00
   0.00000   3.48447712418484e+00   0.00000000000000e+00
   0.00000   9.03316947677000e+00   2.73646521599037e+02
   0.00000   2.83323897312682e+01   3.68259383965264e+03
   0.00000   1.07514431815093e+02   6.73696031903713e+04
   0.00000   7.22556555326710e+02   1.45955528128118e+04
   0.00000   7.94771160270422e+02   0.00000000000000e+00
   0.00000   4.01362153942237e+03   2.16828605913195e+04
   4.00000   2.53395589079047e+02   2.98329631013109e+11
   5.00000   2.78720751829178e+02   0.00000000000000e+00
   7.00000   7.46620053078107e+00   3.94752908488858e+02
   9.00000   8.21239640678015e+00   0.00000000000000e+00
   9.00000   2.83323897312682e+01   1.64351150423487e+09
   9.00000   8.88640814222279e+01   6.61246524055500e+14
   9.00000   3.70919842764311e+02   2.79452392360159e+20
  10.00000   1.20212857492592e+01   4.61869507270893e+04
  10.00000   1.32227313591543e+01   1.27964715998828e+05
  10.00000   2.83323897312682e+01   2.86613967853203e+09
  10.00000   3.77045680140098e+01   1.76723716251920e+11
  10.00000   4.14728827066555e+01   7.32726373964437e+10
  10.00000   8.88640814222279e+01   1.84615963940749e+15
  10.00000   1.30079024770417e+02   3.11073932508952e+17
  10.00000   1.43079537070816e+02   2.78241705995079e+17
  10.00000   3.70919842764311e+02   0.00000000000000e+00
  10.00000   6.56903523610443e+02   1.73093944080549e+24
  10.00000   2.74192393359911e+03   4.52164377920082e+30
STATE 39 +4 25 Tc
   0.00000   2.88003064937356e+00   2.22107181466147e+00
   0.00000   3.16787009119588e+00   5.84850102771829e+00
   0.00000   9.93597322319729e+00   2.99685007837864e+02
   0.00000   2.83323897312682e+01   3.63322022204229e+03
   0.00000   1.07514431815093e+02   6.74571223066036e+04
   0.00000   7.22556555326710e+02   0.00000000000000e+00
   0.00000   7.94771160270422e+02   1.64054174988517e+04
   0.00000   4.01362153942237e+03   0.00000000000000e+00
   0.00000   4.41475566757641e+03   1.54627058665599e+04
   4.00000   2.53395589079047e+02   1.91160277780528e+11
   5.00000   2.78720751829178e+02   1.68314535701480e+13
   7.00000   6.78780560565893e+00   0.00000000000000e+00
   8.00000   7.46620053078107e+00   1.88499349206509e+02
   9.00000   2.83323897312682e+01   2.94618330418006e+09
   9.00000   8.88640814222279e+01   5.81140220465631e+14
  10.00000   1.20212857492592e+01   8.09823023952160e+04
  10.00000   2.83323897312682e+01   9.89652114893132e+08
  10.00000   3.77045680140098e+01   1.07502589018682e+11
  10.00000   4.14728827066555e+01   2.25499171555993e+11
  10.00000   8.88640814222279e+01   2.41545093463786e+15
  10.00000   1.30079024770417e+02   3.38275638244047e+17
  10.00000   1.43079537070816e+02   2.28001390822972e+17
  10.00000   3.70919842764311e+02   3.50830596714567e+21
  10.00000   6.56903523610443e+02   0.00000000000000e+00
  10.00000   2.74192393359911e+03   9.87907720079065e+30
STATE 40 +3 25 Tc
   0.00000   2.61834491394812e+00   2.42367726504747e+00
   0.00000   2.88003064937356e+00   3.93575146175381e+00
   0.00000   9.93597322319729e+00   3.07513283022232e+02
   0.00000   2.83323897312682e+01   3.61769112516251e+03
   0.00000   1.07514431815093e+02   6.74586424959518e+04
   0.00000   7.22556555326710e+02   1.00441965189324e+03
   0.00000   7.94771160270422e+02   1.52746278244176e+04
   0.00000   4.01362153942237e+03   0.00000000000000e+00
   0.00000   4.41475566757641e+03   1.62286444810135e+04
   4.00000   4.63712048183122e+00   5.09224572394957e+00
   4.00000   2.53395589079047e+02   2.01434814595076e+11
   5.00000   2.78720751829178e+02   1.61244117977513e+13
   9.00000   8.21239640678015e+00   2.92786206859109e+02
   9.00000   2.83323897312682e+01   2.66887569533728e+09
   9.00000   8.88640814222279e+01   5.88086316270198e+14
  10.00000   1.20212857492592e+01   7.66908441912555e+04
  10.00000   2.83323897312682e+01   1.56605339609508e+09
  10.00000   3.77045680140098e+01   1.19733612372621e+11
  10.00000   4.14728827066555e+01   2.07425240051841e+11
  10.00000   8.88640814222279e+01   2.33028246807781e+15
  10.00000   1.30079024770417e+02   3.34584389414195e+17
  10.00000   1.43079537070816e+02   2.29415356316943e+17
  10.00000   3.70919842764311e+02   3.69388175295883e+21
  10.00000   6.56903523610443e+02   0.00000000000000e+00
  10.00000   2.74192393359911e+03   9.60554349899456e+30
STATE 41 +2 26 Tc
   0.00000   2.38043650330221e+00   4.01056892487916e+00
   0.00000   2.61834491394812e+00   1.24797443061382e+00
   0.00000   9.93597322319729e+00   2.82533273353394e+02
   0.00000   2.57580482933395e+01   3.22624021673141e+03
   0.00000   2.83323897312682e+01   0.00000000000000e+00
   0.00000   1.07514431815093e+02   6.81909267861086e+04
   0.00000   7.22556555326710e+02   0.00000000000000e+00
   0.00000   7.94771160270422e+02   1.57139527721484e+04
   0.00000   4.01362153942237e+03   0.00000000000000e+00
   0.00000   4.41475566757641e+03   1.66805723900612e+04
   4.00000   4.21578181176939e+00   2.52388108179740e-01
   4.00000   2.53395589079047e+02   1.01126462688502e+11
   5.00000   2.78720751829178e+02   1.92860621961723e+13
   8.00000   7.46620053078107e+00   3.43251252851072e+01
   9.00000   8.21239640678015e+00   2.66381729581485e+02
   9.00000   2.83323897312682e+01   1.92757483294243e+09
   9.00000   8.88640814222279e+01   8.16822936443129e+14
  10.00000   1.20212857492592e+01   7.39191170987014e+04
  10.00000   2.83323897312682e+01   3.00985783105396e+09
  10.00000   3.77045680140098e+01   1.70802790088882e+11
  10.00000   4.14728827066555e+01   1.37938555269141e+11
  10.00000   1.30079024770417e+02   1.96576884482034e+17
  10.00000   1.43079537070816e+02   3.67669333640497e+17
  10.00000   3.70919842764311e+02   1.11914087606927e+22
  10.00000   6.56903523610443e+02   3.80325801788844e+24
  10.00000   2.74192393359911e+03   3.18782168923052e+30
STATE 42 +1 27 Tc
   0.00000   1.47844553861810e+00   2.13840223305545e-01
   0.00000   2.16414495892726e+00   1.46173210808226e+00
   0.00000   2.38043650330221e+00   2.06946024121856e+00
   0.00000   9.93597322319729e+00   3.34167295031738e+02
   0.00000   2.83323897312682e+01   3.55190098966254e+03
   0.00000   1.07514431815093e+02   6.74408569924246e+04
   0.00000   7.22556555326710e+02   1.45749286703268e+04
   0.00000   7.94771160270422e+02   0.00000000000000e+00
   0.00000   4.01362153942237e+03   2.20560820468994e+04
   4.00000   2.53395589079047e+02   2.91621928687522e+11
   5.00000   2.78720751829178e+02   9.47948229043056e+12
   9.00000   2.83323897312682e+01   9.21048429369443e+08
   9.00000   8.88640814222279e+01   7.11177457019817e+14
  10.00000   3.83272687308461e+00   1.00890114645594e-03
  10.00000   4.21578181176939e+00   4.94332420191215e-03
  10.00000   9.03316947677000e+00   7.69174987466898e+02
  10.00000   1.20212857492592e+01   5.95952999959972e+04
  10.00000   1.32227313591543e+01   7.60188106016638e+04
  10.00000   2.83323897312682e+01   4.64425451050987e+09
  10.00000   3.77045680140098e+01   2.14921282028907e+11
  10.00000   4.14728827066555e+01   3.42294267471536e+10
  10.00000   8.88640814222279e+01   1.30052889910402e+15
  10.00000   1.30079024770417e+02   2.82224602377017e+17
  10.00000   1.43079537070816e+02   3.09375774614256e+17
  10.00000   3.70919842764311e+02   5.16447276632665e+21
  10.00000   6.56903523610443e+02   2.10462582834114e+22
  10.00000   2.74192393359911e+03   5.52151622320072e+30
STATE 43 +0 27 Tc
   0.00000   1.22198204003014e+00   9.54617643396359e-03
   0.00000   1.34411081959562e+00   4.65669551187350e-01
   0.00000   2.61834491394812e+00   3.77731215591926e+00
   0.00000   9.93597322319729e+00   3.34013734048461e+02
   0.00000   2.83323897312682e+01   3.54844077081502e+03
   0.00000   1.07514431815093e+02   6.74604305890741e+04
   0.00000   7.22556555326710e+02   1.45602411407306e+04
   0.00000   7.94771160270422e+02   0.00000000000000e+00
   0.00000   4.01362153942237e+03   2.20443385165777e+04
   4.00000   2.53395589079047e+02   2.83143265843913e+11
   5.00000   2.78720751829178e+02   9.86613557065271e+12
   9.00000   2.83323897312682e+01   9.14976755679216e+08
   9.00000   8.88640814222279e+01   7.28528099769340e+14
  10.00000   2.61834491394812e+00   3.53721037834908e-07
  10.00000   3.83272687308461e+00   2.27018462242419e-03
  10.00000   9.03316947677000e+00   7.20829073698824e+02
  10.00000   1.20212857492592e+01   6.18451583177423e+04
  10.00000   1.32227313591543e+01   7.44858132674527e+04
  10.00000   2.83323897312682e+01   4.58403247825410e+09
  10.00000   3.77045680140098e+01   2.18387684496637e+11
  10.00000   4.14728827066555e+01   2.27851626365528e+10
  10.00000   8.88640814222279e+01   1.17980434041211e+15
  10.00000   1.30079024770417e+02   2.74947840610683e+17
  10.00000   1.43079537070816e+02   3.24004224179725e+17
  10.00000   3.70919842764311e+02   5.33933872444141e+21
  10.00000   6.56903523610443e+02   1.62464865859667e+23
  10.00000   2.74192393359911e+03   5.23377568249207e+30
STATE 44 -1 28 Tc
   0.00000   1.22198204003014e+00   3.26277102370340e-01
   0.00000   2.38043650330221e+00   3.62038806027597e+00
   0.00000   2.61834491394812e+00   0.00000000000000e+00
   0.00000   9.93597322319729e+00   3.45225238214249e+02
   0.00000   2.83323897312682e+01   3.48921435190796e+03
   0.00000   1.07514431815093e+02   6.77275736597226e+04
   0.00000   7.22556555326710e+02   0.00000000000000e+00
   0.00000   7.94771160270422e+02   1.60518612764591e+04
   0.00000   4.01362153942237e+03   0.00000000000000e+00
   0.00000   4.41475566757641e+03   1.59560550728863e+04
   4.00000   2.53395589079047e+02   8.28872141560373e+10
   5.00000   2.78720751829178e+02   1.99015163253555e+13
   9.00000   2.61834491394812e+00   1.34166855736614e-05
   9.00000   2.83323897312682e+01   1.09563421718519e+09
   9.00000   8.88640814222279e+01   9.07277413026872e+14
  10.00000   2.61834491394812e+00   0.00000000000000e+00
  10.00000   3.83272687308461e+00   2.84011815454653e-03
  10.00000   9.03316947677000e+00   7.21132154477348e+02
  10.00000   1.20212857492592e+01   6.27086855538475e+04
  10.00000   1.32227313591543e+01   6.09449739379485e+04
  10.00000   2.83323897312682e+01   4.16603540282505e+09
  10.00000   3.77045680140098e+01   2.15679652049576e+11
  10.00000   4.14728827066555e+01   0.00000000000000e+00
  10.00000   1.30079024770417e+02   1.80110879868832e+17
  10.00000   1.43079537070816e+02   5.22106942739593e+17
  10.00000   3.70919842764311e+02   8.33918081657878e+21
  10.00000   6.56903523610443e+02   2.87122548361191e+24
  10.00000   2.74192393359911e+03   5.68350028321751e+30
STATE 45 -2 29 Tc
   0.00000   1.11095014219547e+00   1.69023784295455e-01
   0.00000   1.22198204003014e+00   2.04721430447242e-01
   0.00000   2.38043650330221e+00   3.27923302714900e+00
   0.00000   9.93597322319729e+00   3.46424365503286e+02
   0.00000   2.83323897312682e+01   3.48501362973570e+03
   0.00000   1.07514431815093e+02   6.77377432538317e+04
   0.00000   7.22556555326710e+02   0.00000000000000e+00
   0.00000   7.94771160270422e+02   1.60312214786016e+04
   0.00000   4.01362153942237e+03   0.00000000000000e+00
   0.00000   4.41475566757641e+03   1.59596170443468e+04
   4.00000   2.53395589079047e+02   7.37923924347873e+10
   5.00000   2.78720751829178e+02   2.02877643043962e+13
   9.00000   8.21239640678015e+00   0.00000000000000e+00
   9.00000   2.83323897312682e+01   9.33354471456799e+08
   9.00000   8.88640814222279e+01   9.08591781495876e+14
  10.00000   2.61834491394812e+00   2.53917197050485e-06
  10.00000   3.48447712418484e+00   0.00000000000000e+00
  10.00000   3.83272687308461e+00   1.52710869174523e-03
  10.00000   9.03316947677000e+00   8.55753641379072e+02
  10.00000   1.20212857492592e+01   5.82679987458875e+04
  10.00000   1.32227313591543e+01   7.81207543186112e+04
  10.00000   2.83323897312682e+01   4.53125267985666e+09
  10.00000   3.77045680140098e+01   2.19748249637673e+11
  10.00000   4.14728827066555e+01   0.00000000000000e+00
  10.00000   1.30079024770417e+02   1.77052574492641e+17
  10.00000   1.43079537070816e+02   5.29962310264141e+17
  10.00000   3.70919842764311e+02   8.54906109358106e+21
  10.00000   6.56903523610443e+02   3.03494274665469e+24
  10.00000   2.74192393359911e+03   5.38302710451638e+30
STATE 46 -3 30 Tc
   0.00000   1.11095014219547e+00   1.41469529739082e-01
   0.00000   1.22198204003014e+00   3.33966886449112e-01
   0.00000   2.38043650330221e+00   2.99319155971352e+00
   0.00000   9.93597322319729e+00   3.35943840376963e+02
   0.00000   2.83323897312682e+01   3.54900641332118e+03
   0.00000   1.07514431815093e+02   6.74459035571280e+04
   0.00000   7.22556555326710e+02   1.45724579069319e+04
   0.00000   7.94771160270422e+02   0.00000000000000e+00
   0.00000   4.01362153942237e+03   2.20284470471088e+04
   0.00000   4.41475566757641e+03   0.00000000000000e+00
   4.00000   2.53395589079047e+02   2.88886522989257e+11
   5.00000   2.78720751829178e+02   9.77618746807002e+12
   9.00000   8.21239640678015e+00   3.33797891927235e+01
   9.00000   2.83323897312682e+01   9.78472681070796e+08
   9.00000   8.88640814222279e+01   6.95124297569505e+14
  10.00000   2.61834491394812e+00   0.00000000000000e+00
  10.00000   3.48447712418484e+00   0.00000000000000e+00
  10.00000   3.83272687308461e+00   2.01823921779493e-04
  10.00000   9.03316947677000e+00   9.18260071678888e+02
  10.00000   1.20212857492592e+01   5.80562011355985e+04
  10.00000   1.32227313591543e+01   8.82183128154374e+04
  10.00000   2.83323897312682e+01   4.59683244579957e+09
  10.00000   3.77045680140098e+01   2.09884515440545e+11
  10.00000   4.14728827066555e+01   4.90157315899370e+10
  10.00000   8.88640814222279e+01   1.40732532786585e+15
  10.00000   1.30079024770417e+02   2.88747738671702e+17
  10.00000   1.43079537070816e+02   2.95380389405567e+17
  10.00000   3.70919842764311e+02   5.06465232501128e+21
  10.00000   6.56903523610443e+02   0.00000000000000e+00
  10.00000   2.74192393359911e+03   5.40712964303443e+30
# orbitals: 1s2
CORE 2 6 Tc
   0.00000   8.07897012051493e+01   1.64810202960165e+04
   0.00000   8.88640814222279e+01   3.00714676024505e+04
   0.00000   1.30079024770417e+02   1.10880795166535e+04
   0.00000   1.43079537070816e+02   0.00000000000000e+00
   0.00000   2.53395589079047e+02   0.00000000000000e+00
   0.00000   2.78720751829178e+02   9.36517945696235e+03
# orbitals: 1s2 2s2
CORE 4 16 Tc
   0.00000   2.34176170162513e+01   4.18243887266131e+01
   0.00000   2.57580482933395e+01   2.96438771251219e+02
   0.00000   9.77454409314369e+01   6.69541718646331e+04
   0.00000   5.42951557508691e+02   1.41060321639255e+04
   0.00000   5.97215866565212e+02   0.00000000000000e+00
   0.00000   2.49278686931107e+03   1.54196620463432e+04
   0.00000   2.74192393359911e+03   0.00000000000000e+00
   4.00000   4.14728827066555e+01   1.62647004912757e+07
   5.00000   5.01770045734669e+01   1.40567987207937e+08
   5.00000   2.30371524701074e+02   6.50473946492805e+12
   6.00000   6.07079041448372e+01   1.04320610287193e+10
   8.00000   8.07897012051493e+01   0.00000000000000e+00
  10.00000   1.07514431815093e+02   8.91633406364992e+15
  10.00000   3.06576992056433e+02   7.90847249102783e+20
  10.00000   5.42951557508691e+02   2.00962198251172e+23
  10.00000   2.06036726031065e+03   2.62657499473589e+29
# orbitals: 1s2 2s2 2p6
CORE 10 16 Tc
   0.00000   2.57580482933395e+01   2.31075208480078e+03
   0.00000   2.83323897312682e+01   6.33193067336547e+02
   0.00000   1.07514431815093e+02   6.76405140693400e+04
   0.00000   8.74203122981816e+02   1.66071843141228e+04
   3.00000   4.14728827066555e+01   8.26211828254732e+06
   3.00000   2.09439475982914e+02   0.00000000000000e+00
   4.00000   4.56178147793897e+01   6.79548889950154e+07
   4.00000   2.30371524701074e+02   3.62376451787928e+11
   8.00000   8.88640814222279e+01   0.00000000000000e+00
   9.00000   9.77454409314369e+01   4.85176229795166e+14
  10.00000   1.18259766781661e+02   1.88859317779903e+16
  10.00000   3.37217273710478e+02   4.98710025357895e+21
  10.00000   3.70919842764311e+02   0.00000000000000e+00
  10.00000   6.56903523610443e+02   3.19516315408829e+24
  10.00000   3.31738525941005e+03   7.16155534521438e+31
  10.00000   3.64893531481862e+03   0.00000000000000e+00
# orbitals: 1s2 2s2 2p6 3s2
CORE 12 18 Tc
   0.00000   9.93597322319729e+00   7.84912285492332e+00
   0.00000   2.34176170162513e+01   2.98478041191497e+03
   0.00000   1.07514431815093e+02   6.87649951199175e+04
   0.00000   8.74203122981816e+02   1.71115165625243e+04
   3.00000   2.09439475982914e+02   0.00000000000000e+00
   4.00000   2.30371524701074e+02   2.91679366690569e+11
   6.00000   6.67752455625591e+01   1.34479607874130e+10
   7.00000   1.93554017829500e+01   0.00000000000000e+00
   7.00000   7.34489764183247e+01   6.38201685162495e+11
   8.00000   7.34489764183247e+01   9.23226620170415e+12
  10.00000   2.34176170162513e+01   4.16043424891275e+07
  10.00000   3.11640190569889e+01   3.62115595106548e+09
  10.00000   3.42786504419899e+01   7.69537780538904e+09
  10.00000   1.18259766781661e+02   3.30523846599180e+16
  10.00000   1.30079024770417e+02   1.76134215757740e+17
  10.00000   3.70919842764311e+02   9.54497319108096e+21
  10.00000   6.56903523610443e+02   3.45083221506643e+24
  10.00000   3.31738525941005e+03   6.77622805196770e+31
# orbitals: 1s2 2s2 2p6 3s2 3p6
CORE 18 21 Tc
   0.00000   9.03316947677000e+00   4.38282602753956e+01
   0.00000   2.57580482933395e+01   3.61767258500877e+03
   0.00000   1.07514431815093e+02   6.74731688761787e+04
   0.00000   1.18259766781661e+02   0.00000000000000e+00
   0.00000   7.22556555326710e+02   1.43712349571831e+04
   0.00000   7.94771160270422e+02   0.00000000000000e+00
   0.00000   4.01362153942237e+03   2.33781549710133e+04
   4.00000   2.53395589079047e+02   4.12638578482267e+11
   6.00000   1.93554017829500e+01   3.14533137404035e+06
   6.00000   7.34489764183247e+01   1.23593109994882e+11
   7.00000   2.12898423232487e+01   2.61365962192891e+05
   8.00000   2.12898423232487e+01   0.00000000000000e+00
   8.00000   8.07897012051493e+01   3.89372295793197e+12
   9.00000   3.70919842764311e+02   0.00000000000000e+00
  10.00000   3.42786504419899e+01   3.43360632483823e+10
  10.00000   3.77045680140098e+01   1.64337686252425e+10
  10.00000   8.88640814222279e+01   4.06123480051003e+15
  10.00000   1.30079024770417e+02   2.84939517012105e+17
  10.00000   3.70919842764311e+02   9.85754145133181e+21
  10.00000   6.56903523610443e+02   9.00043358315571e+23
  10.00000   2.74192393359911e+03   8.02036669896103e+30
# orbitals: 1s2 2s2 2p6 3s2 3p6 3d10
CORE 28 21 Tc
   0.00000   9.03316947677000e+00   2.97338310112294e+02
   0.00000   2.83323897312682e+01   3.55595825720557e+03
   0.00000   1.07514431815093e+02   6.72748002536873e+04
   0.00000   7.94771160270422e+02   1.63663108634795e+04
   0.00000   4.41475566757641e+03   1.67897372408059e+04
   4.00000   2.53395589079047e+02   3.35097476785343e+11
   5.00000   1.59978522972443e+01   1.06009570428730e+05
   5.00000   2.78720751829178e+02   6.15076180468024e+12
   6.00000   1.93554017829500e+01   0.00000000000000e+00
   7.00000   2.12898423232487e+01   1.90878448231634e+07
   7.00000   8.07897012051493e+01   0.00000000000000e+00
   9.00000   8.88640814222279e+01   7.13109221758200e+14
   9.00000   3.70919842764311e+02   0.00000000000000e+00
  10.00000   3.42786504419899e+01   3.59617419880427e+10
  10.00000   3.77045680140098e+01   7.37443298660176e+10
  10.00000   8.88640814222279e+01   1.36465496656485e+15
  10.00000   1.30079024770417e+02   2.63926906838137e+17
  10.00000   1.43079537070816e+02   3.18992287031527e+17
  10.00000   3.70919842764311e+02   6.45759761002339e+21
  10.00000   2.74192393359911e+03   1.35662958053886e+31
  10.00000   3.01596055009765e+03   0.00000000000000e+00
# orbitals: 1s2 2s2 2p6 3s2 3p6 3d10 4s2
CORE 30 24 Tc
   0.00000   7.46620053078107e+00   1.77766461879805e+02
   0.00000   8.21239640678015e+00   3.95134093209384e+01
   0.00000   2.57580482933395e+01   0.00000000000000e+00
   0.00000   2.83323897312682e+01   3.66058222329132e+03
   0.00000   1.07514431815093e+02   6.73934738061710e+04
   0.00000   7.22556555326710e+02   1.47250978598801e+04
   0.00000   7.94771160270422e+02   0.00000000000000e+00
   0.00000   4.85598041892185e+03   3.20060666792224e+04
   4.00000   2.53395589079047e+02   3.87401534073460e+11
   5.00000   2.78720751829178e+02   2.14436488379644e+12
   7.00000   8.07897012051493e+01   3.20566005394461e+12
   8.00000   2.57580482933395e+01   3.98249123463189e+08
   9.00000   8.21239640678015e+00   2.61525721446711e+01
   9.00000   3.70919842764311e+02   0.00000000000000e+00
  10.00000   8.21239640678015e+00   6.78688192507633e+00
  10.00000   1.09290060532988e+01   1.03457686016909e+03
  10.00000   1.20212857492592e+01   1.94403886989939e+04
  10.00000   3.42786504419899e+01   0.00000000000000e+00
  10.00000   3.77045680140098e+01   1.15470838667426e+11
  10.00000   8.88640814222279e+01   3.72948217777953e+15
  10.00000   1.30079024770417e+02   2.14006287747871e+17
  10.00000   1.43079537070816e+02   2.06412836172853e+17
  10.00000   3.70919842764311e+02   7.22704202413072e+21
  10.00000   2.74192393359911e+03   7.77304541033413e+30
# orbitals: 1s2 2s2 2p6 3s2 3p6 3d10 4s2 4p6
CORE 36 24 Tc
   0.00000   3.48447712418484e+00   6.42928218181925e+00
   0.00000   3.83272687308461e+00   0.00000000000000e+00
   0.00000   9.03316947677000e+00   2.71088812796790e+02
   0.00000   2.83323897312682e+01   3.66849170980413e+03
   0.00000   1.07514431815093e+02   6.72955750311628e+04
   0.00000   7.22556555326710e+02   1.47062409824156e+04
   0.00000   7.94771160270422e+02   0.00000000000000e+00
   0.00000   4.01362153942237e+03   2.21642249890141e+04
   4.00000   2.53395589079047e+02   3.77361047368253e+11
   5.00000   2.78720751829178e+02   0.00000000000000e+00
   9.00000   8.21239640678015e+00   1.74555362153968e+02
   9.00000   2.83323897312682e+01   1.18262104221616e+09
   9.00000   8.88640814222279e+01   7.18068072067918e+14
   9.00000   3.70919842764311e+02   1.27924609668090e+20
  10.00000   9.03316947677000e+00   3.20525699651680e+02
  10.00000   1.20212857492592e+01   5.61046835377094e+04
  10.00000   1.32227313591543e+01   7.37838415732185e+04
  10.00000   2.83323897312682e+01   3.52645062092939e+09
  10.00000   3.77045680140098e+01   2.01055326030966e+11
  10.00000   8.88640814222279e+01   1.43641639493798e+15
  10.00000   1.30079024770417e+02   2.85629595749127e+17
  10.00000   1.43079537070816e+02   3.24242769912549e+17
  10.00000   3.70919842764311e+02   2.52078400668268e+21
  10.00000   2.74192393359911e+03   7.71318073199783e+30
