# Free-atom, free-ion and frozen-core density fits -- Zr (Z = 40)
#
#   rho(r) = sum_i c_i r^n_i exp(-alpha_i r)      r in bohr, rho in e/bohr^3
#
# All-electron B86BPBE densities (scalar-relativistic, spin-restricted),
# fitted with rhofit.py (monotone decay imposed).  Two kinds of block:
#
#   STATE <N> <q> <nterm> <symbol>
#     the atom or ion with N electrons (charge q), in order of increasing N;
#   CORE <N_core> <nterm> <symbol>
#     the frozen core of the neutral atom with N_core electrons, for a
#     pseudopotential with Z - N_core valence electrons, in order of
#     increasing N_core, each preceded by a '# orbitals:' comment.
#
# Each block header is followed by nterm lines:   n   alpha   c
#
# Generated 2026-09-23 by combine_fits.py from
#   /home/alberto/doc/manuals/critic2/atomic_density_fits/15_rhofit/rho_b86bpbe_mono/fit_040_Zr.dat
#     recipe: --npow 0,1,2,3,4,5,6,7,8,9,10 --amin 0.2 --ratio 1.1 --mom 3 --cusp none --targetz 1e-3 --besteffort --monotone --stats
#   /home/alberto/doc/manuals/critic2/atomic_density_fits/15_rhofit/core_b86bpbe_mono/core_040_Zr.dat
#     recipe: --npow 0,1,2,3,4,5,6,7,8,9,10 --amin 0.2 --ratio 1.1 --mom 3 --cusp none --besteffort --monotone --stats --target 1e-3*N_core
#
STATE 36 +4 24 Zr
   0.00000   3.41762679658422e+00   4.19910218194286e+00
   0.00000   7.28522898835628e+00   1.54695691089227e+02
   0.00000   2.49236064244180e+01   2.69427011294387e+03
   0.00000   2.73968546674553e+01   0.00000000000000e+00
   0.00000   9.37277914105342e+01   2.60742432489912e+04
   0.00000   1.03028696403271e+02   2.66997060519999e+04
   0.00000   7.51353741181580e+02   7.33485131802294e+03
   0.00000   8.25912947768002e+02   3.62366585505827e+03
   3.00000   1.99796075944013e+02   0.00000000000000e+00
   4.00000   2.19622472067415e+02   1.69696833540877e+11
   8.00000   2.49236064244180e+01   0.00000000000000e+00
   8.00000   7.75690978994743e+01   1.01582456803531e+13
   9.00000   7.28522898835628e+00   4.51395506376062e+01
   9.00000   2.49236064244180e+01   5.54992100040304e+08
  10.00000   8.00816528773244e+00   8.47649955573815e+01
  10.00000   1.06365917938900e+01   1.42968933159500e+04
  10.00000   1.16920944173133e+01   9.46066764658745e+03
  10.00000   3.31039904950780e+01   2.01385787275090e+10
  10.00000   3.63890041056789e+01   4.26306346189466e+10
  10.00000   8.52665246613537e+01   2.49131214209934e+15
  10.00000   1.24490969049293e+02   2.01119645731301e+17
  10.00000   3.52473022286611e+02   8.36223368253997e+20
  10.00000   6.21820177662907e+02   2.22428636782457e+23
  10.00000   3.10593078599645e+03   2.48105615600743e+31
STATE 37 +3 26 Zr
   0.00000   2.57309115637507e+00   3.06534869609159e+00
   0.00000   2.82842712474619e+00   1.15186011912722e+00
   0.00000   8.00816528773244e+00   1.77730515043571e+02
   0.00000   2.49236064244180e+01   2.64976364800163e+03
   0.00000   2.73968546674553e+01   0.00000000000000e+00
   0.00000   9.37277914105342e+01   2.63176041954395e+04
   0.00000   1.03028696403271e+02   2.64686256877423e+04
   0.00000   7.51353741181580e+02   7.87689623342873e+03
   0.00000   8.25912947768002e+02   3.03694213583087e+03
   3.00000   1.99796075944013e+02   0.00000000000000e+00
   4.00000   2.19622472067415e+02   1.68925439615128e+11
   8.00000   7.28522898835628e+00   3.19338723316591e+01
   8.00000   2.26736304126618e+01   3.72790689663141e+07
   8.00000   7.75690978994743e+01   1.05499109561642e+13
   9.00000   7.28522898835628e+00   5.36531036494478e+01
   9.00000   2.49236064244180e+01   3.89713344747018e+08
  10.00000   1.09811236033708e+00   2.69271091963765e-14
  10.00000   9.67637456145733e+00   0.00000000000000e+00
  10.00000   1.06365917938900e+01   1.29877863380312e+04
  10.00000   3.31039904950780e+01   1.95348922897588e+10
  10.00000   3.63890041056789e+01   4.49634658456055e+10
  10.00000   8.52665246613537e+01   2.38792922266630e+15
  10.00000   1.24490969049293e+02   1.97149078205510e+17
  10.00000   3.52473022286611e+02   9.41560044380763e+20
  10.00000   6.21820177662907e+02   2.50590908353989e+23
  10.00000   3.10593078599645e+03   2.37616797032669e+31
STATE 38 +2 26 Zr
   0.00000   2.12948962959024e+00   6.54956426819231e-01
   0.00000   2.34080561634046e+00   2.54614279705760e+00
   0.00000   8.00816528773244e+00   1.76986329470994e+02
   0.00000   2.49236064244180e+01   2.64813239910734e+03
   0.00000   9.37277914105342e+01   2.51143282870642e+04
   0.00000   1.03028696403271e+02   2.77141944802807e+04
   0.00000   7.51353741181580e+02   1.02549393677318e+04
   0.00000   8.25912947768002e+02   0.00000000000000e+00
   0.00000   4.12535415088498e+03   1.23075677904026e+04
   3.00000   1.99796075944013e+02   2.83026752739980e+08
   4.00000   2.19622472067415e+02   1.51949666765582e+11
   7.00000   7.05665555484446e+01   8.09638700174339e+11
   8.00000   7.28522898835628e+00   0.00000000000000e+00
   8.00000   2.26736304126618e+01   5.75789111665229e+07
   9.00000   7.28522898835628e+00   7.04054503200010e+01
   9.00000   2.49236064244180e+01   2.83152604808532e+08
  10.00000   3.41762679658422e+00   0.00000000000000e+00
  10.00000   3.75676870590790e+00   4.02120688859123e-04
  10.00000   1.06365917938900e+01   1.26660126032230e+04
  10.00000   3.31039904950780e+01   1.90147839311406e+10
  10.00000   3.63890041056789e+01   4.68388511724945e+10
  10.00000   8.52665246613537e+01   1.83850694520295e+15
  10.00000   1.24490969049293e+02   1.64700430373019e+17
  10.00000   3.52473022286611e+02   1.95553691181452e+21
  10.00000   6.21820177662907e+02   5.17644193994921e+23
  10.00000   2.82554320308948e+03   7.36248498953785e+30
STATE 39 +1 29 Zr
   0.00000   1.20708152072313e+00   0.00000000000000e+00
   0.00000   1.32686403531967e+00   1.51889503444614e-01
   0.00000   2.12948962959024e+00   4.70474126691102e-02
   0.00000   2.34080561634046e+00   3.26260074272890e+00
   0.00000   8.00816528773244e+00   1.68274477054653e+02
   0.00000   2.49236064244180e+01   2.68929689457306e+03
   0.00000   9.37277914105342e+01   2.22666957941696e+04
   0.00000   1.03028696403271e+02   3.07092680745382e+04
   0.00000   8.25912947768002e+02   1.12753716246554e+04
   0.00000   4.98472128488360e+03   9.94405644006144e+03
   3.00000   1.99796075944013e+02   4.62637415788592e+08
   4.00000   2.19622472067415e+02   1.50468064719729e+11
   7.00000   7.05665555484446e+01   9.98844584537987e+11
   8.00000   7.28522898835628e+00   8.53484087381655e+01
   9.00000   8.00816528773244e+00   0.00000000000000e+00
   9.00000   2.49236064244180e+01   5.61688630019052e+08
   9.00000   7.75690978994743e+01   6.96880620378171e+13
   9.00000   2.82554320308948e+03   0.00000000000000e+00
  10.00000   3.41762679658422e+00   3.94869100892734e-04
  10.00000   3.75676870590790e+00   1.48022526187178e-03
  10.00000   1.06365917938900e+01   1.09462837820803e+04
  10.00000   2.49236064244180e+01   1.58749939028730e+08
  10.00000   3.31039904950780e+01   1.62047266387356e+10
  10.00000   3.63890041056789e+01   6.50844879065615e+10
  10.00000   8.52665246613537e+01   0.00000000000000e+00
  10.00000   1.24490969049293e+02   1.41349224623531e+17
  10.00000   3.52473022286611e+02   2.66417072474239e+21
  10.00000   6.21820177662907e+02   7.33994326147154e+23
  10.00000   2.82554320308948e+03   1.05837372931126e+31
STATE 40 +0 29 Zr
   0.00000   1.09811236033708e+00   4.48799264832851e-02
   0.00000   1.20708152072313e+00   5.26457481516992e-02
   0.00000   2.34080561634046e+00   3.40963484336827e+00
   0.00000   8.00816528773244e+00   1.68353651876653e+02
   0.00000   2.49236064244180e+01   2.69052209675863e+03
   0.00000   9.37277914105342e+01   2.20454820910464e+04
   0.00000   1.03028696403271e+02   3.09451563060360e+04
   0.00000   8.25912947768002e+02   1.12537618434839e+04
   0.00000   4.98472128488360e+03   9.99924013915162e+03
   3.00000   1.99796075944013e+02   4.89752744754206e+08
   4.00000   2.19622472067415e+02   1.49507147811635e+11
   7.00000   7.05665555484446e+01   1.00986392012867e+12
   9.00000   2.34080561634046e+00   0.00000000000000e+00
   9.00000   8.00816528773244e+00   0.00000000000000e+00
   9.00000   2.49236064244180e+01   5.42624287982232e+08
   9.00000   7.75690978994743e+01   6.82092315880441e+13
   9.00000   2.82554320308948e+03   0.00000000000000e+00
  10.00000   2.57309115637507e+00   1.20150421349632e-05
  10.00000   3.41762679658422e+00   4.79255213814289e-04
  10.00000   3.75676870590790e+00   4.11741053025046e-03
  10.00000   8.00816528773244e+00   7.60052787713847e+01
  10.00000   1.06365917938900e+01   1.23991215533756e+04
  10.00000   2.49236064244180e+01   1.82939559288660e+08
  10.00000   3.31039904950780e+01   1.72581381348602e+10
  10.00000   3.63890041056789e+01   6.32787752928105e+10
  10.00000   1.24490969049293e+02   1.40267300418964e+17
  10.00000   3.52473022286611e+02   2.74225692565088e+21
  10.00000   6.21820177662907e+02   7.55425887246939e+23
  10.00000   2.82554320308948e+03   1.03869440920157e+31
STATE 41 -1 29 Zr
   0.00000   9.98980379720066e-01   2.46876558213472e-03
   0.00000   1.09811236033708e+00   1.69791600885748e-01
   0.00000   2.34080561634046e+00   3.20181930324278e+00
   0.00000   8.00816528773244e+00   1.69022297715674e+02
   0.00000   2.49236064244180e+01   2.68770871722630e+03
   0.00000   9.37277914105342e+01   2.21950293463856e+04
   0.00000   1.03028696403271e+02   3.07890214688975e+04
   0.00000   8.25912947768002e+02   1.12668812791552e+04
   0.00000   4.98472128488360e+03   9.96470308200471e+03
   3.00000   1.99796075944013e+02   4.72261964525077e+08
   4.00000   2.19622472067415e+02   1.50104233984958e+11
   7.00000   7.05665555484446e+01   1.00466441186017e+12
   8.00000   7.28522898835628e+00   8.22817312329866e+01
   9.00000   2.34080561634046e+00   0.00000000000000e+00
   9.00000   8.00816528773244e+00   0.00000000000000e+00
   9.00000   2.49236064244180e+01   5.49431395661076e+08
   9.00000   7.75690978994743e+01   6.88134794576222e+13
   9.00000   2.82554320308948e+03   0.00000000000000e+00
  10.00000   2.34080561634046e+00   2.44692812188927e-06
  10.00000   3.41762679658422e+00   1.35674694132066e-03
  10.00000   1.06365917938900e+01   1.09626918070136e+04
  10.00000   2.49236064244180e+01   1.77056407735476e+08
  10.00000   3.31039904950780e+01   1.68015500907664e+10
  10.00000   3.63890041056789e+01   6.40649740638020e+10
  10.00000   8.52665246613537e+01   0.00000000000000e+00
  10.00000   1.24490969049293e+02   1.40679179281993e+17
  10.00000   3.52473022286611e+02   2.70258845198977e+21
  10.00000   6.21820177662907e+02   7.45162641033264e+23
  10.00000   2.82554320308948e+03   1.04977278181075e+31
STATE 42 -2 31 Zr
   0.00000   9.08797528478154e-01   5.27238417549243e-02
   0.00000   9.98980379720066e-01   1.11369350466146e-01
   0.00000   2.34080561634046e+00   3.11307927762339e+00
   0.00000   8.00816528773244e+00   1.70300165284852e+02
   0.00000   2.49236064244180e+01   2.68598799909614e+03
   0.00000   9.37277914105342e+01   2.20682503874802e+04
   0.00000   1.03028696403271e+02   3.08984096525403e+04
   0.00000   7.51353741181580e+02   5.28651732145319e+03
   0.00000   8.25912947768002e+02   5.34181362936218e+03
   0.00000   4.98472128488360e+03   1.42011320439767e+04
   3.00000   1.99796075944013e+02   5.86192892956681e+08
   4.00000   2.19622472067415e+02   1.43945039328738e+11
   7.00000   7.05665555484446e+01   1.01710781344486e+12
   8.00000   2.34080561634046e+00   0.00000000000000e+00
   8.00000   7.28522898835628e+00   0.00000000000000e+00
   9.00000   2.34080561634046e+00   1.02728660667084e-05
   9.00000   2.49236064244180e+01   5.11131470172314e+08
   9.00000   7.75690978994743e+01   6.68155484030801e+13
   9.00000   2.82554320308948e+03   0.00000000000000e+00
  10.00000   3.10910088831454e+00   0.00000000000000e+00
  10.00000   3.41762679658422e+00   9.16391071997924e-04
  10.00000   8.00816528773244e+00   9.98590281345216e+01
  10.00000   1.06365917938900e+01   1.21620538074181e+04
  10.00000   2.49236064244180e+01   2.36294733389996e+08
  10.00000   3.31039904950780e+01   1.84546760582592e+10
  10.00000   3.63890041056789e+01   6.12640511935861e+10
  10.00000   8.52665246613537e+01   0.00000000000000e+00
  10.00000   1.24490969049293e+02   1.39152052954116e+17
  10.00000   3.52473022286611e+02   2.81173121306915e+21
  10.00000   6.21820177662907e+02   7.39327738163691e+23
  10.00000   2.82554320308948e+03   7.55994238029418e+30
# orbitals: 1s2
CORE 2 5 Zr
   0.00000   7.75690978994743e+01   2.94867249585769e+04
   0.00000   8.52665246613537e+01   5.50791298902114e+03
   0.00000   1.13252559596367e+02   1.04217048824258e+04
   0.00000   2.41416304144625e+02   0.00000000000000e+00
   0.00000   2.65372807063933e+02   6.36995955815369e+03
# orbitals: 1s2 2s2
CORE 4 15 Zr
   0.00000   2.06267707544249e+01   5.02465936275499e+01
   0.00000   2.26736304126618e+01   1.02600652748598e+02
   0.00000   8.52665246613537e+01   2.83365250990258e+04
   0.00000   9.37277914105342e+01   2.38723314371969e+04
   0.00000   5.65685424949238e+02   1.13572947374822e+04
   0.00000   3.10593078599645e+03   7.57101454777701e+03
   4.00000   4.00000000000000e+01   2.19335055346494e+07
   5.00000   4.83325416685912e+01   0.00000000000000e+00
   5.00000   2.19622472067415e+02   3.23787384959896e+12
   7.00000   6.41961669893992e+01   8.01922363513344e+10
  10.00000   9.37277914105342e+01   1.21738636942207e+14
  10.00000   1.03028696403271e+02   4.08004035287465e+15
  10.00000   2.91706589488684e+02   2.77167587911548e+20
  10.00000   1.93527491229147e+03   3.20410891733204e+29
  10.00000   2.12731835877800e+03   0.00000000000000e+00
# orbitals: 1s2 2s2 2p6
CORE 10 17 Zr
   0.00000   2.26736304126618e+01   2.55733924711339e+02
   0.00000   2.49236064244180e+01   2.04156492152400e+03
   0.00000   9.37277914105342e+01   3.08694072241561e+04
   0.00000   1.03028696403271e+02   2.14269164895183e+04
   0.00000   8.25912947768002e+02   1.11818846990931e+04
   3.00000   3.63890041056789e+01   4.66591653210391e+06
   3.00000   1.99796075944013e+02   0.00000000000000e+00
   4.00000   4.39693264304065e+01   2.67212994011479e+07
   4.00000   2.19622472067415e+02   1.91836397538166e+11
   4.00000   1.93527491229147e+03   0.00000000000000e+00
   7.00000   7.05665555484446e+01   4.12472696018510e+11
  10.00000   1.03028696403271e+02   0.00000000000000e+00
  10.00000   1.13252559596367e+02   1.58126013503806e+16
  10.00000   3.20653556378214e+02   2.00287585044340e+21
  10.00000   3.52473022286611e+02   0.00000000000000e+00
  10.00000   6.21820177662907e+02   8.66210275665949e+23
  10.00000   3.41414211499317e+03   1.45522058677905e+32
# orbitals: 1s2 2s2 2p6 3s2
CORE 12 18 Zr
   0.00000   8.00816528773244e+00   1.88603913515648e+00
   0.00000   2.06267707544249e+01   1.23221304497291e+03
   0.00000   2.26736304126618e+01   1.08053772048031e+03
   0.00000   9.37277914105342e+01   2.00959570589790e+04
   0.00000   1.03028696403271e+02   3.35471568464168e+04
   0.00000   8.25912947768002e+02   1.16316970588873e+04
   0.00000   9.07870900087764e+02   0.00000000000000e+00
   3.00000   1.99796075944013e+02   1.56054723455166e+09
   4.00000   2.19622472067415e+02   1.68260997110557e+11
   7.00000   1.87646911417417e+01   6.61451897735389e+05
   7.00000   6.41961669893992e+01   5.83072426222670e+11
   8.00000   1.87646911417417e+01   4.50904898926401e+05
  10.00000   2.73968546674553e+01   0.00000000000000e+00
  10.00000   3.01155311509937e+01   2.85164577966314e+09
  10.00000   1.13252559596367e+02   2.94882028708407e+16
  10.00000   1.24490969049293e+02   4.82583661158931e+16
  10.00000   3.20653556378214e+02   1.54145995345872e+21
  10.00000   3.52473022286611e+02   0.00000000000000e+00
# orbitals: 1s2 2s2 2p6 3s2 3p6
CORE 18 21 Zr
   0.00000   8.00816528773244e+00   2.96730183724866e+01
   0.00000   8.80284084112395e+00   1.53041839404716e+01
   0.00000   2.26736304126618e+01   0.00000000000000e+00
   0.00000   2.49236064244180e+01   2.87883079561028e+03
   0.00000   9.37277914105342e+01   2.19689915822481e+04
   0.00000   1.03028696403271e+02   3.08629870000200e+04
   0.00000   7.51353741181580e+02   9.72098776686577e+03
   0.00000   4.12535415088498e+03   1.38727047194017e+04
   4.00000   2.19622472067415e+02   1.67047355701990e+11
   6.00000   1.70707105749659e+01   7.69393379338610e+05
   6.00000   6.41961669893992e+01   8.16582740744129e+10
   8.00000   2.26736304126618e+01   1.80657574737231e+07
  10.00000   3.01155311509937e+01   2.34639266818955e+09
  10.00000   3.31039904950780e+01   1.47319989108383e+10
  10.00000   7.75690978994743e+01   3.82599153706282e+14
  10.00000   1.13252559596367e+02   1.24844746144004e+16
  10.00000   1.24490969049293e+02   7.81235942530546e+16
  10.00000   3.52473022286611e+02   3.39754226359532e+21
  10.00000   6.21820177662907e+02   1.29505572420425e+24
  10.00000   2.57046758044991e+03   0.00000000000000e+00
  10.00000   2.82554320308948e+03   0.00000000000000e+00
# orbitals: 1s2 2s2 2p6 3s2 3p6 3d10
CORE 28 20 Zr
   0.00000   7.28522898835628e+00   2.92974560853917e+01
   0.00000   8.00816528773244e+00   1.65225264910986e+02
   0.00000   2.49236064244180e+01   2.24214507551441e+03
   0.00000   2.73968546674553e+01   3.66971637207559e+02
   0.00000   9.37277914105342e+01   2.85215356472095e+04
   0.00000   1.03028696403271e+02   2.40026191054450e+04
   0.00000   7.51353741181580e+02   1.08243853128930e+04
   0.00000   8.25912947768002e+02   0.00000000000000e+00
   3.00000   1.99796075944013e+02   0.00000000000000e+00
   4.00000   2.19622472067415e+02   1.63078705801817e+11
   5.00000   1.41277160154474e+01   5.65556335248939e+04
   6.00000   1.70707105749659e+01   4.05503692864355e+05
   8.00000   2.26736304126618e+01   5.45842199541370e+07
   8.00000   7.75690978994743e+01   9.75113699474569e+12
  10.00000   3.01155311509937e+01   0.00000000000000e+00
  10.00000   3.31039904950780e+01   2.71822814083748e+10
  10.00000   8.52665246613537e+01   2.48726094897748e+15
  10.00000   1.24490969049293e+02   1.95956127348402e+17
  10.00000   3.52473022286611e+02   5.83862696806563e+20
  10.00000   3.10593078599645e+03   2.89445700473572e+31
# orbitals: 1s2 2s2 2p6 3s2 3p6 3d10 4s2
CORE 30 23 Zr
   0.00000   3.10910088831454e+00   0.00000000000000e+00
   0.00000   6.62755568920270e+00   1.19499302438340e+02
   0.00000   7.28522898835628e+00   3.36491229162647e+01
   0.00000   2.49236064244180e+01   2.63642203429312e+03
   0.00000   9.37277914105342e+01   2.68765331167783e+04
   0.00000   1.03028696403271e+02   2.58327101017365e+04
   0.00000   7.51353741181580e+02   1.04691984873135e+04
   0.00000   8.25912947768002e+02   0.00000000000000e+00
   0.00000   3.75293822834834e+03   1.07381842725120e+04
   3.00000   1.99796075944013e+02   5.97535905796136e+08
   4.00000   2.19622472067415e+02   1.35495438814170e+11
   7.00000   7.05665555484446e+01   8.11290182638578e+11
   8.00000   2.26736304126618e+01   9.55799474880473e+06
   8.00000   7.75690978994743e+01   0.00000000000000e+00
  10.00000   7.28522898835628e+00   4.81451139697270e+00
  10.00000   9.67637456145733e+00   3.19858148079924e+02
  10.00000   1.06365917938900e+01   3.86069425111343e+03
  10.00000   2.49236064244180e+01   7.25288935163050e+08
  10.00000   3.31039904950780e+01   3.76390518499485e+10
  10.00000   8.52665246613537e+01   1.87991704716007e+15
  10.00000   1.24490969049293e+02   1.64368831363141e+17
  10.00000   3.52473022286611e+02   1.46148311519536e+21
  10.00000   2.82554320308948e+03   1.32802226089026e+31
# orbitals: 1s2 2s2 2p6 3s2 3p6 3d10 4s2 4p6
CORE 36 24 Zr
   0.00000   2.82842712474619e+00   1.17376485334082e+00
   0.00000   3.10910088831454e+00   4.46296019731940e+00
   0.00000   7.28522898835628e+00   0.00000000000000e+00
   0.00000   8.00816528773244e+00   1.74102474613982e+02
   0.00000   2.49236064244180e+01   2.65029522237015e+03
   0.00000   9.37277914105342e+01   2.66464070858238e+04
   0.00000   1.03028696403271e+02   2.60735359416796e+04
   0.00000   7.51353741181580e+02   1.04073288975755e+04
   0.00000   3.75293822834834e+03   1.03531344211887e+04
   3.00000   1.99796075944013e+02   1.92281292128791e+08
   4.00000   2.19622472067415e+02   1.57672394469362e+11
   8.00000   6.62755568920270e+00   1.40360117083519e+01
   8.00000   2.26736304126618e+01   4.60794898638490e+07
   8.00000   7.75690978994743e+01   1.04107649974532e+13
   9.00000   7.28522898835628e+00   5.05931504603229e+01
   9.00000   2.49236064244180e+01   3.30885637965908e+08
  10.00000   1.06365917938900e+01   1.28132586638499e+04
  10.00000   3.31039904950780e+01   2.00444465337267e+10
  10.00000   3.63890041056789e+01   4.17829912844798e+10
  10.00000   8.52665246613537e+01   2.41567298761636e+15
  10.00000   1.24490969049293e+02   1.98098544690183e+17
  10.00000   3.52473022286611e+02   8.94239224850559e+20
  10.00000   6.21820177662907e+02   1.26158332008479e+23
  10.00000   2.82554320308948e+03   1.01656497025411e+31
# orbitals: 1s2 2s2 2p6 3s2 3p6 3d10 4s2 4p6 5s2
CORE 38 29 Zr
   0.00000   1.09811236033708e+00   2.73489091302113e-02
   0.00000   2.57309115637507e+00   4.39991290553494e+00
   0.00000   8.00816528773244e+00   1.63912465460274e+02
   0.00000   2.49236064244180e+01   2.69530378144512e+03
   0.00000   9.37277914105342e+01   2.24652651545763e+04
   0.00000   1.03028696403271e+02   3.04535159116289e+04
   0.00000   7.51353741181580e+02   1.00133184574302e+04
   0.00000   8.25912947768002e+02   0.00000000000000e+00
   0.00000   3.75293822834834e+03   1.07281579484780e+04
   3.00000   1.99796075944013e+02   6.38091705340330e+08
   4.00000   2.19622472067415e+02   1.40437984498326e+11
   7.00000   7.05665555484446e+01   9.87049770341015e+11
   9.00000   2.34080561634046e+00   1.74928834546771e-05
   9.00000   8.00816528773244e+00   1.03998082066489e+02
   9.00000   2.49236064244180e+01   5.88907902032013e+08
   9.00000   7.75690978994743e+01   7.20186394065441e+13
  10.00000   2.34080561634046e+00   0.00000000000000e+00
  10.00000   3.41762679658422e+00   8.60800596280850e-04
  10.00000   3.75676870590790e+00   2.61727903307716e-03
  10.00000   8.80284084112395e+00   0.00000000000000e+00
  10.00000   1.06365917938900e+01   1.10810963507903e+04
  10.00000   2.49236064244180e+01   1.06610262225882e+08
  10.00000   3.31039904950780e+01   1.50780825509997e+10
  10.00000   3.63890041056789e+01   6.61800668813267e+10
  10.00000   8.52665246613537e+01   0.00000000000000e+00
  10.00000   1.24490969049293e+02   1.43159125807108e+17
  10.00000   3.52473022286611e+02   2.62331766289853e+21
  10.00000   6.21820177662907e+02   6.40838232011526e+23
  10.00000   2.82554320308948e+03   6.11745164781568e+30
