# Free-atom, free-ion and frozen-core density fits -- Tm (Z = 69)
#
#   rho(r) = sum_i c_i r^n_i exp(-alpha_i r)      r in bohr, rho in e/bohr^3
#
# All-electron B86BPBE densities (scalar-relativistic, spin-restricted),
# fitted with rhofit.py (monotone decay imposed).  Two kinds of block:
#
#   STATE <N> <q> <nterm> <symbol>
#     the atom or ion with N electrons (charge q), in order of increasing N;
#   CORE <N_core> <nterm> <symbol>
#     the frozen core of the neutral atom with N_core electrons, for a
#     pseudopotential with Z - N_core valence electrons, in order of
#     increasing N_core, each preceded by a '# orbitals:' comment.
#
# Each block header is followed by nterm lines:   n   alpha   c
#
# Generated 2026-09-23 by combine_fits.py from
#   /home/alberto/doc/manuals/critic2/atomic_density_fits/15_rhofit/rho_b86bpbe_mono/fit_069_Tm.dat
#     recipe: --npow 0,1,2,3,4,5,6,7,8,9,10 --amin 0.2 --ratio 1.1 --mom 3 --cusp none --targetz 1e-3 --besteffort --monotone --stats
#   /home/alberto/doc/manuals/critic2/atomic_density_fits/15_rhofit/core_b86bpbe_mono/core_069_Tm.dat
#     recipe: --npow 0,1,2,3,4,5,6,7,8,9,10 --amin 0.2 --ratio 1.1 --mom 3 --cusp none --besteffort --monotone --stats --target 1e-3*N_core
#
STATE 66 +3 28 Tm
   0.00000   3.16521231814165e+00   0.00000000000000e+00
   0.00000   3.48145296170395e+00   3.34976205109102e+01
   0.00000   5.60465590462599e+00   0.00000000000000e+00
   0.00000   1.93285312319272e+01   1.40347327790974e+03
   0.00000   2.12596709285803e+01   2.04773026308499e+03
   0.00000   5.00928450945783e+01   1.65541309367222e+04
   0.00000   1.90012985758516e+02   3.77934547577044e+05
   0.00000   7.92772451720604e+02   2.34107774219573e+05
   0.00000   2.73399961632716e+03   2.90090894162810e+04
   0.00000   3.00715721564865e+03   2.51552490309920e+05
   0.00000   1.03706513211642e+04   0.00000000000000e+00
   0.00000   1.14067971206633e+04   4.66550428840227e+05
   8.00000   1.57060839046295e+02   2.39174845218228e+16
   8.00000   5.95765701001366e+02   6.00507177840313e+20
   9.00000   1.93285312319272e+01   2.21725169209591e+07
   9.00000   6.06025736227862e+01   0.00000000000000e+00
   9.00000   5.95765701001366e+02   7.01075317908600e+22
  10.00000   6.78054064306366e+00   5.04215017857138e+00
  10.00000   9.02271785797292e+00   4.93860171731431e+02
  10.00000   9.92418980212411e+00   2.48563367536213e+03
  10.00000   2.57200558325832e+01   2.77524433714977e+09
  10.00000   2.82897813964373e+01   5.31380398764980e+09
  10.00000   6.06025736227862e+01   1.64744120878111e+14
  10.00000   7.33172955692774e+01   8.43037181728639e+14
  10.00000   1.72752999895586e+02   1.95325636126439e+19
  10.00000   2.52846144592312e+02   1.18649137856302e+21
  10.00000   6.55289457944039e+02   0.00000000000000e+00
  10.00000   2.73399961632716e+03   3.28248030184605e+31
STATE 67 +2 28 Tm
   0.00000   2.87769765357168e+00   8.26188474697154e+00
   0.00000   3.16521231814165e+00   1.55776870270252e+01
   0.00000   6.16462465618980e+00   0.00000000000000e+00
   0.00000   1.93285312319272e+01   3.09570732997757e+03
   0.00000   2.12596709285803e+01   0.00000000000000e+00
   0.00000   5.00928450945783e+01   1.73774418675337e+04
   0.00000   1.90012985758516e+02   3.76579968335061e+05
   0.00000   7.20760313946989e+02   0.00000000000000e+00
   0.00000   7.92772451720604e+02   2.36249409108728e+05
   0.00000   3.00715721564865e+03   2.83894740001770e+05
   0.00000   1.14067971206633e+04   4.39647612463212e+05
   8.00000   5.95765701001366e+02   8.93608531705141e+20
   9.00000   1.93285312319272e+01   2.02940971542991e+07
   9.00000   6.55289457944039e+02   0.00000000000000e+00
  10.00000   2.16257963571915e+00   2.02406442342265e-09
  10.00000   9.02271785797292e+00   3.79469553975463e+02
  10.00000   9.92418980212411e+00   1.00499254121981e+03
  10.00000   2.12596709285803e+01   4.69530824446086e+07
  10.00000   2.57200558325832e+01   2.30393065990588e+09
  10.00000   2.82897813964373e+01   6.82267065140129e+09
  10.00000   6.06025736227862e+01   1.62115713957287e+14
  10.00000   7.33172955692774e+01   8.11060675451975e+14
  10.00000   1.72752999895586e+02   3.11493127761914e+19
  10.00000   2.29878657061191e+02   2.29013279421142e+20
  10.00000   2.52846144592312e+02   9.89291739648341e+20
  10.00000   6.55289457944039e+02   5.76867973370710e+24
  10.00000   2.48565451223498e+03   2.45979200838171e+30
  10.00000   2.73399961632716e+03   3.94921567058845e+31
STATE 68 +1 29 Tm
   0.00000   1.34333300845121e+00   1.80688658857017e-01
   0.00000   1.47754722614404e+00   0.00000000000000e+00
   0.00000   2.87769765357168e+00   5.34610800420492e+00
   0.00000   3.16521231814165e+00   1.36377416361687e+01
   0.00000   5.09555237523156e+00   2.72559313806153e+01
   0.00000   2.12596709285803e+01   3.72867408147193e+03
   0.00000   5.00928450945783e+01   1.60987449673803e+04
   0.00000   1.90012985758516e+02   3.78226357713282e+05
   0.00000   7.92772451720604e+02   2.33567344701579e+05
   0.00000   2.73399961632716e+03   6.45108348253920e+04
   0.00000   3.00715721564865e+03   2.07947383851688e+05
   0.00000   1.03706513211642e+04   4.18846444946368e+05
   8.00000   1.57060839046295e+02   2.66181233394856e+16
   8.00000   5.95765701001366e+02   7.08424434477653e+20
   9.00000   1.93285312319272e+01   2.30147840337218e+07
   9.00000   6.06025736227862e+01   0.00000000000000e+00
   9.00000   5.95765701001366e+02   6.56440238222110e+22
  10.00000   3.16521231814165e+00   1.29844386180101e-04
  10.00000   3.48145296170395e+00   1.84163692246971e-04
  10.00000   9.02271785797292e+00   3.01417452072516e+02
  10.00000   9.92418980212411e+00   2.18291504095422e+03
  10.00000   2.57200558325832e+01   2.70763363419428e+09
  10.00000   2.82897813964373e+01   4.97210397531938e+09
  10.00000   6.06025736227862e+01   1.67715193454643e+14
  10.00000   7.33172955692774e+01   8.54442166879103e+14
  10.00000   1.72752999895586e+02   1.73893837649998e+19
  10.00000   2.52846144592312e+02   1.11107792389928e+21
  10.00000   6.55289457944039e+02   0.00000000000000e+00
  10.00000   2.73399961632716e+03   3.30993709693926e+31
STATE 69 +0 32 Tm
   0.00000   1.00951001730855e+00   1.88733610282110e-02
   0.00000   1.11037152847052e+00   1.20154159401549e-01
   0.00000   3.16521231814165e+00   2.26039108918926e+01
   0.00000   5.09555237523156e+00   0.00000000000000e+00
   0.00000   5.60465590462599e+00   2.58321465205125e+01
   0.00000   2.12596709285803e+01   3.69828913878155e+03
   0.00000   5.00928450945783e+01   1.64249653443477e+04
   0.00000   1.90012985758516e+02   3.77125574480485e+05
   0.00000   7.92772451720604e+02   2.36066348603761e+05
   0.00000   3.00715721564865e+03   2.82906418094615e+05
   0.00000   1.03706513211642e+04   0.00000000000000e+00
   0.00000   1.14067971206633e+04   4.48754535171736e+05
   8.00000   2.16257963571915e+00   0.00000000000000e+00
   8.00000   1.57060839046295e+02   0.00000000000000e+00
   8.00000   5.95765701001366e+02   1.11010249975649e+21
   9.00000   1.93285312319272e+01   2.29194185541413e+07
   9.00000   6.06025736227862e+01   0.00000000000000e+00
   9.00000   6.55289457944039e+02   0.00000000000000e+00
  10.00000   2.37864589194934e+00   1.44433789827281e-06
  10.00000   3.16521231814165e+00   3.11530241509148e-04
  10.00000   9.02271785797292e+00   2.59473740142746e+02
  10.00000   9.92418980212411e+00   2.20629702977746e+03
  10.00000   2.57200558325832e+01   2.72591758021535e+09
  10.00000   2.82897813964373e+01   4.92177332043151e+09
  10.00000   6.06025736227862e+01   1.67204683761578e+14
  10.00000   7.33172955692774e+01   8.63770790139223e+14
  10.00000   1.72752999895586e+02   2.94859586173905e+19
  10.00000   2.29878657061191e+02   2.69396798345365e+20
  10.00000   2.52846144592312e+02   8.26362180262075e+20
  10.00000   6.55289457944039e+02   4.28163706421521e+24
  10.00000   2.48565451223498e+03   5.21727751340894e+30
  10.00000   2.73399961632716e+03   3.09702396633396e+31
STATE 70 -1 31 Tm
   0.00000   9.17810344479999e-01   0.00000000000000e+00
   0.00000   1.00951001730855e+00   1.21261412820128e-01
   0.00000   3.16521231814165e+00   1.91109295937959e+01
   0.00000   3.48145296170395e+00   0.00000000000000e+00
   0.00000   5.09555237523156e+00   4.29711794635432e+01
   0.00000   2.12596709285803e+01   3.65895928324944e+03
   0.00000   5.00928450945783e+01   1.63012202974829e+04
   0.00000   1.90012985758516e+02   3.77752543635327e+05
   0.00000   7.92772451720604e+02   2.34535848615137e+05
   0.00000   3.00715721564865e+03   2.88039492294379e+05
   0.00000   3.30760636015599e+03   0.00000000000000e+00
   0.00000   1.03706513211642e+04   0.00000000000000e+00
   0.00000   1.14067971206633e+04   4.21332357068432e+05
   8.00000   1.57060839046295e+02   3.25644166879123e+16
   8.00000   5.95765701001366e+02   9.27519494181971e+20
   9.00000   1.93285312319272e+01   1.50801733159489e+07
   9.00000   6.06025736227862e+01   3.56989927797252e+13
   9.00000   6.55289457944039e+02   0.00000000000000e+00
  10.00000   1.34333300845121e+00   4.14061696023573e-09
  10.00000   1.47754722614404e+00   5.49646041050833e-09
  10.00000   2.61629962006276e+00   2.13338318715919e-05
  10.00000   2.87769765357168e+00   3.19061094918889e-05
  10.00000   9.02271785797292e+00   6.72278775718175e+02
  10.00000   9.92418980212411e+00   1.43279384327703e+03
  10.00000   2.57200558325832e+01   3.36591149890938e+09
  10.00000   2.82897813964373e+01   2.46977841858269e+09
  10.00000   6.06025736227862e+01   4.96017517181255e+13
  10.00000   1.72752999895586e+02   1.39704668131950e+19
  10.00000   2.52846144592312e+02   9.96645357257785e+20
  10.00000   6.55289457944039e+02   7.35045273808608e+24
  10.00000   2.73399961632716e+03   3.85030170911581e+31
# orbitals: 1s2
CORE 2 7 Tm
   0.00000   1.29823270043640e+02   3.46438351714951e+04
   0.00000   1.42794088535863e+02   1.35747124051715e+05
   0.00000   1.90012985758516e+02   9.36917242726386e+04
   0.00000   3.05894525734408e+02   8.50419336467088e+04
   0.00000   3.36456861513902e+02   0.00000000000000e+00
   0.00000   6.55289457944039e+02   0.00000000000000e+00
   0.00000   7.20760313946989e+02   1.84718968862601e+05
# orbitals: 1s2 2s2
CORE 4 17 Tm
   0.00000   4.14057189268598e+01   0.00000000000000e+00
   0.00000   4.55426203048621e+01   2.45875609671724e+03
   0.00000   1.57060839046295e+02   3.66566620395217e+04
   0.00000   1.72752999895586e+02   3.16008454187094e+05
   0.00000   6.55289457944039e+02   2.23945017969541e+05
   0.00000   2.25986803995761e+03   1.69130574780625e+05
   0.00000   2.48565451223498e+03   5.45960068845882e+04
   0.00000   7.79350788588148e+03   4.10812614644244e+05
   0.00000   8.57216779925060e+03   0.00000000000000e+00
   4.00000   7.33172955692774e+01   8.37187194348919e+08
   5.00000   8.86996295413377e+01   2.26727574009884e+10
   7.00000   1.18030666518740e+02   3.34051414822350e+13
   8.00000   4.92447716142921e+02   9.17760970047926e+19
  10.00000   1.72752999895586e+02   0.00000000000000e+00
  10.00000   1.90012985758516e+02   1.28939126262404e+19
  10.00000   5.41648833483844e+02   1.20695026241236e+24
  10.00000   2.25986803995761e+03   8.42198081555655e+30
# orbitals: 1s2 2s2 2p6
CORE 10 17 Tm
   0.00000   4.55426203048621e+01   1.27394920885812e+04
   0.00000   5.00928450945783e+01   4.04687708711929e+03
   0.00000   1.90012985758516e+02   3.74810155493124e+05
   0.00000   8.71979419573485e+02   2.48138305977591e+05
   0.00000   3.63807378503971e+03   3.09332035143370e+05
   0.00000   4.00155865729105e+03   0.00000000000000e+00
   0.00000   1.25464656483471e+04   3.14094456731262e+05
   3.00000   7.33172955692774e+01   1.31654298838325e+08
   4.00000   8.06425257290945e+01   6.34142577539032e+09
   6.00000   4.92447716142921e+02   1.17837874110662e+17
   9.00000   9.75617294924586e+01   0.00000000000000e+00
   9.00000   1.72752999895586e+02   4.70388611018710e+17
   9.00000   5.95765701001366e+02   0.00000000000000e+00
  10.00000   9.75617294924586e+01   9.45083221721690e+14
  10.00000   2.08997440152636e+02   1.78209537371447e+19
  10.00000   5.95765701001366e+02   6.25481993563053e+24
  10.00000   3.00715721564865e+03   1.72817129557512e+32
# orbitals: 1s2 2s2 2p6 3s2
CORE 12 18 Tm
   0.00000   3.76445963884754e+01   5.13533189337252e+03
   0.00000   4.14057189268598e+01   1.07323486007137e+04
   0.00000   1.90012985758516e+02   3.84952735437189e+05
   0.00000   8.71979419573485e+02   2.56070349187523e+05
   0.00000   3.63807378503971e+03   1.36600814328690e+05
   0.00000   4.00155865729105e+03   2.31890592157111e+05
   7.00000   1.29823270043640e+02   2.44068669218149e+14
   7.00000   5.41648833483844e+02   1.08711015704071e+19
   8.00000   3.76445963884754e+01   0.00000000000000e+00
   8.00000   1.29823270043640e+02   4.72789593158323e+15
   9.00000   4.14057189268598e+01   1.72955376247733e+10
  10.00000   5.50976889970805e+01   3.32209107378935e+12
  10.00000   6.06025736227862e+01   2.39627996191983e+13
  10.00000   2.08997440152636e+02   5.49697944994233e+19
  10.00000   2.29878657061191e+02   2.30283187754263e+20
  10.00000   6.55289457944039e+02   1.21169706926527e+25
  10.00000   3.00715721564865e+03   1.83561472176305e+32
  10.00000   3.30760636015599e+03   0.00000000000000e+00
# orbitals: 1s2 2s2 2p6 3s2 3p6
CORE 18 20 Tm
   0.00000   1.75728081981433e+01   1.94654019510743e+02
   0.00000   1.93285312319272e+01   1.10814097394690e+02
   0.00000   4.55426203048621e+01   2.12788517043460e+04
   0.00000   1.90012985758516e+02   2.36127673916927e+05
   0.00000   2.08997440152636e+02   1.54711910806978e+05
   0.00000   9.59100062709647e+02   2.66333302388078e+05
   0.00000   1.05492504712966e+03   0.00000000000000e+00
   0.00000   4.40135979473164e+03   3.95991149050186e+05
   6.00000   5.41648833483844e+02   2.12587731196242e+17
   7.00000   4.14057189268598e+01   5.10761863910548e+09
   8.00000   4.14057189268598e+01   2.68051293896112e+10
   8.00000   1.42794088535863e+02   1.46540790224760e+16
  10.00000   6.06025736227862e+01   4.46640144789204e+13
  10.00000   6.66574587166411e+01   1.42123771262787e+14
  10.00000   1.57060839046295e+02   4.09172824389303e+18
  10.00000   2.29878657061191e+02   5.30925901165502e+20
  10.00000   2.52846144592312e+02   0.00000000000000e+00
  10.00000   6.55289457944039e+02   1.47900578108095e+25
  10.00000   3.30760636015599e+03   7.14146419599127e+32
  10.00000   3.63807378503971e+03   0.00000000000000e+00
# orbitals: 1s2 2s2 2p6 3s2 3p6 3d10
CORE 28 20 Tm
   0.00000   1.75728081981433e+01   3.52259680452745e+01
   0.00000   1.93285312319272e+01   2.57164643467645e+03
   0.00000   4.55426203048621e+01   1.55008017833098e+04
   0.00000   1.90012985758516e+02   3.81781364143940e+05
   0.00000   2.08997440152636e+02   0.00000000000000e+00
   0.00000   9.59100062709647e+02   2.92517620715489e+05
   0.00000   4.00155865729105e+03   0.00000000000000e+00
   0.00000   4.40135979473164e+03   3.43746990532695e+05
   7.00000   3.76445963884754e+01   1.71162013101348e+09
   7.00000   4.14057189268598e+01   1.87474285805665e+10
   7.00000   1.42794088535863e+02   8.78403043356436e+14
   8.00000   4.14057189268598e+01   0.00000000000000e+00
   9.00000   1.57060839046295e+02   3.11572595395525e+17
   9.00000   6.55289457944039e+02   0.00000000000000e+00
  10.00000   6.06025736227862e+01   5.81101159995081e+12
  10.00000   6.66574587166411e+01   3.32871480675460e+14
  10.00000   2.52846144592312e+02   6.10625842193115e+20
  10.00000   6.55289457944039e+02   2.13256605023724e+25
  10.00000   3.30760636015599e+03   1.40180807166812e+33
  10.00000   3.63807378503971e+03   0.00000000000000e+00
# orbitals: 1s2 2s2 2p6 3s2 3p6 3d10 4s2
CORE 30 24 Tm
   0.00000   1.45253230403296e+01   2.03464224492091e+02
   0.00000   1.59765677103621e+01   1.77177146679725e+03
   0.00000   5.00928450945783e+01   1.89183130133720e+04
   0.00000   1.90012985758516e+02   3.73130214758455e+05
   0.00000   2.08997440152636e+02   2.52053222258977e+03
   0.00000   7.92772451720604e+02   2.35709994964014e+05
   0.00000   8.71979419573485e+02   0.00000000000000e+00
   0.00000   3.00715721564865e+03   2.88839168907417e+05
   0.00000   3.30760636015599e+03   0.00000000000000e+00
   0.00000   1.03706513211642e+04   3.23449626200562e+05
   8.00000   5.00928450945783e+01   1.22408458411319e+11
   9.00000   1.59765677103621e+01   3.50140583052253e+04
   9.00000   5.00928450945783e+01   1.56663020665307e+12
   9.00000   1.57060839046295e+02   8.26722145344291e+17
   9.00000   6.55289457944039e+02   2.15345828297787e+23
  10.00000   1.59765677103621e+01   0.00000000000000e+00
  10.00000   2.33837534041358e+01   5.00348568340611e+07
  10.00000   2.57200558325832e+01   3.63243405179751e+08
  10.00000   5.50976889970805e+01   4.84866809569058e+11
  10.00000   6.66574587166411e+01   3.31282570570749e+14
  10.00000   2.29878657061191e+02   2.79743897154825e+20
  10.00000   2.52846144592312e+02   7.60945976003122e+20
  10.00000   2.73399961632716e+03   5.62934954726470e+31
  10.00000   3.00715721564865e+03   0.00000000000000e+00
# orbitals: 1s2 2s2 2p6 3s2 3p6 3d10 4s2 4p6
CORE 36 25 Tm
   0.00000   9.02271785797292e+00   4.15126811132530e+01
   0.00000   1.75728081981433e+01   2.09643934162266e+03
   0.00000   5.00928450945783e+01   1.94054967452844e+04
   0.00000   1.90012985758516e+02   3.73425545393674e+05
   0.00000   7.20760313946989e+02   1.06218573502618e+05
   0.00000   7.92772451720604e+02   1.13589637656958e+05
   0.00000   2.48565451223498e+03   2.20381060299411e+05
   0.00000   2.73399961632716e+03   1.80486122255799e+04
   0.00000   9.42862467767910e+03   4.91645001147598e+05
   9.00000   1.75728081981433e+01   5.83708284767843e+05
   9.00000   5.50976889970805e+01   1.07912913683510e+13
   9.00000   1.57060839046295e+02   8.27775330470673e+17
   9.00000   6.55289457944039e+02   3.63686909100117e+22
  10.00000   1.93285312319272e+01   1.07304813672563e+07
  10.00000   2.57200558325832e+01   1.82732457539821e+09
  10.00000   2.82897813964373e+01   1.09145279695891e+09
  10.00000   6.06025736227862e+01   0.00000000000000e+00
  10.00000   6.66574587166411e+01   6.17372658579414e+13
  10.00000   7.33172955692774e+01   5.65329732325492e+14
  10.00000   1.72752999895586e+02   0.00000000000000e+00
  10.00000   2.29878657061191e+02   2.89159378040947e+20
  10.00000   2.52846144592312e+02   8.21920239735145e+20
  10.00000   6.55289457944039e+02   0.00000000000000e+00
  10.00000   7.20760313946989e+02   2.52417760873669e+25
  10.00000   2.73399961632716e+03   3.21864069141682e+31
# orbitals: 1s2 2s2 2p6 3s2 3p6 3d10 4s2 4p6 4d10
CORE 46 26 Tm
   0.00000   6.78054064306366e+00   3.09363368183609e+01
   0.00000   2.12596709285803e+01   3.77874242274175e+03
   0.00000   5.00928450945783e+01   1.61170047866936e+04
   0.00000   1.90012985758516e+02   3.77606370696975e+05
   0.00000   7.92772451720604e+02   2.34034840591096e+05
   0.00000   3.00715721564865e+03   2.87863205194097e+05
   0.00000   3.30760636015599e+03   0.00000000000000e+00
   0.00000   1.03706513211642e+04   0.00000000000000e+00
   0.00000   1.14067971206633e+04   4.22236187895374e+05
   5.00000   1.09157290274298e+01   3.80886576171764e+03
   8.00000   5.95765701001366e+02   8.47259782079575e+20
   9.00000   1.75728081981433e+01   0.00000000000000e+00
   9.00000   5.50976889970805e+01   6.90806756014152e+12
   9.00000   5.95765701001366e+02   5.23442312725557e+22
  10.00000   1.93285312319272e+01   3.96553474305567e+07
  10.00000   2.57200558325832e+01   3.03670574502911e+09
  10.00000   2.82897813964373e+01   3.03229768713337e+09
  10.00000   6.06025736227862e+01   7.29716578863718e+13
  10.00000   7.33172955692774e+01   8.34915882444198e+14
  10.00000   8.06425257290945e+01   0.00000000000000e+00
  10.00000   1.72752999895586e+02   3.02160129210500e+19
  10.00000   2.29878657061191e+02   2.12131732304478e+20
  10.00000   2.52846144592312e+02   9.67619284512336e+20
  10.00000   6.55289457944039e+02   0.00000000000000e+00
  10.00000   2.48565451223498e+03   0.00000000000000e+00
  10.00000   2.73399961632716e+03   3.65284762167249e+31
# orbitals: 1s2 2s2 2p6 3s2 3p6 3d10 4s2 4p6 4d10 5s2
CORE 48 29 Tm
   0.00000   3.48145296170395e+00   0.00000000000000e+00
   0.00000   3.82928963567076e+00   7.87407389985216e+00
   0.00000   4.63269368370986e+00   1.09757456004486e+01
   0.00000   5.09555237523156e+00   0.00000000000000e+00
   0.00000   1.93285312319272e+01   0.00000000000000e+00
   0.00000   2.12596709285803e+01   3.81661983403697e+03
   0.00000   5.00928450945783e+01   1.61261304717272e+04
   0.00000   1.90012985758516e+02   3.77800776314769e+05
   0.00000   7.92772451720604e+02   2.34497161404175e+05
   0.00000   3.00715721564865e+03   2.88271507886081e+05
   0.00000   3.30760636015599e+03   0.00000000000000e+00
   0.00000   1.03706513211642e+04   0.00000000000000e+00
   0.00000   1.14067971206633e+04   4.19417222343751e+05
   8.00000   5.95765701001366e+02   9.58560266755573e+20
   9.00000   5.50976889970805e+01   4.74815355696461e+12
  10.00000   9.02271785797292e+00   0.00000000000000e+00
  10.00000   9.92418980212411e+00   7.19251574979436e+02
  10.00000   1.93285312319272e+01   3.04130854002917e+07
  10.00000   2.57200558325832e+01   3.04644675620232e+09
  10.00000   2.82897813964373e+01   2.93494238060977e+09
  10.00000   6.06025736227862e+01   1.03818723197629e+14
  10.00000   7.33172955692774e+01   8.55503416200206e+14
  10.00000   8.06425257290945e+01   0.00000000000000e+00
  10.00000   1.72752999895586e+02   2.99095789187608e+19
  10.00000   2.29878657061191e+02   2.35407779828342e+20
  10.00000   2.52846144592312e+02   9.02567551247768e+20
  10.00000   6.55289457944039e+02   6.69162913594495e+24
  10.00000   2.48565451223498e+03   0.00000000000000e+00
  10.00000   2.73399961632716e+03   3.90357624974463e+31
# orbitals: 1s2 2s2 2p6 3s2 3p6 3d10 4s2 4p6 4d10 5s2 5p6
CORE 54 32 Tm
   0.00000   2.87769765357168e+00   5.88713535963547e+00
   0.00000   3.16521231814165e+00   3.75248187566109e+00
   0.00000   2.12596709285803e+01   0.00000000000000e+00
   0.00000   2.33837534041358e+01   3.83991692017757e+03
   0.00000   4.55426203048621e+01   1.48577646687023e+04
   0.00000   1.90012985758516e+02   3.79408720354687e+05
   0.00000   7.92772451720604e+02   2.34884510666080e+05
   0.00000   2.73399961632716e+03   0.00000000000000e+00
   0.00000   3.00715721564865e+03   2.81252788858667e+05
   0.00000   1.14067971206633e+04   4.68636863536605e+05
   0.00000   1.25464656483471e+04   0.00000000000000e+00
   7.00000   1.42794088535863e+02   0.00000000000000e+00
   8.00000   5.95765701001366e+02   6.08764284450480e+20
   9.00000   6.78054064306366e+00   1.91523890568304e+01
   9.00000   1.93285312319272e+01   0.00000000000000e+00
   9.00000   5.50976889970805e+01   8.32224495566565e+12
   9.00000   1.57060839046295e+02   6.70755618727058e+17
  10.00000   7.45799362919438e+00   0.00000000000000e+00
  10.00000   9.92418980212411e+00   3.76169689940672e+03
  10.00000   2.12596709285803e+01   1.13576206776418e+08
  10.00000   2.57200558325832e+01   1.92681644636905e+09
  10.00000   2.82897813964373e+01   6.38544821835502e+09
  10.00000   6.06025736227862e+01   7.95375487573520e+13
  10.00000   7.33172955692774e+01   6.59766791443839e+14
  10.00000   8.06425257290945e+01   1.22715206716203e+15
  10.00000   2.29878657061191e+02   3.27171341764532e+20
  10.00000   2.52846144592312e+02   4.30694144720657e+20
  10.00000   6.55289457944039e+02   1.08084143777015e+25
  10.00000   9.59100062709647e+02   3.08362494655282e+26
  10.00000   2.48565451223498e+03   1.44821230101965e+31
  10.00000   2.73399961632716e+03   2.84332195681969e+30
  10.00000   1.14067971206633e+04   0.00000000000000e+00
# orbitals: 1s2 2s2 2p6 3s2 3p6 3d10 4s2 4p6 4d10 5s2 5p6 6s2
CORE 56 33 Tm
   0.00000   1.00951001730855e+00   2.49444560156931e-02
   0.00000   1.11037152847052e+00   0.00000000000000e+00
   0.00000   2.61629962006276e+00   6.62742579645915e+00
   0.00000   2.87769765357168e+00   3.62706032353795e-01
   0.00000   1.93285312319272e+01   1.76605787429897e+03
   0.00000   2.12596709285803e+01   1.30219760327992e+03
   0.00000   5.00928450945783e+01   1.77577447288645e+04
   0.00000   1.90012985758516e+02   3.74965755502452e+05
   0.00000   7.20760313946989e+02   8.10981347633274e+04
   0.00000   7.92772451720604e+02   1.45552825110988e+05
   0.00000   2.73399961632716e+03   2.06883045464436e+05
   0.00000   3.00715721564865e+03   6.82649515958502e+04
   0.00000   1.14067971206633e+04   5.12841899073491e+05
   0.00000   1.25464656483471e+04   0.00000000000000e+00
   8.00000   5.95765701001366e+02   1.36941929441419e+21
   9.00000   1.93285312319272e+01   1.94890420842603e+07
   9.00000   1.57060839046295e+02   7.83685867876629e+17
  10.00000   2.37864589194934e+00   4.35443413502628e-06
  10.00000   3.16521231814165e+00   1.58055671590414e-04
  10.00000   3.48145296170395e+00   1.41947162758688e-03
  10.00000   9.02271785797292e+00   3.26924028784060e+01
  10.00000   9.92418980212411e+00   3.51409307319110e+03
  10.00000   2.57200558325832e+01   2.50234107081951e+09
  10.00000   2.82897813964373e+01   4.93928618668486e+09
  10.00000   6.06025736227862e+01   1.86244678361638e+14
  10.00000   7.33172955692774e+01   4.70409863417388e+14
  10.00000   8.06425257290945e+01   1.32275332751407e+15
  10.00000   1.72752999895586e+02   0.00000000000000e+00
  10.00000   2.29878657061191e+02   2.89988622151255e+20
  10.00000   2.52846144592312e+02   7.45909911540677e+20
  10.00000   6.55289457944039e+02   0.00000000000000e+00
  10.00000   2.48565451223498e+03   1.19494474481554e+31
  10.00000   2.73399961632716e+03   0.00000000000000e+00
# orbitals: 1s2 2s2 2p6 3s2 3p6 3d10 4s2 4p6 4d10 4f12
CORE 58 30 Tm
   0.00000   1.47754722614404e+00   2.83104781501200e-02
   0.00000   1.62517096784736e+00   0.00000000000000e+00
   0.00000   2.16257963571915e+00   0.00000000000000e+00
   0.00000   2.37864589194934e+00   8.56162491278769e-01
   0.00000   4.63269368370986e+00   2.93804061703781e+01
   0.00000   5.09555237523156e+00   3.30309980402962e+01
   0.00000   2.12596709285803e+01   3.69312080870073e+03
   0.00000   5.00928450945783e+01   1.60714174910790e+04
   0.00000   1.90012985758516e+02   3.78386867073196e+05
   0.00000   7.92772451720604e+02   7.41779027590542e+04
   0.00000   8.71979419573485e+02   1.86150954410187e+05
   0.00000   3.00715721564865e+03   0.00000000000000e+00
   0.00000   3.30760636015599e+03   2.35904155834117e+05
   0.00000   1.03706513211642e+04   5.38215872780573e+05
   0.00000   1.14067971206633e+04   0.00000000000000e+00
   7.00000   5.41648833483844e+02   3.72273794594576e+18
   8.00000   1.57060839046295e+02   2.60436415152328e+16
   8.00000   5.95765701001366e+02   0.00000000000000e+00
   9.00000   1.75728081981433e+01   4.59451797189029e+06
   9.00000   6.06025736227862e+01   0.00000000000000e+00
  10.00000   8.20313185940470e+00   1.74635602887715e+01
  10.00000   1.93285312319272e+01   2.28973976393180e+07
  10.00000   2.57200558325832e+01   3.48192687638501e+09
  10.00000   2.82897813964373e+01   1.95700504390597e+09
  10.00000   6.06025736227862e+01   1.64807180814232e+14
  10.00000   7.33172955692774e+01   7.96067378478341e+14
  10.00000   1.72752999895586e+02   1.75884687458618e+19
  10.00000   2.52846144592312e+02   1.09406302864788e+21
  10.00000   6.55289457944039e+02   1.18112174001029e+25
  10.00000   2.73399961632716e+03   7.92681727398830e+31
# orbitals: 1s2 2s2 2p6 3s2 3p6 3d10 4s2 4p6 4d10 4f13
CORE 59 28 Tm
   0.00000   1.47754722614404e+00   3.06366627891357e-02
   0.00000   1.62517096784736e+00   0.00000000000000e+00
   0.00000   2.16257963571915e+00   0.00000000000000e+00
   0.00000   2.37864589194934e+00   9.28703280106666e-01
   0.00000   4.63269368370986e+00   3.54405314773071e+01
   0.00000   5.09555237523156e+00   2.85902142641777e+01
   0.00000   2.12596709285803e+01   3.68248433298218e+03
   0.00000   5.00928450945783e+01   1.60886022688228e+04
   0.00000   1.90012985758516e+02   3.78630063583243e+05
   0.00000   7.92772451720604e+02   3.95040156011060e+04
   0.00000   8.71979419573485e+02   2.25872888817501e+05
   0.00000   3.00715721564865e+03   0.00000000000000e+00
   0.00000   3.30760636015599e+03   2.15564707708633e+05
   0.00000   1.14067971206633e+04   7.33302707544047e+05
   8.00000   1.57060839046295e+02   2.58835076559585e+16
   8.00000   5.95765701001366e+02   4.91695798239551e+20
   9.00000   1.75728081981433e+01   4.71827420371834e+06
   9.00000   6.06025736227862e+01   0.00000000000000e+00
  10.00000   8.20313185940470e+00   1.77119683900897e+01
  10.00000   1.93285312319272e+01   2.31192874233534e+07
  10.00000   2.57200558325832e+01   3.49126203765738e+09
  10.00000   2.82897813964373e+01   2.04548003948038e+09
  10.00000   6.06025736227862e+01   1.64448422606266e+14
  10.00000   7.33172955692774e+01   7.95546879508782e+14
  10.00000   1.72752999895586e+02   1.77126536593825e+19
  10.00000   2.52846144592312e+02   1.09750274388334e+21
  10.00000   6.55289457944039e+02   1.20157014897628e+25
  10.00000   2.73399961632716e+03   8.55265141915729e+31
# orbitals: 1s2 2s2 2p6 3s2 3p6 3d10 4s2 4p6 4d10 4f12 5s2
CORE 60 29 Tm
   0.00000   1.47754722614404e+00   2.33615823007225e-02
   0.00000   1.62517096784736e+00   0.00000000000000e+00
   0.00000   1.96613993560617e+00   1.63616165495038e-01
   0.00000   3.16521231814165e+00   4.68501130767068e+00
   0.00000   4.21187914217248e+00   1.65699073399270e+01
   0.00000   4.63269368370986e+00   3.21199573309611e+01
   0.00000   2.12596709285803e+01   3.69187428819833e+03
   0.00000   5.00928450945783e+01   1.63031857141221e+04
   0.00000   1.90012985758516e+02   3.77435634014419e+05
   0.00000   7.92772451720604e+02   2.35355446060400e+05
   0.00000   3.00715721564865e+03   2.85566287928562e+05
   0.00000   3.30760636015599e+03   0.00000000000000e+00
   0.00000   1.14067971206633e+04   4.33210834515942e+05
   8.00000   5.95765701001366e+02   1.06465379411742e+21
   9.00000   1.57060839046295e+02   0.00000000000000e+00
   9.00000   5.95765701001366e+02   3.30500735547714e+22
  10.00000   9.02271785797292e+00   0.00000000000000e+00
  10.00000   9.92418980212411e+00   4.98899776636979e+02
  10.00000   1.93285312319272e+01   3.52109887554439e+07
  10.00000   2.57200558325832e+01   3.34670142866641e+09
  10.00000   2.82897813964373e+01   2.76365321816589e+09
  10.00000   6.06025736227862e+01   1.65552310892029e+14
  10.00000   7.33172955692774e+01   8.28317418911820e+14
  10.00000   1.72752999895586e+02   2.96324753873734e+19
  10.00000   2.29878657061191e+02   2.58898903253005e+20
  10.00000   2.52846144592312e+02   8.49273414035432e+20
  10.00000   6.55289457944039e+02   0.00000000000000e+00
  10.00000   2.48565451223498e+03   3.23813714888233e+30
  10.00000   2.73399961632716e+03   3.46941698859245e+31
# orbitals: 1s2 2s2 2p6 3s2 3p6 3d10 4s2 4p6 4d10 4f13 5s2
CORE 61 30 Tm
   0.00000   1.62517096784736e+00   4.80943263205051e-02
   0.00000   1.78754399724102e+00   8.71865858886912e-02
   0.00000   2.87769765357168e+00   1.77788385101181e+00
   0.00000   4.21187914217248e+00   3.88499617563747e+01
   0.00000   4.63269368370986e+00   1.42644929659808e+01
   0.00000   2.12596709285803e+01   3.67920963145446e+03
   0.00000   5.00928450945783e+01   1.62877704354528e+04
   0.00000   1.90012985758516e+02   3.77436979347571e+05
   0.00000   7.92772451720604e+02   2.07848169775458e+05
   0.00000   8.71979419573485e+02   3.15879627899516e+04
   0.00000   3.00715721564865e+03   2.74470242423163e+05
   0.00000   1.03706513211642e+04   0.00000000000000e+00
   0.00000   1.14067971206633e+04   4.67233823783009e+05
   7.00000   5.41648833483844e+02   6.35332516917329e+18
   8.00000   1.57060839046295e+02   0.00000000000000e+00
   8.00000   5.95765701001366e+02   0.00000000000000e+00
   9.00000   1.75728081981433e+01   0.00000000000000e+00
   9.00000   6.06025736227862e+01   0.00000000000000e+00
   9.00000   5.95765701001366e+02   4.27678163689905e+22
  10.00000   9.02271785797292e+00   1.40182192396179e+02
  10.00000   1.93285312319272e+01   3.42886855654845e+07
  10.00000   2.57200558325832e+01   3.41136383891801e+09
  10.00000   2.82897813964373e+01   2.63899487751264e+09
  10.00000   6.06025736227862e+01   1.64843449176402e+14
  10.00000   7.33172955692774e+01   8.30114905544092e+14
  10.00000   1.72752999895586e+02   2.97985568859201e+19
  10.00000   2.29878657061191e+02   2.50568766453832e+20
  10.00000   2.52846144592312e+02   8.80181536259250e+20
  10.00000   6.55289457944039e+02   0.00000000000000e+00
  10.00000   2.73399961632716e+03   5.76381191844801e+31
# orbitals: 1s2 2s2 2p6 3s2 3p6 3d10 4s2 4p6 4d10 4f13 5s2 5p6
CORE 67 29 Tm
   0.00000   1.47754722614404e+00   0.00000000000000e+00
   0.00000   2.61629962006276e+00   5.83264201480923e-01
   0.00000   2.87769765357168e+00   1.55070164387651e+01
   0.00000   5.09555237523156e+00   2.85988457211144e+01
   0.00000   2.12596709285803e+01   3.66390588987367e+03
   0.00000   5.00928450945783e+01   1.62405502489585e+04
   0.00000   1.90012985758516e+02   3.78188350317426e+05
   0.00000   7.92772451720604e+02   2.34025733378022e+05
   0.00000   2.73399961632716e+03   0.00000000000000e+00
   0.00000   3.00715721564865e+03   2.85583489797206e+05
   0.00000   1.03706513211642e+04   0.00000000000000e+00
   0.00000   1.14067971206633e+04   4.45756023243417e+05
   8.00000   1.57060839046295e+02   2.26546205047060e+16
   8.00000   5.95765701001366e+02   6.10965248589628e+20
   9.00000   1.93285312319272e+01   2.47732541786600e+07
   9.00000   6.06025736227862e+01   0.00000000000000e+00
  10.00000   2.87769765357168e+00   3.31129479851139e-07
  10.00000   3.16521231814165e+00   1.38264144285554e-05
  10.00000   9.02271785797292e+00   3.06012998599577e+02
  10.00000   9.92418980212411e+00   1.86006661520839e+03
  10.00000   2.57200558325832e+01   2.57830883729264e+09
  10.00000   2.82897813964373e+01   5.43683241808507e+09
  10.00000   6.06025736227862e+01   1.73720865416147e+14
  10.00000   7.33172955692774e+01   7.27555196343020e+14
  10.00000   8.06425257290945e+01   3.71904291670434e+14
  10.00000   1.72752999895586e+02   2.01947533206473e+19
  10.00000   2.52846144592312e+02   1.18297511067431e+21
  10.00000   6.55289457944039e+02   1.12853671106490e+25
  10.00000   2.73399961632716e+03   2.82230134312315e+31
