# Free-atom, free-ion and frozen-core density fits -- Co (Z = 27)
#
#   rho(r) = sum_i c_i r^n_i exp(-alpha_i r)      r in bohr, rho in e/bohr^3
#
# All-electron B86BPBE densities (scalar-relativistic, spin-restricted),
# fitted with rhofit.py (monotone decay imposed).  Two kinds of block:
#
#   STATE <N> <q> <nterm> <symbol>
#     the atom or ion with N electrons (charge q), in order of increasing N;
#   CORE <N_core> <nterm> <symbol>
#     the frozen core of the neutral atom with N_core electrons, for a
#     pseudopotential with Z - N_core valence electrons, in order of
#     increasing N_core, each preceded by a '# orbitals:' comment.
#
# Each block header is followed by nterm lines:   n   alpha   c
#
# Generated 2026-09-23 by combine_fits.py from
#   /home/alberto/doc/manuals/critic2/atomic_density_fits/15_rhofit/rho_b86bpbe_mono/fit_027_Co.dat
#     recipe: --npow 0,1,2,3,4,5,6,7,8,9,10 --amin 0.2 --ratio 1.1 --mom 3 --cusp none --targetz 1e-3 --besteffort --monotone --stats
#   /home/alberto/doc/manuals/critic2/atomic_density_fits/15_rhofit/core_b86bpbe_mono/core_027_Co.dat
#     recipe: --npow 0,1,2,3,4,5,6,7,8,9,10 --amin 0.2 --ratio 1.1 --mom 3 --cusp none --besteffort --monotone --stats --target 1e-3*N_core
#
STATE 22 +5 19 Co
   0.00000   4.11174967272169e+00   2.93816220257727e+00
   0.00000   4.51916098618879e+00   1.49192792212004e+01
   0.00000   1.54334390098289e+01   6.97188736501277e+02
   0.00000   6.36692742523070e+01   1.43631315048467e+04
   0.00000   6.99779225687934e+01   0.00000000000000e+00
   0.00000   7.42573923939868e+02   1.26750495292183e+03
   1.00000   1.08358822843659e+03   0.00000000000000e+00
   2.00000   1.12232018882237e+02   1.31233920620574e+05
   3.00000   1.35574829585664e+02   2.92324350727446e+08
   4.00000   7.24792252349589e+00   2.00968013164798e+02
   5.00000   8.75539681776652e+00   0.00000000000000e+00
   7.00000   1.16243659093238e+01   3.23411858961647e+04
   7.00000   4.36320195948918e+01   3.63798591068866e+09
  10.00000   1.86433950357232e+01   9.30286187840642e+06
  10.00000   2.04906694720490e+01   1.98904695139879e+07
  10.00000   5.27069162612384e+01   5.56230601849444e+12
  10.00000   7.69116611513222e+01   4.33294086467737e+14
  10.00000   2.38982413616297e+02   3.31114037077083e+19
  10.00000   4.63003170294867e+02   1.09782277793359e+22
STATE 23 +4 20 Co
   0.00000   3.74106729607457e+00   3.54416954173939e+00
   0.00000   4.11174967272169e+00   1.08686402941370e+01
   0.00000   1.54334390098289e+01   6.89310843586961e+02
   0.00000   1.69626560485079e+01   0.00000000000000e+00
   0.00000   6.36692742523070e+01   1.43655203101808e+04
   0.00000   6.75629413969247e+02   1.10189642080541e+03
   0.00000   7.42573923939868e+02   0.00000000000000e+00
   3.00000   6.00000000000000e+00   5.28263716316455e+01
   3.00000   1.35574829585664e+02   3.32571117580106e+08
   4.00000   7.24792252349589e+00   1.64173691571604e+01
   4.00000   1.49008215319482e+02   1.73631483443708e+08
   6.00000   3.96985066116847e+01   7.26064891951253e+08
   7.00000   1.16243659093238e+01   3.69419979058986e+04
   9.00000   4.79552833699967e+01   2.86074131136148e+11
  10.00000   1.86433950357232e+01   5.95765148118918e+06
  10.00000   2.04906694720490e+01   2.69498321413415e+07
  10.00000   7.69116611513222e+01   3.03673104273516e+14
  10.00000   8.45324268556348e+01   8.84144175430299e+10
  10.00000   2.17437675704877e+02   5.64176487473037e+18
  10.00000   2.38982413616297e+02   1.48784451413561e+19
STATE 24 +3 21 Co
   0.00000   3.40380266984847e+00   6.69217490130924e+00
   0.00000   3.74106729607457e+00   9.06733406976591e+00
   0.00000   1.54334390098289e+01   3.71989332167624e+02
   0.00000   1.69626560485079e+01   3.55467228562127e+02
   0.00000   6.36692742523070e+01   1.43181423705464e+04
   0.00000   7.42573923939868e+02   1.22995190629971e+03
   1.00000   9.85900603509300e+02   2.47313622208225e+04
   2.00000   1.12232018882237e+02   4.39314565979173e+05
   3.00000   1.35574829585664e+02   2.60414787504497e+08
   6.00000   3.96985066116847e+01   6.73693525587889e+08
   7.00000   1.05764062996057e+01   7.21597743351341e+03
   7.00000   1.16243659093238e+01   1.76426822218180e+04
   8.00000   1.16243659093238e+01   0.00000000000000e+00
   9.00000   4.79552833699967e+01   3.40127018387824e+11
  10.00000   3.40380266984847e+00   0.00000000000000e+00
  10.00000   1.86433950357232e+01   1.00164451550598e+07
  10.00000   2.04906694720490e+01   1.59223933223957e+07
  10.00000   5.27069162612384e+01   0.00000000000000e+00
  10.00000   7.69116611513222e+01   3.38260546479760e+14
  10.00000   2.38982413616297e+02   3.32594727073537e+19
  10.00000   4.21262517477729e+02   4.64060817691018e+21
STATE 25 +2 21 Co
   0.00000   3.09694311765640e+00   2.69182507002730e+00
   0.00000   3.40380266984847e+00   1.23779036937797e+01
   0.00000   1.54334390098289e+01   6.95204022718199e+02
   0.00000   1.69626560485079e+01   0.00000000000000e+00
   0.00000   6.36692742523070e+01   1.42987752655116e+04
   0.00000   6.99779225687934e+01   0.00000000000000e+00
   0.00000   8.16151607840673e+02   5.56277133863658e+02
   1.00000   1.08358822843659e+03   1.35962807902368e+06
   1.00000   1.19095519835054e+03   0.00000000000000e+00
   2.00000   1.12232018882237e+02   1.68882360767493e+06
   3.00000   1.35574829585664e+02   2.22655354003879e+08
   7.00000   4.36320195948918e+01   3.24571004191518e+09
   8.00000   1.16243659093238e+01   6.37888980497659e+03
   9.00000   1.27761622394260e+01   7.49132874341265e+04
  10.00000   4.96694051064940e+00   1.31300070006986e-02
  10.00000   5.45908811651694e+00   1.90666682106352e-02
  10.00000   1.86433950357232e+01   1.41890853455205e+07
  10.00000   2.04906694720490e+01   9.74955219672433e+06
  10.00000   5.27069162612384e+01   5.77836817107893e+12
  10.00000   7.69116611513222e+01   4.33187092157343e+14
  10.00000   2.38982413616297e+02   3.20113383981718e+19
STATE 26 +1 21 Co
   0.00000   1.75689720870795e+00   1.99446246064250e-01
   0.00000   3.09694311765640e+00   6.64345997012339e+00
   0.00000   3.40380266984847e+00   6.75331906867930e+00
   0.00000   1.54334390098289e+01   6.93892325489133e+02
   0.00000   6.36692742523070e+01   1.43674850993029e+04
   0.00000   7.42573923939868e+02   1.20221463114598e+03
   1.00000   9.85900603509300e+02   0.00000000000000e+00
   2.00000   1.12232018882237e+02   2.11696485665027e+04
   3.00000   1.35574829585664e+02   2.95487616263809e+08
   6.00000   3.96985066116847e+01   2.81246655329050e+08
   7.00000   4.36320195948918e+01   4.07897606559855e+09
   8.00000   1.16243659093238e+01   0.00000000000000e+00
   9.00000   1.27761622394260e+01   9.78154973883489e+04
   9.00000   4.79552833699967e+01   2.96482336229451e+11
  10.00000   4.96694051064940e+00   3.61786125318169e-02
  10.00000   1.86433950357232e+01   1.26725601246896e+07
  10.00000   2.04906694720490e+01   1.61671815046053e+07
  10.00000   5.27069162612384e+01   0.00000000000000e+00
  10.00000   7.69116611513222e+01   3.28259063005451e+14
  10.00000   2.38982413616297e+02   3.68446707898839e+19
  10.00000   4.63003170294867e+02   1.47223044222237e+22
STATE 27 +0 24 Co
   0.00000   1.32328355372282e+00   5.05559274817082e-02
   0.00000   1.45440065316306e+00   4.25148727851467e-01
   0.00000   3.40380266984847e+00   0.00000000000000e+00
   0.00000   3.74106729607457e+00   1.52408891645870e+01
   0.00000   1.54334390098289e+01   6.86993302833185e+02
   0.00000   6.36692742523070e+01   1.43655176814372e+04
   0.00000   6.99779225687934e+01   0.00000000000000e+00
   0.00000   7.42573923939868e+02   8.29890257660982e+02
   1.00000   9.85900603509300e+02   4.41891449718725e+05
   2.00000   1.12232018882237e+02   6.35080496891691e+05
   3.00000   1.35574829585664e+02   2.56408645539670e+08
   6.00000   3.96985066116847e+01   4.98802613818265e+08
   7.00000   2.81774756185449e+00   3.74878399168208e-04
   7.00000   1.16243659093238e+01   1.48126564060306e+04
   7.00000   4.36320195948918e+01   0.00000000000000e+00
   8.00000   3.09694311765640e+00   0.00000000000000e+00
   8.00000   1.16243659093238e+01   2.18866428850339e+04
  10.00000   4.51916098618879e+00   9.73738867913825e-03
  10.00000   1.86433950357232e+01   1.15103669598727e+07
  10.00000   2.04906694720490e+01   1.52968724161193e+07
  10.00000   5.27069162612384e+01   4.80239087014654e+12
  10.00000   7.69116611513222e+01   3.67191736834750e+14
  10.00000   2.38982413616297e+02   4.05626556479364e+19
  10.00000   4.63003170294867e+02   1.75798241526004e+22
STATE 28 -1 23 Co
   0.00000   1.20398692048509e+00   9.73463772936842e-03
   0.00000   1.32328355372282e+00   4.27113450058376e-01
   0.00000   3.40380266984847e+00   2.99251898295316e+00
   0.00000   3.74106729607457e+00   1.24123738460894e+01
   0.00000   1.54334390098289e+01   6.85536500686739e+02
   0.00000   6.36692742523070e+01   1.43621813378741e+04
   0.00000   7.42573923939868e+02   7.90895087972421e+02
   1.00000   9.85900603509300e+02   4.85388608147232e+05
   2.00000   1.12232018882237e+02   7.07210076482681e+05
   3.00000   1.35574829585664e+02   2.51584053253958e+08
   6.00000   3.96985066116847e+01   5.20365972374944e+08
   7.00000   2.81774756185449e+00   0.00000000000000e+00
   7.00000   1.16243659093238e+01   5.35387033102424e+03
   7.00000   4.36320195948918e+01   0.00000000000000e+00
   8.00000   1.16243659093238e+01   2.98477209624397e+04
  10.00000   4.11174967272169e+00   3.20489883975496e-04
  10.00000   4.51916098618879e+00   2.16115517341864e-03
  10.00000   1.86433950357232e+01   1.31962746307270e+07
  10.00000   2.04906694720490e+01   1.24191621786345e+07
  10.00000   5.27069162612384e+01   4.64687272895556e+12
  10.00000   7.69116611513222e+01   3.59484769787012e+14
  10.00000   2.38982413616297e+02   4.13265636939783e+19
  10.00000   4.63003170294867e+02   1.81726340078883e+22
STATE 29 -2 23 Co
   0.00000   1.09544511501033e+00   5.09820196573287e-02
   0.00000   1.20398692048509e+00   2.79937219821229e-01
   0.00000   3.40380266984847e+00   1.32191894394079e+01
   0.00000   3.74106729607457e+00   0.00000000000000e+00
   0.00000   1.54334390098289e+01   6.90840992194074e+02
   0.00000   6.36692742523070e+01   1.43518834340930e+04
   0.00000   6.75629413969247e+02   1.11121501070515e+03
   1.00000   9.85900603509300e+02   0.00000000000000e+00
   2.00000   1.12232018882237e+02   1.25695261230911e+06
   3.00000   1.35574829585664e+02   2.02055480869612e+08
   6.00000   3.96985066116847e+01   4.59918497071368e+08
   7.00000   1.16243659093238e+01   1.98379419465958e+04
   7.00000   4.36320195948918e+01   2.32806997330390e+09
   8.00000   1.16243659093238e+01   1.71130744499688e+04
   9.00000   4.79552833699967e+01   2.99392570113935e+11
  10.00000   4.51916098618879e+00   1.73600986432997e-03
  10.00000   4.96694051064940e+00   2.20772346179077e-02
  10.00000   1.86433950357232e+01   8.87056151074377e+06
  10.00000   2.04906694720490e+01   2.04325112955463e+07
  10.00000   5.27069162612384e+01   0.00000000000000e+00
  10.00000   7.69116611513222e+01   3.19445184637333e+14
  10.00000   2.38982413616297e+02   4.25555287709349e+19
  10.00000   4.21262517477729e+02   8.53546796139651e+21
# orbitals: 1s2
CORE 2 6 Co
   0.00000   4.79552833699967e+01   1.20623822669443e+03
   0.00000   5.27069162612384e+01   8.86567776006510e+03
   0.00000   6.99779225687934e+01   2.67761211713269e+03
   0.00000   7.69116611513222e+01   0.00000000000000e+00
   0.00000   1.23352490181651e+02   0.00000000000000e+00
   0.00000   1.35574829585664e+02   6.89495191779378e+02
# orbitals: 1s2 2s2
CORE 4 15 Co
   0.00000   1.27761622394260e+01   6.65521139349090e+00
   0.00000   1.40420839159243e+01   2.43702495096794e+01
   0.00000   5.79293630763379e+01   1.44981582428753e+04
   0.00000   6.36692742523070e+01   0.00000000000000e+00
   0.00000   4.63003170294867e+02   1.25113736131967e+03
   3.00000   2.25209804656416e+01   5.25698412488630e+04
   4.00000   2.47524641313289e+01   3.19992929196981e+05
   4.00000   1.35574829585664e+02   3.15118612086020e+09
   6.00000   3.61196076145528e+01   9.36189035121444e+07
  10.00000   6.36692742523070e+01   7.15646534198860e+12
  10.00000   6.99779225687934e+01   5.53186370910306e+12
  10.00000   1.97835238587259e+02   3.44070823535285e+18
  10.00000   3.48730977279714e+02   8.31800564785630e+20
  10.00000   3.83284867182780e+02   0.00000000000000e+00
  10.00000   1.91007822756921e+03   1.56555895154002e+28
# orbitals: 1s2 2s2 2p6
CORE 10 15 Co
   0.00000   1.40420839159243e+01   5.99737273245101e+01
   0.00000   1.54334390098289e+01   5.35993138817505e+02
   0.00000   6.36692742523070e+01   1.42378413791601e+04
   0.00000   7.42573923939868e+02   1.44308342396256e+03
   1.00000   1.08358822843659e+03   3.04691297245413e+05
   2.00000   1.12232018882237e+02   2.73648825789170e+06
   3.00000   2.25209804656416e+01   1.98023355197232e+05
   3.00000   1.23352490181651e+02   1.75052404650263e+08
   4.00000   2.72050535946891e+01   1.10977452133911e+06
   6.00000   3.96985066116847e+01   3.44952109960600e+08
   7.00000   4.36320195948918e+01   3.79157903214134e+08
   8.00000   5.27069162612384e+01   0.00000000000000e+00
  10.00000   6.99779225687934e+01   4.25636047093870e+13
  10.00000   2.17437675704877e+02   1.44867640976715e+19
  10.00000   2.38982413616297e+02   0.00000000000000e+00
# orbitals: 1s2 2s2 2p6 3s2
CORE 12 18 Co
   0.00000   4.51916098618879e+00   8.04069303495477e-01
   0.00000   1.27761622394260e+01   2.06416233967934e+02
   0.00000   1.40420839159243e+01   3.59385607971564e+02
   0.00000   6.36692742523070e+01   1.44985195153052e+04
   0.00000   8.97019711447416e+02   5.35076719965793e+02
   1.00000   1.19095519835054e+03   1.39517664160331e+06
   1.00000   1.30896058784676e+03   0.00000000000000e+00
   2.00000   1.12232018882237e+02   1.93815302019531e+06
   3.00000   1.23352490181651e+02   2.05197254529386e+08
   6.00000   9.62292232427205e+00   0.00000000000000e+00
   6.00000   3.96985066116847e+01   3.25626059466359e+08
   7.00000   1.05764062996057e+01   2.67836435416340e+03
   7.00000   3.96985066116847e+01   3.42337032539471e+09
  10.00000   1.69626560485079e+01   3.29456764880904e+05
  10.00000   1.86433950357232e+01   4.38208671466335e+06
  10.00000   6.99779225687934e+01   2.94933433443642e+13
  10.00000   7.69116611513222e+01   1.67213911521945e+14
  10.00000   2.17437675704877e+02   9.68121843620601e+18
# orbitals: 1s2 2s2 2p6 3s2 3p6
CORE 18 20 Co
   0.00000   4.11174967272169e+00   1.41273981479062e+00
   0.00000   4.51916098618879e+00   6.24813919860972e+00
   0.00000   1.54334390098289e+01   6.93837339672756e+02
   0.00000   6.36692742523070e+01   1.43593853308572e+04
   0.00000   7.42573923939868e+02   7.33195518923779e+02
   1.00000   9.85900603509300e+02   5.30285344317541e+05
   2.00000   1.12232018882237e+02   0.00000000000000e+00
   3.00000   1.35574829585664e+02   3.41305757989645e+08
   4.00000   7.24792252349589e+00   1.88989597497818e+02
   5.00000   8.75539681776652e+00   0.00000000000000e+00
   6.00000   3.96985066116847e+01   1.13735305356310e+09
   7.00000   1.16243659093238e+01   2.52735918437882e+04
   9.00000   4.79552833699967e+01   0.00000000000000e+00
  10.00000   1.86433950357232e+01   6.90989696858562e+06
  10.00000   2.04906694720490e+01   1.56573756004108e+07
  10.00000   4.79552833699967e+01   5.54493166483932e+11
  10.00000   7.69116611513222e+01   2.30711287427601e+14
  10.00000   2.17437675704877e+02   7.74991038098158e+18
  10.00000   2.38982413616297e+02   1.12257290607453e+19
  10.00000   4.21262517477729e+02   0.00000000000000e+00
