# Free-atom, free-ion and frozen-core density fits -- Hf (Z = 72)
#
#   rho(r) = sum_i c_i r^n_i exp(-alpha_i r)      r in bohr, rho in e/bohr^3
#
# All-electron B86BPBE densities (scalar-relativistic, spin-restricted),
# fitted with rhofit.py (monotone decay imposed).  Two kinds of block:
#
#   STATE <N> <q> <nterm> <symbol>
#     the atom or ion with N electrons (charge q), in order of increasing N;
#   CORE <N_core> <nterm> <symbol>
#     the frozen core of the neutral atom with N_core electrons, for a
#     pseudopotential with Z - N_core valence electrons, in order of
#     increasing N_core, each preceded by a '# orbitals:' comment.
#
# Each block header is followed by nterm lines:   n   alpha   c
#
# Generated 2026-09-23 by combine_fits.py from
#   /home/alberto/doc/manuals/critic2/atomic_density_fits/15_rhofit/rho_b86bpbe_mono/fit_072_Hf.dat
#     recipe: --npow 0,1,2,3,4,5,6,7,8,9,10 --amin 0.2 --ratio 1.1 --mom 3 --cusp none --targetz 1e-3 --besteffort --monotone --stats
#   /home/alberto/doc/manuals/critic2/atomic_density_fits/15_rhofit/core_b86bpbe_mono/core_072_Hf.dat
#     recipe: --npow 0,1,2,3,4,5,6,7,8,9,10 --amin 0.2 --ratio 1.1 --mom 3 --cusp none --besteffort --monotone --stats --target 1e-3*N_core
#
STATE 68 +4 30 Hf
   0.00000   3.77666855112289e+00   7.62794096921740e+00
   0.00000   4.15214686576265e+00   4.93687350213914e+01
   0.00000   6.06635812907898e+00   1.07513180592289e+01
   0.00000   2.28676602637488e+01   4.60983631948545e+03
   0.00000   5.36656314599949e+01   1.93127986712090e+04
   0.00000   2.02297227093157e+02   4.49959640495366e+05
   0.00000   7.62576848091079e+02   0.00000000000000e+00
   0.00000   8.38392627481993e+02   3.17413841838705e+05
   0.00000   3.16039333071829e+03   3.90478085877073e+05
   0.00000   1.08360496918409e+04   0.00000000000000e+00
   0.00000   1.19133752819924e+04   6.43441465082294e+05
   8.00000   1.67364082282446e+02   0.00000000000000e+00
   8.00000   6.30893345324162e+02   9.94831014122677e+20
   9.00000   7.33256151099171e+00   5.57800006676917e+01
   9.00000   2.07997395438949e+01   5.33464657260221e+07
   9.00000   6.48670149921347e+01   0.00000000000000e+00
   9.00000   6.93617083670044e+02   0.00000000000000e+00
  10.00000   7.33256151099171e+00   0.00000000000000e+00
  10.00000   9.74422310353419e+00   5.01192728493798e+02
  10.00000   1.07129987371018e+01   1.12390839015616e+04
  10.00000   2.76407231371050e+01   8.18889850659535e+09
  10.00000   3.03887779368460e+01   8.34465120366363e+09
  10.00000   6.48670149921347e+01   4.28820781450642e+14
  10.00000   7.84064124378463e+01   1.68930834976731e+15
  10.00000   1.84003504751213e+02   6.78901354125926e+19
  10.00000   2.44521808571305e+02   4.81216800099871e+20
  10.00000   2.68832291562385e+02   1.92439676413755e+21
  10.00000   6.93617083670044e+02   2.23279923754573e+25
  10.00000   2.61464942969117e+03   1.30434023764801e+30
  10.00000   2.87459921028347e+03   1.05062278638401e+32
STATE 69 +3 30 Hf
   0.00000   2.13858178537781e+00   3.22379348215235e-01
   0.00000   3.12450484480733e+00   1.86045937948886e+01
   0.00000   3.43514471095687e+00   0.00000000000000e+00
   0.00000   5.51777784038793e+00   5.67650818844117e+01
   0.00000   2.28676602637488e+01   4.58359071316763e+03
   0.00000   5.36656314599949e+01   1.93320816765579e+04
   0.00000   2.02297227093157e+02   4.49987346676398e+05
   0.00000   7.62576848091079e+02   0.00000000000000e+00
   0.00000   8.38392627481993e+02   3.17259163701937e+05
   0.00000   3.16039333071829e+03   3.91187531792066e+05
   0.00000   1.08360496918409e+04   0.00000000000000e+00
   0.00000   1.19133752819924e+04   6.39163999860298e+05
   8.00000   1.67364082282446e+02   0.00000000000000e+00
   8.00000   6.30893345324162e+02   9.50213350863856e+20
   9.00000   2.07997395438949e+01   4.18896653599563e+07
   9.00000   6.48670149921347e+01   0.00000000000000e+00
  10.00000   3.77666855112289e+00   6.22815214360361e-05
  10.00000   9.74422310353419e+00   1.03787504526211e+03
  10.00000   1.07129987371018e+01   6.52755084491306e+03
  10.00000   2.07997395438949e+01   1.99406961853579e+07
  10.00000   2.76407231371050e+01   8.73072538981080e+09
  10.00000   3.03887779368460e+01   7.68403288680171e+09
  10.00000   6.48670149921347e+01   4.26651463406496e+14
  10.00000   7.84064124378463e+01   1.69101979632713e+15
  10.00000   1.84003504751213e+02   6.81297625264521e+19
  10.00000   2.44521808571305e+02   4.71335844927072e+20
  10.00000   2.68832291562385e+02   1.95459519588059e+21
  10.00000   6.93617083670044e+02   2.28822264670737e+25
  10.00000   2.61464942969117e+03   0.00000000000000e+00
  10.00000   2.87459921028347e+03   1.07853283908569e+32
STATE 70 +2 31 Hf
   0.00000   1.94519000265592e+00   0.00000000000000e+00
   0.00000   2.13858178537781e+00   1.61644468317976e+00
   0.00000   3.12450484480733e+00   1.50894369141955e+01
   0.00000   3.43514471095687e+00   0.00000000000000e+00
   0.00000   5.51777784038793e+00   5.99085922884703e+01
   0.00000   2.28676602637488e+01   4.58435131933158e+03
   0.00000   5.36656314599949e+01   1.93261597389886e+04
   0.00000   2.02297227093157e+02   4.49993248183226e+05
   0.00000   7.62576848091079e+02   0.00000000000000e+00
   0.00000   8.38392627481993e+02   3.17244998003814e+05
   0.00000   3.16039333071829e+03   3.91209275082539e+05
   0.00000   1.08360496918409e+04   0.00000000000000e+00
   0.00000   1.19133752819924e+04   6.39059219525846e+05
   8.00000   1.67364082282446e+02   0.00000000000000e+00
   8.00000   6.30893345324162e+02   9.53353753438611e+20
   9.00000   2.07997395438949e+01   4.15398978110397e+07
   9.00000   6.48670149921347e+01   0.00000000000000e+00
  10.00000   3.77666855112289e+00   7.09733093566521e-04
  10.00000   9.74422310353419e+00   8.68467392736215e+02
  10.00000   1.07129987371018e+01   6.49013132292065e+03
  10.00000   2.07997395438949e+01   2.28174129549336e+07
  10.00000   2.76407231371050e+01   8.73549480273036e+09
  10.00000   3.03887779368460e+01   7.77842708585376e+09
  10.00000   6.48670149921347e+01   4.26490509973166e+14
  10.00000   7.84064124378463e+01   1.68927996483287e+15
  10.00000   1.84003504751213e+02   6.80995675419764e+19
  10.00000   2.44521808571305e+02   4.71956643976863e+20
  10.00000   2.68832291562385e+02   1.95135102843077e+21
  10.00000   6.93617083670044e+02   2.28698084353081e+25
  10.00000   2.61464942969117e+03   0.00000000000000e+00
  10.00000   2.87459921028347e+03   1.07783722877151e+32
STATE 71 +1 33 Hf
   0.00000   1.46376218950359e+00   1.73119568769376e-01
   0.00000   1.60929017336249e+00   4.92300395007609e-01
   0.00000   3.77666855112289e+00   4.12310725825540e+01
   0.00000   4.15214686576265e+00   0.00000000000000e+00
   0.00000   5.01880562407522e+00   0.00000000000000e+00
   0.00000   2.28676602637488e+01   4.38705174785166e+03
   0.00000   5.36656314599949e+01   2.00574089397250e+04
   0.00000   2.02297227093157e+02   4.47432592785429e+05
   0.00000   7.62576848091079e+02   1.35314511241770e+05
   0.00000   8.38392627481993e+02   1.65609287032553e+05
   0.00000   2.87459921028347e+03   3.69916160978807e+05
   0.00000   3.16039333071829e+03   0.00000000000000e+00
   0.00000   1.08360496918409e+04   5.28475080288348e+05
   0.00000   1.19133752819924e+04   1.54294928152696e+05
   8.00000   6.30893345324162e+02   2.21019397196272e+21
   9.00000   3.43514471095687e+00   2.18820113283309e-03
   9.00000   2.07997395438949e+01   7.27326573421781e+07
   9.00000   5.90010959260747e+01   2.05224805918090e+13
   9.00000   1.67364082282446e+02   1.57561509791430e+18
   9.00000   6.30893345324162e+02   3.93211503022004e+22
  10.00000   3.77666855112289e+00   0.00000000000000e+00
  10.00000   4.15214686576265e+00   8.68001628302953e-03
  10.00000   9.74422310353419e+00   0.00000000000000e+00
  10.00000   1.07129987371018e+01   9.06062425530601e+03
  10.00000   2.76407231371050e+01   6.54471225549632e+09
  10.00000   3.03887779368460e+01   1.55050575480822e+10
  10.00000   6.48670149921347e+01   1.21151684408210e+14
  10.00000   7.84064124378463e+01   1.91859987805970e+15
  10.00000   1.84003504751213e+02   0.00000000000000e+00
  10.00000   2.44521808571305e+02   6.70161707301277e+20
  10.00000   2.68832291562385e+02   1.26049686087361e+21
  10.00000   2.61464942969117e+03   2.65564447820924e+31
  10.00000   2.87459921028347e+03   0.00000000000000e+00
STATE 72 +0 32 Hf
   0.00000   1.21099640882966e+00   2.60159517535764e-01
   0.00000   1.33139428978402e+00   1.17920612180866e-01
   0.00000   3.43514471095687e+00   1.92571643339734e+01
   0.00000   3.77666855112289e+00   8.22013355301846e+00
   0.00000   5.51777784038793e+00   4.36914898796734e+01
   0.00000   2.28676602637488e+01   4.60296354083360e+03
   0.00000   5.36656314599949e+01   1.93067056308045e+04
   0.00000   2.02297227093157e+02   4.50024502548585e+05
   0.00000   7.62576848091079e+02   0.00000000000000e+00
   0.00000   8.38392627481993e+02   3.16352197172950e+05
   0.00000   2.87459921028347e+03   1.38599309324207e+05
   0.00000   3.16039333071829e+03   2.22182805222336e+05
   0.00000   1.08360496918409e+04   6.55081459944131e+05
   0.00000   1.19133752819924e+04   0.00000000000000e+00
   8.00000   6.30893345324162e+02   9.83528155364711e+20
   9.00000   2.07997395438949e+01   5.58710882788052e+07
   9.00000   6.48670149921347e+01   0.00000000000000e+00
   9.00000   6.93617083670044e+02   0.00000000000000e+00
  10.00000   3.43514471095687e+00   4.52297195707045e-04
  10.00000   3.77666855112289e+00   1.17471249133790e-03
  10.00000   9.74422310353419e+00   7.86984672090682e+02
  10.00000   1.07129987371018e+01   7.23909511104018e+03
  10.00000   2.76407231371050e+01   8.13164232185665e+09
  10.00000   3.03887779368460e+01   8.75242768046497e+09
  10.00000   6.48670149921347e+01   4.28249832935734e+14
  10.00000   7.84064124378463e+01   1.68998233911261e+15
  10.00000   1.84003504751213e+02   6.79544363625605e+19
  10.00000   2.44521808571305e+02   4.78986361472907e+20
  10.00000   2.68832291562385e+02   1.93108591407898e+21
  10.00000   6.93617083670044e+02   2.24856168447287e+25
  10.00000   2.61464942969117e+03   0.00000000000000e+00
  10.00000   2.87459921028347e+03   1.12346182100824e+32
STATE 73 -1 31 Hf
   0.00000   1.10148609878464e+00   1.46675864091947e-01
   0.00000   1.21099640882966e+00   2.27187660686207e-01
   0.00000   3.43514471095687e+00   2.48492332419974e+01
   0.00000   3.77666855112289e+00   0.00000000000000e+00
   0.00000   5.51777784038793e+00   4.70743803559376e+01
   0.00000   2.28676602637488e+01   4.60190418016445e+03
   0.00000   5.36656314599949e+01   1.93051890119892e+04
   0.00000   2.02297227093157e+02   4.50028058643195e+05
   0.00000   7.62576848091079e+02   0.00000000000000e+00
   0.00000   8.38392627481993e+02   3.16540054199988e+05
   0.00000   2.87459921028347e+03   9.75182634538054e+04
   0.00000   3.16039333071829e+03   2.74972163359888e+05
   0.00000   1.19133752819924e+04   7.32038961300018e+05
   8.00000   6.30893345324162e+02   9.79851573639580e+20
   9.00000   2.07997395438949e+01   5.59732529249719e+07
   9.00000   6.48670149921347e+01   0.00000000000000e+00
  10.00000   1.46376218950359e+00   6.25564218704826e-11
  10.00000   3.43514471095687e+00   4.78553341716270e-04
  10.00000   3.77666855112289e+00   3.98674997159207e-04
  10.00000   9.74422310353419e+00   9.91113630147772e+02
  10.00000   1.07129987371018e+01   6.25043057215328e+03
  10.00000   2.76407231371050e+01   8.17534489247669e+09
  10.00000   3.03887779368460e+01   8.67621493961889e+09
  10.00000   6.48670149921347e+01   4.27917947685506e+14
  10.00000   7.84064124378463e+01   1.69048504745882e+15
  10.00000   1.84003504751213e+02   6.79643824053550e+19
  10.00000   2.44521808571305e+02   4.78077912822968e+20
  10.00000   2.68832291562385e+02   1.93314726891304e+21
  10.00000   6.93617083670044e+02   2.25474612248229e+25
  10.00000   2.61464942969117e+03   0.00000000000000e+00
  10.00000   2.87459921028347e+03   1.11432359470538e+32
STATE 74 -2 32 Hf
   0.00000   1.00187879746756e+00   5.75944443369404e-02
   0.00000   1.10148609878464e+00   2.83646461328007e-01
   0.00000   3.12450484480733e+00   7.12007543704586e+00
   0.00000   3.43514471095687e+00   1.49713592039527e+01
   0.00000   5.51777784038793e+00   5.05129667086683e+01
   0.00000   2.28676602637488e+01   4.60230090777274e+03
   0.00000   5.36656314599949e+01   1.93030777210560e+04
   0.00000   2.02297227093157e+02   4.50022100123087e+05
   0.00000   7.62576848091079e+02   0.00000000000000e+00
   0.00000   8.38392627481993e+02   3.17344225364764e+05
   0.00000   3.16039333071829e+03   3.90862637875011e+05
   0.00000   1.08360496918409e+04   0.00000000000000e+00
   0.00000   1.19133752819924e+04   6.41370757564183e+05
   8.00000   1.67364082282446e+02   0.00000000000000e+00
   8.00000   6.30893345324162e+02   9.85415328590402e+20
   9.00000   2.07997395438949e+01   5.75597643088100e+07
   9.00000   6.48670149921347e+01   0.00000000000000e+00
  10.00000   1.33139428978402e+00   0.00000000000000e+00
  10.00000   1.46376218950359e+00   4.05294340913070e-10
  10.00000   3.43514471095687e+00   4.56034321389531e-04
  10.00000   9.74422310353419e+00   8.52297117851590e+02
  10.00000   1.07129987371018e+01   6.34453040305131e+03
  10.00000   2.76407231371050e+01   8.09728135045903e+09
  10.00000   3.03887779368460e+01   8.91974094682348e+09
  10.00000   6.48670149921347e+01   4.27979491473333e+14
  10.00000   7.84064124378463e+01   1.68923428917928e+15
  10.00000   1.84003504751213e+02   6.79355929834305e+19
  10.00000   2.44521808571305e+02   4.78987019693960e+20
  10.00000   2.68832291562385e+02   1.92982483499975e+21
  10.00000   6.93617083670044e+02   2.24966248896241e+25
  10.00000   2.61464942969117e+03   7.66330199978315e+29
  10.00000   2.87459921028347e+03   1.06145313912070e+32
# orbitals: 1s2
CORE 2 7 Hf
   0.00000   1.38463272288683e+02   8.18712415641782e+04
   0.00000   1.52229361479380e+02   8.51138467232752e+04
   0.00000   1.84003504751213e+02   1.25375521699610e+05
   0.00000   3.24944434878150e+02   1.39129021679761e+05
   0.00000   3.57250576417455e+02   0.00000000000000e+00
   0.00000   7.62576848091079e+02   0.00000000000000e+00
   0.00000   8.38392627481993e+02   2.53114785492854e+05
# orbitals: 1s2 2s2
CORE 4 17 Hf
   0.00000   4.43985282866678e+01   6.41750403187371e+02
   0.00000   4.88126526261222e+01   2.34097121990289e+03
   0.00000   1.67364082282446e+02   5.98987122753211e+04
   0.00000   1.84003504751213e+02   3.57448251396460e+05
   0.00000   6.30893345324162e+02   9.42596896104282e+03
   0.00000   6.93617083670044e+02   2.89700881778442e+05
   0.00000   2.61464942969117e+03   3.61688284842489e+05
   0.00000   8.96485601064018e+03   0.00000000000000e+00
   0.00000   9.85614657011022e+03   5.72018107010270e+05
   4.00000   7.84064124378463e+01   1.21793691007097e+09
   5.00000   8.62016179743129e+01   0.00000000000000e+00
   5.00000   9.47718268232180e+01   6.77880620599983e+10
   9.00000   5.73841709705719e+02   8.10062197415976e+21
  10.00000   1.84003504751213e+02   6.34019978889982e+18
  10.00000   2.02297227093157e+02   1.37862267884756e+19
  10.00000   5.73841709705719e+02   3.54350270901726e+24
  10.00000   2.37820688732124e+03   1.80496426663059e+31
# orbitals: 1s2 2s2 2p6
CORE 10 15 Hf
   0.00000   4.88126526261222e+01   2.00207878630948e+04
   0.00000   2.02297227093157e+02   4.46436292312473e+05
   0.00000   9.21746050349810e+02   3.36474820915880e+05
   0.00000   3.82004787771047e+03   2.24111366074404e+05
   0.00000   4.19983898713664e+03   2.69227076885379e+05
   3.00000   7.13161267252035e+01   1.24840816014928e+08
   4.00000   8.62016179743129e+01   9.36439504838688e+09
   6.00000   5.21949249010997e+02   1.79413102995410e+17
   8.00000   1.52229361479380e+02   1.67589607821244e+15
   8.00000   5.73841709705719e+02   0.00000000000000e+00
   9.00000   6.30893345324162e+02   0.00000000000000e+00
  10.00000   2.02297227093157e+02   4.08793546102002e+19
  10.00000   2.22409720645881e+02   4.35787207964381e+19
  10.00000   6.30893345324162e+02   1.40530253933692e+25
  10.00000   3.16039333071829e+03   4.83991865763585e+32
# orbitals: 1s2 2s2 2p6 3s2
CORE 12 18 Hf
   0.00000   4.03835728642032e+01   8.95411204678753e+03
   0.00000   4.43985282866678e+01   9.92512306955282e+03
   0.00000   2.02297227093157e+02   4.59096427972540e+05
   0.00000   9.21746050349810e+02   3.46719871838554e+05
   0.00000   3.82004787771047e+03   1.71368555019079e+05
   0.00000   4.19983898713664e+03   3.40507641139998e+05
   7.00000   1.38463272288683e+02   1.35244179712624e+14
   7.00000   5.73841709705719e+02   1.48985137671228e+19
   8.00000   1.38463272288683e+02   1.32359581822294e+16
   9.00000   4.43985282866678e+01   4.44794318629197e+10
  10.00000   4.43985282866678e+01   0.00000000000000e+00
  10.00000   5.90010959260747e+01   9.30355314682832e+12
  10.00000   6.48670149921347e+01   5.19864014482244e+13
  10.00000   2.22409720645881e+02   2.04094034458693e+20
  10.00000   2.44521808571305e+02   3.82515929345729e+20
  10.00000   6.93617083670044e+02   3.19638901419569e+25
  10.00000   3.16039333071829e+03   4.88319996395827e+32
  10.00000   3.47460124845149e+03   0.00000000000000e+00
# orbitals: 1s2 2s2 2p6 3s2 3p6
CORE 18 18 Hf
   0.00000   1.89188207321628e+01   2.29930862067104e+02
   0.00000   2.07997395438949e+01   3.31853282601176e+02
   0.00000   4.88126526261222e+01   2.50860538472189e+04
   0.00000   2.02297227093157e+02   3.10520655335635e+05
   0.00000   2.22409720645881e+02   1.54331178283512e+05
   0.00000   1.01338651305557e+03   3.66507372477034e+05
   0.00000   1.11413791732896e+03   0.00000000000000e+00
   0.00000   5.58115578413274e+03   7.91925661376556e+05
   6.00000   5.73841709705719e+02   0.00000000000000e+00
   7.00000   4.03835728642032e+01   0.00000000000000e+00
   8.00000   4.43985282866678e+01   8.91125263818527e+10
   8.00000   1.52229361479380e+02   2.71799937328294e+16
   9.00000   6.93617083670044e+02   8.73639629599588e+23
  10.00000   6.48670149921347e+01   1.61271773729227e+14
  10.00000   7.13161267252035e+01   2.13271690368974e+14
  10.00000   1.67364082282446e+02   1.09242126598025e+19
  10.00000   2.44521808571305e+02   1.14164977608374e+21
  10.00000   3.82004787771047e+03   5.42592293514713e+33
# orbitals: 1s2 2s2 2p6 3s2 3p6 3d10
CORE 28 18 Hf
   0.00000   1.89188207321628e+01   3.95585032366677e+02
   0.00000   2.07997395438949e+01   2.89184493692262e+03
   0.00000   4.88126526261222e+01   1.84287871481807e+04
   0.00000   2.02297227093157e+02   4.34875371013856e+05
   0.00000   2.22409720645881e+02   2.29946946681755e+04
   0.00000   1.01338651305557e+03   3.89725708066168e+05
   0.00000   4.61738912247470e+03   4.91037091271450e+05
   7.00000   4.43985282866678e+01   1.47926281379699e+10
   7.00000   1.52229361479380e+02   1.44572313904157e+15
   8.00000   4.43985282866678e+01   1.08641858686627e+11
   9.00000   1.67364082282446e+02   7.67197784573144e+17
   9.00000   6.93617083670044e+02   0.00000000000000e+00
  10.00000   6.48670149921347e+01   1.00034953113677e+14
  10.00000   7.13161267252035e+01   6.94824017076379e+14
  10.00000   2.68832291562385e+02   1.23216434895769e+21
  10.00000   6.93617083670044e+02   5.08475069554911e+25
  10.00000   3.47460124845149e+03   2.95545516954339e+33
  10.00000   3.82004787771047e+03   0.00000000000000e+00
# orbitals: 1s2 2s2 2p6 3s2 3p6 3d10 4s2
CORE 30 24 Hf
   0.00000   1.56518757829856e+01   7.64176007733922e+02
   0.00000   1.72079932607026e+01   1.56438288033069e+03
   0.00000   5.36656314599949e+01   2.31810327864562e+04
   0.00000   2.02297227093157e+02   4.10764769842233e+05
   0.00000   2.22409720645881e+02   4.05693732646985e+04
   0.00000   8.38392627481993e+02   3.07815743440847e+05
   0.00000   2.87459921028347e+03   2.53284406921520e+05
   0.00000   3.16039333071829e+03   1.01353031476230e+05
   0.00000   1.08360496918409e+04   6.81206612993098e+05
   0.00000   1.19133752819924e+04   0.00000000000000e+00
   9.00000   5.36656314599949e+01   3.71747472618814e+12
   9.00000   1.67364082282446e+02   1.30600876037335e+18
   9.00000   6.93617083670044e+02   4.71488046986732e+23
  10.00000   1.56518757829856e+01   0.00000000000000e+00
  10.00000   1.72079932607026e+01   7.77461230335486e+04
  10.00000   2.51411747168595e+01   1.99951277370879e+08
  10.00000   2.76407231371050e+01   6.63422100875727e+08
  10.00000   5.90010959260747e+01   1.75675521985777e+13
  10.00000   7.13161267252035e+01   7.96261748119178e+14
  10.00000   1.67364082282446e+02   6.14174051441702e+18
  10.00000   2.44521808571305e+02   9.50336062451964e+20
  10.00000   2.68832291562385e+02   8.27440839625066e+20
  10.00000   6.93617083670044e+02   2.57572999673176e+24
  10.00000   2.87459921028347e+03   9.21470699964960e+31
# orbitals: 1s2 2s2 2p6 3s2 3p6 3d10 4s2 4p6
CORE 36 26 Hf
   0.00000   8.86305377434748e+00   3.53869377049105e+01
   0.00000   1.72079932607026e+01   9.49819513601916e+02
   0.00000   1.89188207321628e+01   1.57693570675860e+03
   0.00000   5.36656314599949e+01   2.31844339331511e+04
   0.00000   2.02297227093157e+02   4.44889821780556e+05
   0.00000   2.22409720645881e+02   0.00000000000000e+00
   0.00000   7.62576848091079e+02   1.03891558844557e+05
   0.00000   8.38392627481993e+02   2.00156560345716e+05
   0.00000   2.61464942969117e+03   2.90709315576078e+05
   0.00000   8.96485601064018e+03   7.11379753780186e+05
   0.00000   9.85614657011022e+03   0.00000000000000e+00
   7.00000   1.52229361479380e+02   0.00000000000000e+00
   8.00000   1.89188207321628e+01   0.00000000000000e+00
   9.00000   1.89188207321628e+01   1.49115408048894e+06
   9.00000   5.90010959260747e+01   2.44385324502638e+13
   9.00000   1.67364082282446e+02   1.80730725936910e+18
   9.00000   6.93617083670044e+02   2.17300535791960e+23
  10.00000   2.07997395438949e+01   2.88711128631122e+07
  10.00000   2.76407231371050e+01   5.27673611486135e+09
  10.00000   7.13161267252035e+01   2.39178249129151e+14
  10.00000   7.84064124378463e+01   7.77808885991089e+14
  10.00000   2.44521808571305e+02   5.18221615807065e+20
  10.00000   2.68832291562385e+02   1.95639450151842e+21
  10.00000   6.93617083670044e+02   1.04400652509972e+25
  10.00000   2.61464942969117e+03   1.64873555527567e+31
  10.00000   2.87459921028347e+03   6.18499326466245e+31
# orbitals: 1s2 2s2 2p6 3s2 3p6 3d10 4s2 4p6 4d10
CORE 46 27 Hf
   0.00000   6.66947855001995e+00   0.00000000000000e+00
   0.00000   7.33256151099171e+00   6.64713948244263e+01
   0.00000   2.07997395438949e+01   0.00000000000000e+00
   0.00000   2.28676602637488e+01   4.47455294084439e+03
   0.00000   5.36656314599949e+01   1.97004819825416e+04
   0.00000   2.02297227093157e+02   4.48122693751720e+05
   0.00000   7.62576848091079e+02   3.80527877714772e+04
   0.00000   8.38392627481993e+02   2.77651036832077e+05
   0.00000   2.87459921028347e+03   0.00000000000000e+00
   0.00000   3.16039333071829e+03   3.92285597964502e+05
   0.00000   1.08360496918409e+04   0.00000000000000e+00
   0.00000   1.19133752819924e+04   6.60355761918937e+05
   5.00000   1.17780905385384e+01   3.20666531189474e+03
   8.00000   6.30893345324162e+02   1.89232549867765e+21
   9.00000   1.89188207321628e+01   1.60934410421297e+07
   9.00000   5.90010959260747e+01   1.40169870435569e+13
   9.00000   1.67364082282446e+02   1.28009839256718e+18
  10.00000   2.07997395438949e+01   2.05295434948460e+07
  10.00000   2.76407231371050e+01   9.39648458601239e+09
  10.00000   6.48670149921347e+01   2.14737897715874e+14
  10.00000   7.84064124378463e+01   1.76208941293781e+15
  10.00000   1.84003504751213e+02   1.14563329352176e+19
  10.00000   2.44521808571305e+02   6.50950637313891e+20
  10.00000   2.68832291562385e+02   1.26320603916403e+21
  10.00000   6.93617083670044e+02   1.08242521024454e+25
  10.00000   2.61464942969117e+03   2.98315514333850e+31
  10.00000   2.87459921028347e+03   2.20377932153255e+31
# orbitals: 1s2 2s2 2p6 3s2 3p6 3d10 4s2 4p6 4d10 5s2
CORE 48 28 Hf
   0.00000   3.43514471095687e+00   0.00000000000000e+00
   0.00000   3.77666855112289e+00   2.59641589573317e+00
   0.00000   5.01880562407522e+00   3.03327916364431e+01
   0.00000   2.28676602637488e+01   4.63777497106930e+03
   0.00000   5.36656314599949e+01   1.93596522286240e+04
   0.00000   2.02297227093157e+02   4.49247356921972e+05
   0.00000   7.62576848091079e+02   0.00000000000000e+00
   0.00000   8.38392627481993e+02   3.21722156932461e+05
   0.00000   3.16039333071829e+03   1.71316431601668e+05
   0.00000   3.47460124845149e+03   2.48813699766326e+05
   0.00000   1.19133752819924e+04   0.00000000000000e+00
   0.00000   1.30978091320911e+04   6.58916843765356e+05
   8.00000   6.30893345324162e+02   1.67850301081371e+21
   9.00000   5.90010959260747e+01   1.14979305642998e+13
   9.00000   1.67364082282446e+02   9.25457286761719e+17
   9.00000   6.30893345324162e+02   8.44815427772259e+22
  10.00000   9.74422310353419e+00   0.00000000000000e+00
  10.00000   1.07129987371018e+01   2.33999904062121e+03
  10.00000   2.07997395438949e+01   7.42346828150440e+07
  10.00000   2.76407231371050e+01   8.75352432511952e+09
  10.00000   3.03887779368460e+01   2.50974980846006e+09
  10.00000   6.48670149921347e+01   2.61368959309270e+14
  10.00000   7.84064124378463e+01   1.76677492691757e+15
  10.00000   1.84003504751213e+02   2.68885488861268e+19
  10.00000   2.44521808571305e+02   6.09021909851842e+20
  10.00000   2.68832291562385e+02   1.43853737568727e+21
  10.00000   2.61464942969117e+03   3.13065393763731e+31
  10.00000   2.87459921028347e+03   3.10126125428944e+31
# orbitals: 1s2 2s2 2p6 3s2 3p6 3d10 4s2 4p6 4d10 5s2 5p6
CORE 54 30 Hf
   0.00000   3.12450484480733e+00   8.02966046597208e-01
   0.00000   3.43514471095687e+00   1.34112266175568e+01
   0.00000   2.07997395438949e+01   0.00000000000000e+00
   0.00000   2.28676602637488e+01   4.63111845084480e+03
   0.00000   5.36656314599949e+01   1.95923013605594e+04
   0.00000   2.02297227093157e+02   4.48356355388235e+05
   0.00000   7.62576848091079e+02   5.74562308217292e+04
   0.00000   8.38392627481993e+02   2.56471528387938e+05
   0.00000   2.87459921028347e+03   6.09432271817580e+03
   0.00000   3.16039333071829e+03   3.92978892699269e+05
   0.00000   1.08360496918409e+04   0.00000000000000e+00
   0.00000   1.19133752819924e+04   6.36964451320132e+05
   8.00000   6.30893345324162e+02   1.95980312141027e+21
   9.00000   2.07997395438949e+01   4.08887405498726e+07
   9.00000   5.90010959260747e+01   1.62898887014675e+13
   9.00000   1.67364082282446e+02   1.16865349784625e+18
   9.00000   6.30893345324162e+02   6.11665457136740e+22
  10.00000   7.33256151099171e+00   2.17131022433539e+01
  10.00000   9.74422310353419e+00   1.00059308192513e+03
  10.00000   1.07129987371018e+01   1.00543534734770e+04
  10.00000   2.76407231371050e+01   7.73169933951622e+09
  10.00000   3.03887779368460e+01   7.44747353556083e+09
  10.00000   6.48670149921347e+01   1.95094540239831e+14
  10.00000   7.84064124378463e+01   1.89827879475056e+15
  10.00000   1.84003504751213e+02   1.63553506090295e+19
  10.00000   2.44521808571305e+02   6.45233967961734e+20
  10.00000   2.68832291562385e+02   1.33559426397943e+21
  10.00000   6.93617083670044e+02   0.00000000000000e+00
  10.00000   2.61464942969117e+03   3.37378327036578e+31
  10.00000   2.87459921028347e+03   3.66381304857323e+30
# orbitals: 1s2 2s2 2p6 3s2 3p6 3d10 4s2 4p6 4d10 4f14
CORE 60 27 Hf
   0.00000   2.84195611733198e+00   4.61035478933620e-01
   0.00000   3.12450484480733e+00   1.06897499895368e+00
   0.00000   5.01880562407522e+00   2.55795868174849e+01
   0.00000   5.51777784038793e+00   7.55279827036488e+01
   0.00000   2.28676602637488e+01   4.50041115639260e+03
   0.00000   5.36656314599949e+01   1.92908667492746e+04
   0.00000   2.02297227093157e+02   4.49888896855161e+05
   0.00000   7.62576848091079e+02   0.00000000000000e+00
   0.00000   8.38392627481993e+02   3.16402132140463e+05
   0.00000   3.16039333071829e+03   3.90625154729132e+05
   0.00000   3.47460124845149e+03   0.00000000000000e+00
   0.00000   1.19133752819924e+04   6.44413179003827e+05
   8.00000   6.30893345324162e+02   8.48256432601563e+20
   9.00000   1.89188207321628e+01   2.24800618393714e+07
  10.00000   8.06156851832384e+00   0.00000000000000e+00
  10.00000   8.86305377434748e+00   3.65799968414806e+01
  10.00000   2.07997395438949e+01   7.99732679648474e+06
  10.00000   2.76407231371050e+01   1.02447342948528e+10
  10.00000   6.48670149921347e+01   4.14641289934383e+14
  10.00000   7.13161267252035e+01   0.00000000000000e+00
  10.00000   7.84064124378463e+01   1.55874213773053e+15
  10.00000   1.84003504751213e+02   6.86396820670110e+19
  10.00000   2.44521808571305e+02   4.27028504730675e+20
  10.00000   2.68832291562385e+02   2.03440302912820e+21
  10.00000   6.93617083670044e+02   2.53404271961377e+25
  10.00000   2.61464942969117e+03   0.00000000000000e+00
  10.00000   2.87459921028347e+03   9.94551818071770e+31
# orbitals: 1s2 2s2 2p6 3s2 3p6 3d10 4s2 4p6 4d10 4f14 5s2
CORE 62 28 Hf
   0.00000   2.84195611733198e+00   8.08614371834145e-01
   0.00000   3.12450484480733e+00   0.00000000000000e+00
   0.00000   4.56495542605575e+00   5.41618566148614e+01
   0.00000   5.01880562407522e+00   2.72971790838530e+01
   0.00000   2.28676602637488e+01   4.56705650291315e+03
   0.00000   5.36656314599949e+01   1.92158193226742e+04
   0.00000   2.02297227093157e+02   4.50325156348861e+05
   0.00000   7.62576848091079e+02   0.00000000000000e+00
   0.00000   8.38392627481993e+02   3.16829249476135e+05
   0.00000   3.16039333071829e+03   3.91402713791610e+05
   0.00000   3.47460124845149e+03   0.00000000000000e+00
   0.00000   1.08360496918409e+04   0.00000000000000e+00
   0.00000   1.19133752819924e+04   6.41035698049750e+05
   8.00000   6.30893345324162e+02   9.30789709682407e+20
   9.00000   1.89188207321628e+01   0.00000000000000e+00
   9.00000   6.48670149921347e+01   0.00000000000000e+00
  10.00000   9.74422310353419e+00   2.62523001359257e+02
  10.00000   2.07997395438949e+01   9.25791562711215e+07
  10.00000   2.76407231371050e+01   9.66046681055106e+09
  10.00000   3.03887779368460e+01   3.13358317481784e+09
  10.00000   6.48670149921347e+01   4.21405897740775e+14
  10.00000   7.84064124378463e+01   1.60066469031039e+15
  10.00000   1.84003504751213e+02   6.84214364262570e+19
  10.00000   2.44521808571305e+02   4.53134996360264e+20
  10.00000   2.68832291562385e+02   1.97932088221446e+21
  10.00000   6.93617083670044e+02   2.40226587007096e+25
  10.00000   2.61464942969117e+03   0.00000000000000e+00
  10.00000   2.87459921028347e+03   1.02666291504066e+32
# orbitals: 1s2 2s2 2p6 3s2 3p6 3d10 4s2 4p6 4d10 4f14 5s2 5p6
CORE 68 28 Hf
   0.00000   3.43514471095687e+00   2.21269175693641e+01
   0.00000   3.77666855112289e+00   1.10469080048290e+01
   0.00000   6.06635812907898e+00   4.16712949408971e+01
   0.00000   2.28676602637488e+01   4.58931582974885e+03
   0.00000   5.36656314599949e+01   1.93265076089855e+04
   0.00000   2.02297227093157e+02   4.49964786386166e+05
   0.00000   7.62576848091079e+02   0.00000000000000e+00
   0.00000   8.38392627481993e+02   3.17343006190545e+05
   0.00000   3.16039333071829e+03   3.90782032282796e+05
   0.00000   1.08360496918409e+04   0.00000000000000e+00
   0.00000   1.19133752819924e+04   6.41547867108449e+05
   8.00000   1.67364082282446e+02   0.00000000000000e+00
   8.00000   6.30893345324162e+02   9.79614682839315e+20
   9.00000   6.66947855001995e+00   5.41312237320947e+00
   9.00000   2.07997395438949e+01   5.71281737131054e+07
   9.00000   6.48670149921347e+01   0.00000000000000e+00
  10.00000   9.74422310353419e+00   1.12868965122826e+03
  10.00000   1.07129987371018e+01   5.65483803308127e+03
  10.00000   2.76407231371050e+01   8.11002149726184e+09
  10.00000   3.03887779368460e+01   8.50498021573019e+09
  10.00000   6.48670149921347e+01   4.28024591827411e+14
  10.00000   7.84064124378463e+01   1.68058109022452e+15
  10.00000   1.84003504751213e+02   6.79914249724548e+19
  10.00000   2.44521808571305e+02   4.77655570875009e+20
  10.00000   2.68832291562385e+02   1.93476164963718e+21
  10.00000   6.93617083670044e+02   2.25240635329221e+25
  10.00000   2.61464942969117e+03   7.68660723828556e+29
  10.00000   2.87459921028347e+03   1.06243405179960e+32
# orbitals: 1s2 2s2 2p6 3s2 3p6 3d10 4s2 4p6 4d10 5s2 5p6 4f14 6s2
CORE 70 33 Hf
   0.00000   1.21099640882966e+00   1.10804049247191e-01
   0.00000   1.33139428978402e+00   8.33766833597694e-02
   0.00000   3.43514471095687e+00   1.34001015254814e+01
   0.00000   3.77666855112289e+00   1.86592370493414e+01
   0.00000   5.51777784038793e+00   3.83133495815560e+01
   0.00000   2.28676602637488e+01   4.62267282033075e+03
   0.00000   5.36656314599949e+01   1.83693595556317e+04
   0.00000   1.84003504751213e+02   8.53504827738099e+04
   0.00000   2.02297227093157e+02   3.53137743019700e+05
   0.00000   7.62576848091079e+02   2.96488170807738e+05
   0.00000   8.38392627481993e+02   3.13515114015020e+03
   0.00000   2.87459921028347e+03   4.11753175640748e+05
   0.00000   3.16039333071829e+03   0.00000000000000e+00
   0.00000   1.19133752819924e+04   0.00000000000000e+00
   0.00000   1.30978091320911e+04   7.05139713073711e+05
   8.00000   2.58495824906896e+00   1.86697114062290e-04
   8.00000   6.30893345324162e+02   0.00000000000000e+00
   9.00000   2.07997395438949e+01   5.48035845173441e+07
   9.00000   1.67364082282446e+02   3.76083306394104e+16
   9.00000   6.30893345324162e+02   7.89402751790001e+22
  10.00000   3.43514471095687e+00   0.00000000000000e+00
  10.00000   3.77666855112289e+00   2.67365314905340e-03
  10.00000   9.74422310353419e+00   6.57822993945851e+02
  10.00000   1.07129987371018e+01   7.53094838337302e+03
  10.00000   2.76407231371050e+01   8.13145896177820e+09
  10.00000   3.03887779368460e+01   8.52528710432718e+09
  10.00000   6.48670149921347e+01   4.28066930957410e+14
  10.00000   7.84064124378463e+01   1.68222481263607e+15
  10.00000   1.84003504751213e+02   6.84878116688026e+19
  10.00000   2.44521808571305e+02   4.07608722553169e+20
  10.00000   2.68832291562385e+02   2.39615276371259e+21
  10.00000   2.61464942969117e+03   3.92071153416742e+31
  10.00000   2.87459921028347e+03   0.00000000000000e+00
