# Free-atom, free-ion and frozen-core density fits -- At (Z = 85)
#
#   rho(r) = sum_i c_i r^n_i exp(-alpha_i r)      r in bohr, rho in e/bohr^3
#
# All-electron B86BPBE densities (scalar-relativistic, spin-restricted),
# fitted with rhofit.py (monotone decay imposed).  Two kinds of block:
#
#   STATE <N> <q> <nterm> <symbol>
#     the atom or ion with N electrons (charge q), in order of increasing N;
#   CORE <N_core> <nterm> <symbol>
#     the frozen core of the neutral atom with N_core electrons, for a
#     pseudopotential with Z - N_core valence electrons, in order of
#     increasing N_core, each preceded by a '# orbitals:' comment.
#
# Each block header is followed by nterm lines:   n   alpha   c
#
# Generated 2026-09-23 by combine_fits.py from
#   /home/alberto/doc/manuals/critic2/atomic_density_fits/15_rhofit/rho_b86bpbe_mono/fit_085_At.dat
#     recipe: --npow 0,1,2,3,4,5,6,7,8,9,10 --amin 0.2 --ratio 1.1 --mom 3 --cusp none --targetz 1e-3 --besteffort --monotone --stats
#   /home/alberto/doc/manuals/critic2/atomic_density_fits/15_rhofit/core_b86bpbe_mono/core_085_At.dat
#     recipe: --npow 0,1,2,3,4,5,6,7,8,9,10 --amin 0.2 --ratio 1.1 --mom 3 --cusp none --besteffort --monotone --stats --target 1e-3*N_core
#
STATE 80 +5 31 At
   0.00000   3.41495297034829e+00   3.58255611475396e+01
   0.00000   3.75373161510675e+00   2.29651690557693e+00
   0.00000   9.66602977547672e+00   0.00000000000000e+00
   0.00000   1.06249432644660e+01   1.67957314523461e+02
   0.00000   2.73597125441155e+01   7.92782294607857e+03
   0.00000   7.04525051912597e+01   4.26905949503192e+04
   0.00000   2.40944392953895e+02   1.53406229439724e+05
   0.00000   2.64847156949718e+02   7.58972425286249e+05
   0.00000   9.05765341964468e+02   8.89144610375662e+05
   0.00000   9.95621324662997e+02   0.00000000000000e+00
   0.00000   2.81810773174735e+03   1.22865017221359e+06
   0.00000   3.09767665302809e+03   0.00000000000000e+00
   0.00000   7.25675568704620e+03   0.00000000000000e+00
   0.00000   7.97665838507664e+03   1.35807394253671e+06
   0.00000   1.70000000000000e+04   2.79972871258430e+06
   9.00000   7.27801012571044e+00   2.65200584396763e+01
   9.00000   3.00739186890192e+01   9.81865214390867e+09
   9.00000   7.74417095626743e+01   8.51848253306481e+14
   9.00000   2.19198881213373e+02   1.62971923115793e+19
   9.00000   8.24018966228656e+02   1.27838967333614e+24
  10.00000   7.27801012571044e+00   0.00000000000000e+00
  10.00000   1.41111397460517e+01   5.26091857479823e+05
  10.00000   1.55110280726769e+01   7.48481972288320e+05
  10.00000   3.63368271728104e+01   2.71877503330998e+11
  10.00000   3.99416033355614e+01   3.61937756230508e+11
  10.00000   8.51242743421084e+01   0.00000000000000e+00
  10.00000   1.02851446695887e+02   1.66890066199481e+16
  10.00000   2.19198881213373e+02   4.57638534370628e+20
  10.00000   3.20001708749913e+02   3.44576187920002e+22
  10.00000   8.24018966228656e+02   9.69055611387716e+25
  10.00000   3.09767665302809e+03   3.66431660006934e+32
STATE 81 +4 31 At
   0.00000   2.82636173677615e+00   9.60299522483330e+00
   0.00000   3.10674949236054e+00   1.09719056092839e+01
   0.00000   7.27801012571044e+00   3.75943326125404e+01
   0.00000   8.00002135934540e+00   1.62454108745373e+02
   0.00000   2.73597125441155e+01   8.01616945348597e+03
   0.00000   7.04525051912597e+01   4.35938453558809e+04
   0.00000   2.64847156949718e+02   9.38898509631635e+05
   0.00000   9.05765341964468e+02   0.00000000000000e+00
   0.00000   9.95621324662997e+02   9.86151548706655e+05
   0.00000   3.09767665302809e+03   1.10291019323050e+06
   0.00000   7.97665838507664e+03   1.68832369186473e+06
   0.00000   8.76797865825800e+03   0.00000000000000e+00
   0.00000   1.70000000000000e+04   1.83708924870497e+06
   9.00000   3.00739186890192e+01   6.04220927562116e+09
   9.00000   7.74417095626743e+01   4.70279321613980e+14
   9.00000   2.19198881213373e+02   2.01966246467056e+19
   9.00000   8.24018966228656e+02   2.90794763417038e+24
  10.00000   5.47995739929647e+00   1.29048162819595e-01
  10.00000   6.02359374134496e+00   4.04628694649064e-01
  10.00000   1.41111397460517e+01   6.15926962862392e+05
  10.00000   1.55110280726769e+01   9.59575622891641e+05
  10.00000   3.30573862519717e+01   0.00000000000000e+00
  10.00000   3.63368271728104e+01   4.15587869272756e+11
  10.00000   8.51242743421084e+01   7.19427442740271e+15
  10.00000   1.02851446695887e+02   1.51564163240962e+16
  10.00000   2.19198881213373e+02   3.66908339775530e+20
  10.00000   3.20001708749913e+02   3.06953767548298e+22
  10.00000   3.51747312906691e+02   0.00000000000000e+00
  10.00000   8.24018966228656e+02   1.43812072019827e+26
  10.00000   3.09767665302809e+03   2.92286825307879e+32
  10.00000   3.40498006467822e+03   7.95924189584502e+32
STATE 82 +3 29 At
   0.00000   2.33921835424210e+00   1.12934101353433e+00
   0.00000   2.57127930229182e+00   9.00314052200544e+00
   0.00000   4.53544808582100e+00   2.29349033969285e+01
   0.00000   8.00002135934540e+00   1.85148800264615e+02
   0.00000   2.73597125441155e+01   8.02051497202998e+03
   0.00000   7.04525051912597e+01   4.36140634630043e+04
   0.00000   2.64847156949718e+02   9.38472888701263e+05
   0.00000   9.05765341964468e+02   0.00000000000000e+00
   0.00000   9.95621324662997e+02   9.99233532162382e+05
   0.00000   3.09767665302809e+03   0.00000000000000e+00
   0.00000   3.40498006467822e+03   1.34815056242146e+06
   0.00000   8.76797865825800e+03   1.21048663377166e+06
   0.00000   1.70000000000000e+04   2.44955804819024e+06
   9.00000   3.00739186890192e+01   5.95740309582765e+09
   9.00000   7.74417095626743e+01   4.74830322288619e+14
   9.00000   2.19198881213373e+02   2.02384307993529e+19
   9.00000   8.24018966228656e+02   3.09998905872017e+24
  10.00000   4.98538486949802e+00   3.42040335492374e-03
  10.00000   5.47995739929647e+00   3.86252456477747e-01
  10.00000   1.41111397460517e+01   6.45513862600994e+05
  10.00000   1.55110280726769e+01   1.00360443570229e+06
  10.00000   3.30573862519717e+01   0.00000000000000e+00
  10.00000   3.63368271728104e+01   4.17482887833921e+11
  10.00000   8.51242743421084e+01   7.11847503626688e+15
  10.00000   1.02851446695887e+02   1.51830016922734e+16
  10.00000   2.19198881213373e+02   3.66159715143616e+20
  10.00000   3.20001708749913e+02   3.06495947167168e+22
  10.00000   8.24018966228656e+02   1.31883623070670e+26
  10.00000   3.09767665302809e+03   4.96644748138191e+32
STATE 83 +2 33 At
   0.00000   2.12810117669670e+00   2.27494937922470e+00
   0.00000   2.33921835424210e+00   4.18142204422394e+00
   0.00000   4.53544808582100e+00   3.18209845490180e+01
   0.00000   4.98538486949802e+00   0.00000000000000e+00
   0.00000   8.00002135934540e+00   1.78556179011970e+02
   0.00000   8.79365934431636e+00   0.00000000000000e+00
   0.00000   2.73597125441155e+01   7.28618154551055e+03
   0.00000   6.40940846444955e+01   3.84622013309037e+04
   0.00000   7.04525051912597e+01   0.00000000000000e+00
   0.00000   2.40944392953895e+02   2.01918947215683e+05
   0.00000   2.64847156949718e+02   7.14353577873325e+05
   0.00000   9.05765341964468e+02   8.80569705100015e+05
   0.00000   9.95621324662997e+02   0.00000000000000e+00
   0.00000   2.56377023081828e+03   9.80298726199176e+05
   0.00000   2.81810773174735e+03   0.00000000000000e+00
   0.00000   6.60182504493347e+03   1.56194421447887e+06
   0.00000   7.25675568704620e+03   0.00000000000000e+00
   0.00000   1.70000000000000e+04   2.52306972824753e+06
   9.00000   3.00739186890192e+01   5.78075004576149e+09
   9.00000   7.74417095626743e+01   5.80626112044232e+14
   9.00000   2.19198881213373e+02   1.90908640130620e+19
   9.00000   8.24018966228656e+02   1.30663483496689e+24
  10.00000   4.98538486949802e+00   7.18939787057165e-02
  10.00000   5.47995739929647e+00   2.71508595029171e-01
  10.00000   1.41111397460517e+01   6.88204002619511e+05
  10.00000   1.55110280726769e+01   9.75883315506475e+05
  10.00000   3.63368271728104e+01   4.20360825228487e+11
  10.00000   8.51242743421084e+01   5.19296936540093e+15
  10.00000   1.02851446695887e+02   1.99056552899803e+16
  10.00000   2.19198881213373e+02   3.43358340269286e+20
  10.00000   3.20001708749913e+02   2.94493199937439e+22
  10.00000   8.24018966228656e+02   1.37469818405999e+26
  10.00000   3.09767665302809e+03   4.10392163001611e+32
STATE 84 +1 33 At
   0.00000   1.93603757000496e+00   3.03578360155028e+00
   0.00000   2.12810117669670e+00   5.27153361323226e-01
   0.00000   4.12611862025581e+00   3.39313757513958e+01
   0.00000   4.53544808582100e+00   0.00000000000000e+00
   0.00000   8.79365934431636e+00   2.06791316268872e+02
   0.00000   2.73597125441155e+01   7.17799372763925e+03
   0.00000   6.40940846444955e+01   3.83293620435166e+04
   0.00000   7.04525051912597e+01   0.00000000000000e+00
   0.00000   2.40944392953895e+02   2.47819078776699e+05
   0.00000   2.64847156949718e+02   6.60248893116104e+05
   0.00000   9.05765341964468e+02   9.18169177805549e+05
   0.00000   2.56377023081828e+03   0.00000000000000e+00
   0.00000   2.81810773174735e+03   1.09955398668737e+06
   0.00000   6.60182504493347e+03   1.24261049969552e+06
   0.00000   1.70000000000000e+04   2.95025067499328e+06
   9.00000   3.00739186890192e+01   0.00000000000000e+00
   9.00000   7.74417095626743e+01   6.14311278785275e+14
   9.00000   2.19198881213373e+02   1.81865781434741e+19
   9.00000   8.24018966228656e+02   1.00848934759004e+24
  10.00000   4.12611862025581e+00   3.81117197893079e-03
  10.00000   4.98538486949802e+00   1.97704745043486e-02
  10.00000   5.47995739929647e+00   5.27272335029568e-01
  10.00000   1.41111397460517e+01   6.02497242211270e+05
  10.00000   1.55110280726769e+01   1.27739185275903e+06
  10.00000   3.00739186890192e+01   9.85738091736568e+09
  10.00000   3.63368271728104e+01   4.91576532367033e+11
  10.00000   8.51242743421084e+01   4.45777179246033e+15
  10.00000   1.02851446695887e+02   2.03365822395645e+16
  10.00000   2.19198881213373e+02   3.65673718575833e+20
  10.00000   3.20001708749913e+02   3.04904892438543e+22
  10.00000   8.24018966228656e+02   1.06480118957251e+26
  10.00000   2.81810773174735e+03   1.67961993945843e+32
  10.00000   3.09767665302809e+03   0.00000000000000e+00
STATE 85 +0 32 At
   0.00000   1.60234783797477e+00   1.12806503107389e+00
   0.00000   1.76130792723345e+00   1.16111603727719e+00
   0.00000   4.12611862025581e+00   3.23190292866201e+01
   0.00000   4.53544808582100e+00   1.08017190234350e+01
   0.00000   8.79365934431636e+00   1.89654677886998e+02
   0.00000   2.73597125441155e+01   7.97728963393942e+03
   0.00000   7.04525051912597e+01   4.36786293427983e+04
   0.00000   2.64847156949718e+02   9.38342169366667e+05
   0.00000   9.05765341964468e+02   0.00000000000000e+00
   0.00000   9.95621324662997e+02   9.99598964461161e+05
   0.00000   3.09767665302809e+03   0.00000000000000e+00
   0.00000   3.40498006467822e+03   1.33574687560525e+06
   0.00000   7.97665838507664e+03   9.67761798905734e+05
   0.00000   8.76797865825800e+03   0.00000000000000e+00
   0.00000   1.70000000000000e+04   2.87939891338006e+06
   9.00000   3.00739186890192e+01   6.00738823343165e+09
   9.00000   7.74417095626743e+01   4.69255620154531e+14
   9.00000   2.19198881213373e+02   2.02280401158134e+19
   9.00000   8.24018966228656e+02   3.09167394568971e+24
  10.00000   2.33921835424210e+00   0.00000000000000e+00
  10.00000   4.98538486949802e+00   5.76406690053903e-02
  10.00000   5.47995739929647e+00   1.94382721325036e-01
  10.00000   1.41111397460517e+01   6.54492701565262e+05
  10.00000   1.55110280726769e+01   9.92820886859611e+05
  10.00000   3.30573862519717e+01   0.00000000000000e+00
  10.00000   3.63368271728104e+01   4.19558073567693e+11
  10.00000   8.51242743421084e+01   7.21345240316137e+15
  10.00000   1.02851446695887e+02   1.51702739269457e+16
  10.00000   2.19198881213373e+02   3.66824519613075e+20
  10.00000   3.20001708749913e+02   3.06917569113607e+22
  10.00000   8.24018966228656e+02   1.31451831386255e+26
  10.00000   3.09767665302809e+03   4.96553824953680e+32
STATE 86 -1 33 At
   0.00000   9.98537417375836e-01   2.84863113412240e-02
   0.00000   1.09759680587591e+00   6.52023573123254e-02
   0.00000   1.60234783797477e+00   1.75868133204405e+00
   0.00000   4.12611862025581e+00   4.19905505220913e+01
   0.00000   4.53544808582100e+00   0.00000000000000e+00
   0.00000   8.79365934431636e+00   1.91966684099719e+02
   0.00000   2.73597125441155e+01   7.97474995427355e+03
   0.00000   7.04525051912597e+01   4.36831143100354e+04
   0.00000   2.64847156949718e+02   9.38331128450626e+05
   0.00000   9.05765341964468e+02   0.00000000000000e+00
   0.00000   9.95621324662997e+02   9.99601169127058e+05
   0.00000   3.09767665302809e+03   0.00000000000000e+00
   0.00000   3.40498006467822e+03   1.33570582904472e+06
   0.00000   7.97665838507664e+03   9.67892417267817e+05
   0.00000   1.70000000000000e+04   2.87910452950770e+06
   9.00000   3.00739186890192e+01   6.01578573351383e+09
   9.00000   7.74417095626743e+01   4.69627048221683e+14
   9.00000   2.19198881213373e+02   2.02198122625026e+19
   9.00000   8.24018966228656e+02   3.09014244444510e+24
  10.00000   2.12810117669670e+00   0.00000000000000e+00
  10.00000   2.33921835424210e+00   4.79296915543333e-07
  10.00000   4.98538486949802e+00   2.98008348568447e-02
  10.00000   5.47995739929647e+00   1.88529571290999e-01
  10.00000   1.41111397460517e+01   6.55045497945794e+05
  10.00000   1.55110280726769e+01   9.86883482241508e+05
  10.00000   3.30573862519717e+01   0.00000000000000e+00
  10.00000   3.63368271728104e+01   4.19636035263333e+11
  10.00000   8.51242743421084e+01   7.20511471053229e+15
  10.00000   1.02851446695887e+02   1.51754493855929e+16
  10.00000   2.19198881213373e+02   3.67029810571912e+20
  10.00000   3.20001708749913e+02   3.06979475764610e+22
  10.00000   8.24018966228656e+02   1.31521497536776e+26
  10.00000   3.09767665302809e+03   4.96593397482473e+32
# orbitals: 1s2
CORE 2 9 At
   0.00000   1.50149665490521e+02   2.83089952994575e+04
   0.00000   1.81418407803851e+02   2.17819406075176e+05
   0.00000   1.99415927202708e+02   1.81184756974809e+05
   0.00000   3.20001708749913e+02   3.23105356556660e+05
   0.00000   3.51747312906691e+02   0.00000000000000e+00
   0.00000   6.20442779434106e+02   4.35252620653560e+05
   0.00000   6.81993484756242e+02   0.00000000000000e+00
   0.00000   1.59766839905496e+03   0.00000000000000e+00
   0.00000   1.75616426699369e+03   1.10809191158255e+06
# orbitals: 1s2 2s2
CORE 4 16 At
   0.00000   5.83095189484530e+01   5.78511020732247e+03
   0.00000   2.19198881213373e+02   4.86883813427154e+05
   0.00000   2.40944392953895e+02   3.07519280522226e+05
   0.00000   6.81993484756242e+02   7.06859592086626e+05
   0.00000   7.49650295993751e+02   0.00000000000000e+00
   0.00000   1.93038363560908e+03   9.46817819859697e+05
   0.00000   5.46395392906022e+03   1.51473419637202e+06
   0.00000   6.00600265511367e+03   0.00000000000000e+00
   0.00000   1.70000000000000e+04   2.87525568165299e+06
   4.00000   9.35689839905478e+01   1.87355173805731e+08
   4.00000   1.02851446695887e+02   1.70180950598248e+10
   5.00000   1.13054771317229e+02   0.00000000000000e+00
  10.00000   2.19198881213373e+02   2.65801884125536e+19
  10.00000   2.40944392953895e+02   1.75987108827942e+20
  10.00000   6.81993484756242e+02   3.03634043887026e+25
  10.00000   7.49650295993751e+02   1.38849985677484e+24
# orbitals: 1s2 2s2 2p6
CORE 10 17 At
   0.00000   5.83095189484530e+01   2.67966932579226e+04
   0.00000   6.40940846444955e+01   4.13055437186661e+03
   0.00000   2.40944392953895e+02   6.03724499912797e+05
   0.00000   2.64847156949718e+02   2.65712080857788e+05
   0.00000   9.05765341964468e+02   8.99987956149425e+05
   0.00000   2.81810773174735e+03   1.17556091101414e+06
   0.00000   3.09767665302809e+03   0.00000000000000e+00
   0.00000   1.05939145627982e+04   3.07515894645465e+06
   0.00000   1.16448783826326e+04   0.00000000000000e+00
   3.00000   9.35689839905478e+01   1.92111161061903e+09
   4.00000   1.02851446695887e+02   0.00000000000000e+00
   9.00000   2.19198881213373e+02   6.98561088128192e+18
  10.00000   1.36598483519732e+02   7.62085694974985e+16
  10.00000   2.64847156949718e+02   4.47470627160718e+19
  10.00000   7.49650295993751e+02   1.51111382023649e+26
  10.00000   8.24018966228656e+02   4.24297429501384e+25
  10.00000   3.40498006467822e+03   1.86290802426763e+33
# orbitals: 1s2 2s2 2p6 3s2
CORE 12 20 At
   0.00000   2.73597125441155e+01   2.13527939543730e+01
   0.00000   4.82594620414123e+01   1.48929737664408e+04
   0.00000   5.30470170353233e+01   1.90125348026811e+04
   0.00000   2.40944392953895e+02   3.46045201322645e+05
   0.00000   2.64847156949718e+02   5.75662047028073e+05
   0.00000   9.95621324662997e+02   1.05577559904389e+06
   0.00000   3.40498006467822e+03   0.00000000000000e+00
   0.00000   3.74276935248315e+03   1.52208870974824e+06
   0.00000   1.16448783826326e+04   0.00000000000000e+00
   0.00000   1.28001025251317e+04   2.86141712744588e+06
   7.00000   1.65045185466196e+02   4.03915831015669e+15
   9.00000   1.81418407803851e+02   5.16198600319583e+15
   9.00000   8.24018966228656e+02   8.80896871949553e+22
  10.00000   5.83095189484530e+01   4.63372643963771e+12
  10.00000   7.74417095626743e+01   8.30056182633854e+14
  10.00000   1.99415927202708e+02   7.66807239157990e+19
  10.00000   2.91121182296078e+02   8.51144812113627e+21
  10.00000   8.24018966228656e+02   3.35259348192917e+26
  10.00000   3.09767665302809e+03   8.87878513588306e+32
  10.00000   3.40498006467822e+03   0.00000000000000e+00
# orbitals: 1s2 2s2 2p6 3s2 3p6
CORE 18 21 At
   0.00000   2.48904666610656e+01   6.82431915726368e+02
   0.00000   5.83095189484530e+01   4.62108954761355e+04
   0.00000   2.64847156949718e+02   9.43186312889042e+05
   0.00000   9.05765341964468e+02   0.00000000000000e+00
   0.00000   9.95621324662997e+02   9.61614137788794e+05
   0.00000   3.40498006467822e+03   1.46437022546698e+06
   0.00000   3.74276935248315e+03   0.00000000000000e+00
   0.00000   1.28001025251317e+04   1.36275344988019e+06
   0.00000   1.40699300817294e+04   2.09631895047167e+06
   7.00000   5.30470170353233e+01   9.23833420320262e+10
   7.00000   1.81418407803851e+02   4.47282301462550e+15
   8.00000   5.30470170353233e+01   2.41253313369082e+11
   8.00000   1.81418407803851e+02   2.41423274366042e+17
   9.00000   5.83095189484530e+01   0.00000000000000e+00
  10.00000   7.74417095626743e+01   7.25012127531029e+14
  10.00000   8.51242743421084e+01   4.87879184065603e+15
  10.00000   2.91121182296078e+02   4.16551166986759e+21
  10.00000   3.20001708749913e+02   1.26212464065808e+22
  10.00000   8.24018966228656e+02   1.80645925051778e+26
  10.00000   9.05765341964468e+02   8.70569303708996e+26
  10.00000   3.40498006467822e+03   7.17441259465986e+32
# orbitals: 1s2 2s2 2p6 3s2 3p6 3d10
CORE 28 19 At
   0.00000   2.48904666610656e+01   3.48349572605017e+03
   0.00000   2.73597125441155e+01   3.38102026853739e+03
   0.00000   6.40940846444955e+01   3.86885796774953e+04
   0.00000   2.64847156949718e+02   9.48760171071978e+05
   0.00000   2.91121182296078e+02   0.00000000000000e+00
   0.00000   9.95621324662997e+02   9.58148972526201e+05
   0.00000   3.40498006467822e+03   9.30636649273653e+05
   0.00000   3.74276935248315e+03   6.36623832775917e+05
   0.00000   1.28001025251317e+04   0.00000000000000e+00
   0.00000   1.40699300817294e+04   3.32142678900434e+06
   7.00000   5.30470170353233e+01   2.41783034633714e+11
   8.00000   1.99415927202708e+02   4.22276323927159e+17
   9.00000   5.83095189484530e+01   1.36398089303739e+12
  10.00000   8.51242743421084e+01   8.32507059236195e+15
  10.00000   9.35689839905478e+01   3.05385361007268e+15
  10.00000   2.19198881213373e+02   2.84556825184949e+20
  10.00000   3.20001708749913e+02   2.02398362750615e+22
  10.00000   8.24018966228656e+02   3.53003361462670e+26
  10.00000   9.05765341964468e+02   6.70999473339996e+26
# orbitals: 1s2 2s2 2p6 3s2 3p6 3d10 4s2
CORE 30 26 At
   0.00000   1.06249432644660e+01   1.12967304638320e+01
   0.00000   1.87412073623536e+01   1.87478759176877e+03
   0.00000   2.06004191542829e+01   1.80417078579365e+03
   0.00000   6.40940846444955e+01   4.45752416726423e+04
   0.00000   2.40944392953895e+02   8.61256626798622e+04
   0.00000   2.64847156949718e+02   8.41258088163764e+05
   0.00000   9.05765341964468e+02   8.49423742208608e+05
   0.00000   2.56377023081828e+03   4.99965519524095e+05
   0.00000   2.81810773174735e+03   6.76039390796060e+05
   0.00000   7.97665838507664e+03   1.69682149420463e+06
   0.00000   8.76797865825800e+03   0.00000000000000e+00
   0.00000   1.70000000000000e+04   2.09486661144297e+06
   7.00000   1.81418407803851e+02   3.31490163727473e+14
   8.00000   6.40940846444955e+01   0.00000000000000e+00
   9.00000   7.04525051912597e+01   1.69952967448050e+14
   9.00000   1.99415927202708e+02   1.32619223486739e+19
  10.00000   3.00739186890192e+01   0.00000000000000e+00
  10.00000   3.30573862519717e+01   1.09852860152035e+10
  10.00000   8.51242743421084e+01   8.78577988047683e+14
  10.00000   9.35689839905478e+01   1.49393156304688e+16
  10.00000   2.19198881213373e+02   0.00000000000000e+00
  10.00000   2.91121182296078e+02   7.29138731085056e+21
  10.00000   3.20001708749913e+02   1.55484937231542e+22
  10.00000   8.24018966228656e+02   0.00000000000000e+00
  10.00000   9.05765341964468e+02   9.24948178361263e+26
  10.00000   3.09767665302809e+03   9.77583594985768e+31
# orbitals: 1s2 2s2 2p6 3s2 3p6 3d10 4s2 4p6
CORE 36 26 At
   0.00000   2.06004191542829e+01   1.92241108599065e+03
   0.00000   2.26440730912894e+01   2.60399253938219e+03
   0.00000   6.40940846444955e+01   4.45221893243991e+04
   0.00000   2.64847156949718e+02   9.44296263957743e+05
   0.00000   9.05765341964468e+02   0.00000000000000e+00
   0.00000   9.95621324662997e+02   9.70172317279680e+05
   0.00000   3.09767665302809e+03   8.78685045873573e+05
   0.00000   3.40498006467822e+03   3.75618336057378e+05
   0.00000   9.63780145022835e+03   1.96140452854414e+06
   0.00000   1.70000000000000e+04   1.47531388321836e+06
   8.00000   1.99415927202708e+02   4.58414911134539e+17
   9.00000   2.48904666610656e+01   1.68942503841810e+08
   9.00000   7.74417095626743e+01   0.00000000000000e+00
   9.00000   2.19198881213373e+02   0.00000000000000e+00
   9.00000   8.24018966228656e+02   2.99416056021379e+24
  10.00000   2.48904666610656e+01   0.00000000000000e+00
  10.00000   3.30573862519717e+01   2.62537433161170e+10
  10.00000   3.63368271728104e+01   1.14830631506629e+11
  10.00000   7.74417095626743e+01   3.55787072621322e+15
  10.00000   9.35689839905478e+01   2.25705955884083e+16
  10.00000   2.19198881213373e+02   3.19876110862008e+20
  10.00000   3.20001708749913e+02   2.57940146955556e+22
  10.00000   8.24018966228656e+02   2.07510096100456e+26
  10.00000   9.05765341964468e+02   0.00000000000000e+00
  10.00000   3.09767665302809e+03   0.00000000000000e+00
  10.00000   3.40498006467822e+03   1.25973728714352e+33
# orbitals: 1s2 2s2 2p6 3s2 3p6 3d10 4s2 4p6 4d10
CORE 46 25 At
   0.00000   8.79365934431636e+00   2.53744065362498e+01
   0.00000   9.66602977547672e+00   1.28516815857176e-01
   0.00000   2.48904666610656e+01   7.19202593937990e+03
   0.00000   6.40940846444955e+01   0.00000000000000e+00
   0.00000   7.04525051912597e+01   4.40334520132029e+04
   0.00000   2.40944392953895e+02   1.39577746648194e+05
   0.00000   2.64847156949718e+02   7.72585371074703e+05
   0.00000   9.05765341964468e+02   8.72733562389620e+05
   0.00000   2.56377023081828e+03   9.87628099205630e+05
   0.00000   2.81810773174735e+03   0.00000000000000e+00
   0.00000   6.60182504493347e+03   1.53606721604087e+06
   0.00000   7.25675568704620e+03   0.00000000000000e+00
   0.00000   1.70000000000000e+04   2.57144632995344e+06
   8.00000   2.26440730912894e+01   5.81045471629804e+07
   9.00000   2.48904666610656e+01   2.42074201101210e+08
   9.00000   7.74417095626743e+01   8.28561532531998e+14
   9.00000   2.19198881213373e+02   1.75663041982294e+19
  10.00000   3.30573862519717e+01   4.36771723595744e+10
  10.00000   3.63368271728104e+01   2.33187324227771e+11
  10.00000   1.02851446695887e+02   6.13650382192745e+15
  10.00000   2.19198881213373e+02   4.35668457247972e+20
  10.00000   3.20001708749913e+02   3.33141019891048e+22
  10.00000   8.24018966228656e+02   8.62829268092728e+25
  10.00000   9.05765341964468e+02   3.52361279661448e+26
  10.00000   3.09767665302809e+03   3.84183977066811e+32
# orbitals: 1s2 2s2 2p6 3s2 3p6 3d10 4s2 4p6 4d10 4f14
CORE 60 26 At
   0.00000   8.00002135934540e+00   2.13623118630997e+01
   0.00000   8.79365934431636e+00   3.41082779270020e+02
   0.00000   2.73597125441155e+01   6.87798150767667e+03
   0.00000   6.40940846444955e+01   3.98564812000080e+04
   0.00000   2.64847156949718e+02   9.49131512957104e+05
   0.00000   9.95621324662997e+02   9.65157570237992e+05
   0.00000   3.09767665302809e+03   7.22354670641170e+05
   0.00000   3.40498006467822e+03   5.75658060636755e+05
   0.00000   9.63780145022835e+03   1.75365301577244e+06
   0.00000   1.70000000000000e+04   1.78216678363583e+06
   5.00000   1.55110280726769e+01   4.60991493190663e+04
   7.00000   2.06004191542829e+01   0.00000000000000e+00
   8.00000   2.26440730912894e+01   1.26713268661583e+08
   9.00000   7.74417095626743e+01   7.55825014526642e+14
   9.00000   2.19198881213373e+02   2.18934712385942e+19
   9.00000   8.24018966228656e+02   3.71832711539335e+24
  10.00000   3.30573862519717e+01   4.99693620534828e+10
  10.00000   3.63368271728104e+01   2.68615362498808e+11
  10.00000   8.51242743421084e+01   0.00000000000000e+00
  10.00000   9.35689839905478e+01   6.09990381425382e+15
  10.00000   2.19198881213373e+02   2.79617524989557e+20
  10.00000   3.20001708749913e+02   2.49754885249750e+22
  10.00000   3.51747312906691e+02   0.00000000000000e+00
  10.00000   8.24018966228656e+02   2.07914934901170e+26
  10.00000   3.09767665302809e+03   0.00000000000000e+00
  10.00000   3.40498006467822e+03   9.66773107192496e+32
# orbitals: 1s2 2s2 2p6 3s2 3p6 3d10 4s2 4p6 4d10 4f14 5s2
CORE 62 27 At
   0.00000   7.27801012571044e+00   1.26793780752160e+02
   0.00000   8.00002135934540e+00   1.81271060609117e+02
   0.00000   3.00739186890192e+01   9.04839493295095e+03
   0.00000   6.40940846444955e+01   3.55605829032049e+04
   0.00000   2.64847156949718e+02   9.57380845193916e+05
   0.00000   9.95621324662997e+02   9.63557110836558e+05
   0.00000   3.09767665302809e+03   4.95808697109998e+04
   0.00000   3.40498006467822e+03   1.41364869525239e+06
   0.00000   1.16448783826326e+04   0.00000000000000e+00
   0.00000   1.28001025251317e+04   3.23313068554412e+06
   4.00000   1.28375929693121e+01   6.24728480409782e+03
   8.00000   2.26440730912894e+01   9.22626816454096e+07
   9.00000   7.74417095626743e+01   6.89089965308539e+14
   9.00000   2.19198881213373e+02   3.83136904827381e+19
   9.00000   8.24018966228656e+02   3.06329132161996e+24
  10.00000   1.55110280726769e+01   3.44790223654352e+05
  10.00000   2.48904666610656e+01   0.00000000000000e+00
  10.00000   3.30573862519717e+01   3.86181348839185e+10
  10.00000   3.63368271728104e+01   2.98475068052412e+11
  10.00000   8.51242743421084e+01   3.37731984521164e+15
  10.00000   1.02851446695887e+02   1.03246265715524e+16
  10.00000   2.40944392953895e+02   0.00000000000000e+00
  10.00000   3.20001708749913e+02   3.89815709028221e+21
  10.00000   3.51747312906691e+02   4.28440941387845e+22
  10.00000   8.24018966228656e+02   3.78702237741893e+26
  10.00000   9.05765341964468e+02   0.00000000000000e+00
  10.00000   3.40498006467822e+03   2.83964980729096e+32
# orbitals: 1s2 2s2 2p6 3s2 3p6 3d10 4s2 4p6 4d10 4f14 5s2 5p6
CORE 68 27 At
   0.00000   5.47995739929647e+00   2.22036748558335e+01
   0.00000   6.02359374134496e+00   1.58722307862323e+02
   0.00000   2.73597125441155e+01   7.18060321832582e+03
   0.00000   6.40940846444955e+01   4.00104306846872e+04
   0.00000   7.04525051912597e+01   0.00000000000000e+00
   0.00000   2.64847156949718e+02   9.49795848619899e+05
   0.00000   9.05765341964468e+02   0.00000000000000e+00
   0.00000   9.95621324662997e+02   9.74345658261019e+05
   0.00000   3.40498006467822e+03   1.46536426024168e+06
   0.00000   9.63780145022835e+03   7.81014844574733e+05
   0.00000   1.70000000000000e+04   3.34858400582098e+06
   9.00000   7.74417095626743e+01   6.86412554065772e+14
   9.00000   2.19198881213373e+02   2.08388807616020e+19
   9.00000   8.24018966228656e+02   3.42837569762688e+24
  10.00000   1.06249432644660e+01   4.79410355782480e+02
  10.00000   1.41111397460517e+01   2.61058987002092e+05
  10.00000   1.55110280726769e+01   8.24102607780205e+05
  10.00000   3.00739186890192e+01   1.06032412575484e+10
  10.00000   3.30573862519717e+01   0.00000000000000e+00
  10.00000   3.63368271728104e+01   4.23609099874660e+11
  10.00000   8.51242743421084e+01   3.30825061556536e+15
  10.00000   1.02851446695887e+02   1.70289136360448e+16
  10.00000   2.19198881213373e+02   3.07429531026522e+20
  10.00000   3.20001708749913e+02   2.63932783222032e+22
  10.00000   8.24018966228656e+02   2.16154387181214e+26
  10.00000   3.09767665302809e+03   0.00000000000000e+00
  10.00000   3.40498006467822e+03   9.07919194668508e+32
# orbitals: 1s2 2s2 2p6 3s2 3p6 3d10 4s2 4p6 4d10 4f14 5s2 5p6 5d10
CORE 78 30 At
   0.00000   3.75373161510675e+00   1.20391114789242e+01
   0.00000   4.12611862025581e+00   3.84867262316059e+01
   0.00000   9.66602977547672e+00   1.27526936185375e+02
   0.00000   2.73597125441155e+01   7.98442433033864e+03
   0.00000   6.40940846444955e+01   0.00000000000000e+00
   0.00000   7.04525051912597e+01   4.23039292317584e+04
   0.00000   2.40944392953895e+02   2.05364712003951e+05
   0.00000   2.64847156949718e+02   6.97954360587380e+05
   0.00000   9.05765341964468e+02   9.18465513878733e+05
   0.00000   2.56377023081828e+03   0.00000000000000e+00
   0.00000   2.81810773174735e+03   1.09745014233166e+06
   0.00000   6.60182504493347e+03   1.24234826839180e+06
   0.00000   1.70000000000000e+04   2.95767570601536e+06
   9.00000   9.66602977547672e+00   5.06024255050205e+02
   9.00000   3.00739186890192e+01   9.31113076513894e+09
   9.00000   7.74417095626743e+01   8.49364601011569e+14
   9.00000   2.19198881213373e+02   1.58892085325040e+19
  10.00000   4.98538486949802e+00   1.51438700343122e-03
  10.00000   9.66602977547672e+00   1.51637017564214e+03
  10.00000   1.41111397460517e+01   9.64046022279801e+05
  10.00000   3.63368271728104e+01   2.89950941523415e+11
  10.00000   3.99416033355614e+01   2.90566415069925e+11
  10.00000   8.51242743421084e+01   0.00000000000000e+00
  10.00000   1.02851446695887e+02   1.65430187185870e+16
  10.00000   2.19198881213373e+02   4.65503563061343e+20
  10.00000   3.20001708749913e+02   3.50274492765738e+22
  10.00000   8.24018966228656e+02   6.45988998961952e+25
  10.00000   9.05765341964468e+02   2.04837442758638e+26
  10.00000   2.81810773174735e+03   1.78935445083093e+32
  10.00000   3.09767665302809e+03   0.00000000000000e+00
# orbitals: 1s2 2s2 2p6 3s2 3p6 3d10 4s2 4p6 4d10 4f14 5s2 5p6 5d10 6s2
CORE 80 33 At
   0.00000   2.33921835424210e+00   0.00000000000000e+00
   0.00000   3.10674949236054e+00   1.28819575873285e+01
   0.00000   3.41495297034829e+00   1.80260403626653e+01
   0.00000   9.66602977547672e+00   2.67389091799305e+02
   0.00000   2.73597125441155e+01   7.07658129485464e+03
   0.00000   6.40940846444955e+01   3.84116642987870e+04
   0.00000   7.04525051912597e+01   0.00000000000000e+00
   0.00000   2.40944392953895e+02   2.44942418485095e+05
   0.00000   2.64847156949718e+02   6.63667967808996e+05
   0.00000   9.05765341964468e+02   9.16652671144291e+05
   0.00000   2.56377023081828e+03   0.00000000000000e+00
   0.00000   2.81810773174735e+03   1.10279888645574e+06
   0.00000   6.60182504493347e+03   1.23554993699194e+06
   0.00000   1.70000000000000e+04   2.96350422428226e+06
   9.00000   3.00739186890192e+01   0.00000000000000e+00
   9.00000   7.74417095626743e+01   5.59520043729284e+14
   9.00000   2.19198881213373e+02   1.86334252578419e+19
   9.00000   8.24018966228656e+02   0.00000000000000e+00
  10.00000   2.57127930229182e+00   4.64102537053809e-08
  10.00000   4.98538486949802e+00   3.98765785738822e-02
  10.00000   5.47995739929647e+00   9.55815864354144e-02
  10.00000   1.41111397460517e+01   5.69493139653377e+05
  10.00000   1.55110280726769e+01   8.11321068950113e+05
  10.00000   3.00739186890192e+01   1.10421446843900e+10
  10.00000   3.63368271728104e+01   4.85969144478424e+11
  10.00000   8.51242743421084e+01   5.43548242816462e+15
  10.00000   1.02851446695887e+02   1.95384283898420e+16
  10.00000   2.19198881213373e+02   3.56303611448679e+20
  10.00000   3.20001708749913e+02   3.01995072607353e+22
  10.00000   8.24018966228656e+02   1.09995562929105e+26
  10.00000   9.05765341964468e+02   2.16127114960890e+26
  10.00000   2.81810773174735e+03   1.61543285120191e+32
  10.00000   3.09767665302809e+03   0.00000000000000e+00
