# Free-atom, free-ion and frozen-core density fits -- Tl (Z = 81)
#
#   rho(r) = sum_i c_i r^n_i exp(-alpha_i r)      r in bohr, rho in e/bohr^3
#
# All-electron B86BPBE densities (scalar-relativistic, spin-restricted),
# fitted with rhofit.py (monotone decay imposed).  Two kinds of block:
#
#   STATE <N> <q> <nterm> <symbol>
#     the atom or ion with N electrons (charge q), in order of increasing N;
#   CORE <N_core> <nterm> <symbol>
#     the frozen core of the neutral atom with N_core electrons, for a
#     pseudopotential with Z - N_core valence electrons, in order of
#     increasing N_core, each preceded by a '# orbitals:' comment.
#
# Each block header is followed by nterm lines:   n   alpha   c
#
# Generated 2026-09-23 by combine_fits.py from
#   /home/alberto/doc/manuals/critic2/atomic_density_fits/15_rhofit/rho_b86bpbe_mono/fit_081_Tl.dat
#     recipe: --npow 0,1,2,3,4,5,6,7,8,9,10 --amin 0.2 --ratio 1.1 --mom 3 --cusp none --targetz 1e-3 --besteffort --monotone --stats
#   /home/alberto/doc/manuals/critic2/atomic_density_fits/15_rhofit/core_b86bpbe_mono/core_081_Tl.dat
#     recipe: --npow 0,1,2,3,4,5,6,7,8,9,10 --amin 0.2 --ratio 1.1 --mom 3 --cusp none --besteffort --monotone --stats --target 1e-3*N_core
#
STATE 78 +3 29 Tl
   0.00000   3.14206684758347e+00   1.58815357392098e+01
   0.00000   3.45512046316734e+00   1.47283217732711e+01
   0.00000   8.93183982764463e+00   1.08058251090271e+02
   0.00000   2.53902181514868e+01   6.38484002723285e+03
   0.00000   6.56363111317233e+01   3.49242210050099e+04
   0.00000   2.25613569917353e+02   1.96041979663208e+05
   0.00000   2.48092131709165e+02   5.42764207274105e+05
   0.00000   9.37738650371068e+02   7.27636470340254e+05
   0.00000   3.22331588890044e+03   7.94926297408636e+05
   0.00000   9.16280353987470e+03   1.54301557281254e+06
   0.00000   1.00757213472245e+04   0.00000000000000e+00
   0.00000   1.62000000000000e+04   1.40981228812631e+05
   8.00000   7.38661357516660e+00   1.09142399278117e+02
   9.00000   7.21758551675787e+01   3.57591523785798e+14
   9.00000   2.05171694000047e+02   7.51690098630878e+18
   9.00000   7.75507978026062e+02   5.75952547187609e+23
  10.00000   8.12256420855468e+00   0.00000000000000e+00
  10.00000   1.18763844090093e+01   1.43994798466656e+04
  10.00000   1.30596644789937e+01   1.77633204859973e+05
  10.00000   2.79199223170424e+01   6.53174456040287e+09
  10.00000   3.37605685742778e+01   1.32936383312945e+11
  10.00000   3.71242360482760e+01   1.35546693324378e+11
  10.00000   7.93669537387136e+01   0.00000000000000e+00
  10.00000   9.59699476882791e+01   8.52277304633684e+15
  10.00000   2.05171694000047e+02   1.96408719374277e+20
  10.00000   2.99991215240362e+02   1.51763352203192e+22
  10.00000   7.75507978026062e+02   5.00711955157206e+25
  10.00000   2.93126508953000e+03   3.66291828464564e+32
  10.00000   3.22331588890044e+03   0.00000000000000e+00
STATE 79 +2 31 Tl
   0.00000   2.14894018567699e+00   0.00000000000000e+00
   0.00000   2.36304559063266e+00   7.31353631192854e-01
   0.00000   2.85737767465070e+00   1.43820911187885e+01
   0.00000   3.14206684758347e+00   7.56149769617637e+00
   0.00000   8.12256420855468e+00   1.81509922552272e+02
   0.00000   2.53902181514868e+01   6.39914621173565e+03
   0.00000   6.56363111317233e+01   3.54498357789487e+04
   0.00000   2.25613569917353e+02   1.06712276843366e+05
   0.00000   2.48092131709165e+02   6.46017633920319e+05
   0.00000   9.37738650371068e+02   5.00949421674131e+05
   0.00000   1.03116838602331e+03   2.23712041297531e+05
   0.00000   3.54446459201135e+03   1.03953604613491e+06
   0.00000   3.89761031094840e+03   0.00000000000000e+00
   0.00000   1.33973674211369e+04   0.00000000000000e+00
   0.00000   1.47321876251430e+04   2.24570344293097e+06
   8.00000   7.05242533152793e+02   0.00000000000000e+00
   9.00000   7.21758551675787e+01   1.39099362360189e+14
   9.00000   2.05171694000047e+02   9.71118048950939e+18
   9.00000   7.75507978026062e+02   1.45780793406327e+24
  10.00000   4.59416420265459e+00   1.23781360384696e-02
  10.00000   1.18763844090093e+01   6.83120821220910e+03
  10.00000   1.30596644789937e+01   1.74535465508261e+05
  10.00000   2.79199223170424e+01   4.56644843316570e+09
  10.00000   3.07016685535659e+01   0.00000000000000e+00
  10.00000   3.37605685742778e+01   1.69037669579115e+11
  10.00000   7.93669537387136e+01   3.88486922955921e+15
  10.00000   9.59699476882791e+01   7.30048139177558e+15
  10.00000   2.05171694000047e+02   1.49084237884173e+20
  10.00000   2.99991215240362e+02   1.35128068453303e+22
  10.00000   7.75507978026062e+02   4.66638120490075e+25
  10.00000   3.22331588890044e+03   8.06160352239986e+32
STATE 80 +1 31 Tl
   0.00000   1.95423395127180e+00   7.33900527226233e-02
   0.00000   2.14894018567699e+00   4.04438771053000e+00
   0.00000   3.14206684758347e+00   6.93051281994788e-01
   0.00000   3.45512046316734e+00   2.23232152753002e+01
   0.00000   8.12256420855468e+00   1.71594495782876e+02
   0.00000   2.53902181514868e+01   6.40990282938755e+03
   0.00000   6.56363111317233e+01   3.61839877654605e+04
   0.00000   2.48092131709165e+02   7.68445757384335e+05
   0.00000   9.37738650371068e+02   0.00000000000000e+00
   0.00000   1.03116838602331e+03   7.70078266957554e+05
   0.00000   3.89761031094840e+03   1.03394671357256e+06
   0.00000   1.47321876251430e+04   2.22162704801008e+06
   0.00000   1.62000000000000e+04   0.00000000000000e+00
   8.00000   7.05242533152793e+02   1.34745223598146e+22
   9.00000   7.21758551675787e+01   1.41942416462295e+14
   9.00000   2.05171694000047e+02   1.02281973449246e+19
   9.00000   7.75507978026062e+02   0.00000000000000e+00
  10.00000   4.59416420265459e+00   9.50344132195337e-03
  10.00000   1.18763844090093e+01   3.70028235792510e+03
  10.00000   1.30596644789937e+01   1.81743597872753e+05
  10.00000   2.79199223170424e+01   4.41249854511494e+09
  10.00000   3.07016685535659e+01   0.00000000000000e+00
  10.00000   3.37605685742778e+01   1.69549978060315e+11
  10.00000   7.93669537387136e+01   3.84623273748337e+15
  10.00000   9.59699476882791e+01   7.26793710565722e+15
  10.00000   2.05171694000047e+02   1.38309265361460e+20
  10.00000   2.99991215240362e+02   1.26783808683015e+22
  10.00000   3.29880246610467e+02   0.00000000000000e+00
  10.00000   7.75507978026062e+02   4.94368183102920e+25
  10.00000   3.22331588890044e+03   6.63608326502627e+32
  10.00000   3.54446459201135e+03   8.28353218478379e+32
STATE 81 +0 33 Tl
   0.00000   9.14101387076184e-01   1.98072135923422e-02
   0.00000   1.00517607075279e+00   0.00000000000000e+00
   0.00000   1.61614754765731e+00   1.03401483843366e+00
   0.00000   3.14206684758347e+00   1.43198083612282e+01
   0.00000   3.45512046316734e+00   1.29332475551092e+01
   0.00000   8.12256420855468e+00   1.09884511023255e+02
   0.00000   2.53902181514868e+01   5.82688590830387e+03
   0.00000   5.96892870749884e+01   3.10259242903478e+04
   0.00000   2.25613569917353e+02   3.24491275380839e+05
   0.00000   2.48092131709165e+02   4.00721689244112e+05
   0.00000   8.52774181519443e+02   6.53750250791932e+05
   0.00000   2.42415033414723e+03   0.00000000000000e+00
   0.00000   2.66567575790047e+03   6.91574923480285e+05
   0.00000   6.26667658437748e+03   8.93930160796280e+05
   0.00000   6.89104451084058e+03   0.00000000000000e+00
   0.00000   1.62000000000000e+04   1.53056860822191e+06
   9.00000   7.21758551675787e+01   3.60712962001803e+14
   9.00000   2.05171694000047e+02   7.74596337362828e+18
  10.00000   2.14894018567699e+00   9.86668784573113e-08
  10.00000   2.36304559063266e+00   5.48014187363068e-07
  10.00000   4.59416420265459e+00   0.00000000000000e+00
  10.00000   1.30596644789937e+01   1.90988382695365e+05
  10.00000   2.79199223170424e+01   5.87392560935956e+09
  10.00000   3.37605685742778e+01   1.39946921045427e+11
  10.00000   3.71242360482760e+01   1.11022222578880e+11
  10.00000   7.93669537387136e+01   0.00000000000000e+00
  10.00000   9.59699476882791e+01   1.01820783027366e+16
  10.00000   2.05171694000047e+02   1.71361014543321e+20
  10.00000   2.99991215240362e+02   1.40345214168544e+22
  10.00000   7.75507978026062e+02   3.25896721924262e+25
  10.00000   8.52774181519443e+02   8.02462526799968e+25
  10.00000   2.66567575790047e+03   8.20622359254440e+31
  10.00000   2.93126508953000e+03   0.00000000000000e+00
STATE 82 -1 34 Tl
   0.00000   9.14101387076184e-01   1.58454070324009e-02
   0.00000   1.00517607075279e+00   8.15271794464996e-02
   0.00000   1.46971536432113e+00   0.00000000000000e+00
   0.00000   1.61614754765731e+00   9.14868921361632e-01
   0.00000   3.14206684758347e+00   1.08713902060238e+01
   0.00000   3.45512046316734e+00   1.74198472795931e+01
   0.00000   8.12256420855468e+00   1.03887171811299e+02
   0.00000   2.53902181514868e+01   6.01139390147061e+03
   0.00000   5.96892870749884e+01   2.09359193559621e+04
   0.00000   6.56363111317233e+01   1.15514144279765e+04
   0.00000   2.25613569917353e+02   2.51794237586647e+05
   0.00000   2.48092131709165e+02   4.83707795509534e+05
   0.00000   8.52774181519443e+02   2.97172488559003e+05
   0.00000   9.37738650371068e+02   3.94081094671008e+05
   0.00000   3.22331588890044e+03   9.87506344246044e+05
   0.00000   1.00757213472245e+04   5.06123060822945e+05
   0.00000   1.62000000000000e+04   2.05429056210951e+06
   9.00000   2.53902181514868e+01   0.00000000000000e+00
   9.00000   7.21758551675787e+01   3.59805145347086e+14
   9.00000   2.05171694000047e+02   7.72414043937675e+18
   9.00000   7.75507978026062e+02   4.37709493869359e+23
  10.00000   2.14894018567699e+00   1.67935251869674e-07
  10.00000   4.59416420265459e+00   0.00000000000000e+00
  10.00000   1.30596644789937e+01   1.94015522156582e+05
  10.00000   2.79199223170424e+01   5.88669991639850e+09
  10.00000   3.37605685742778e+01   1.39603664294911e+11
  10.00000   3.71242360482760e+01   1.14372599766730e+11
  10.00000   7.93669537387136e+01   0.00000000000000e+00
  10.00000   9.59699476882791e+01   9.72075761887546e+15
  10.00000   2.05171694000047e+02   1.78271680352832e+20
  10.00000   2.99991215240362e+02   1.42485298308419e+22
  10.00000   7.75507978026062e+02   5.65452032816177e+25
  10.00000   2.93126508953000e+03   2.59341212492725e+32
  10.00000   3.22331588890044e+03   0.00000000000000e+00
STATE 83 -2 34 Tl
   0.00000   9.14101387076184e-01   2.27195957457943e-02
   0.00000   1.00517607075279e+00   1.38854879330260e-01
   0.00000   1.46971536432113e+00   1.16333010256447e-01
   0.00000   1.61614754765731e+00   6.49444763451003e-01
   0.00000   3.14206684758347e+00   9.02032245062183e+00
   0.00000   3.45512046316734e+00   1.97709586605162e+01
   0.00000   8.12256420855468e+00   1.07577786709164e+02
   0.00000   2.53902181514868e+01   5.82504178067396e+03
   0.00000   5.96892870749884e+01   3.10284359323288e+04
   0.00000   2.25613569917353e+02   3.25324819758671e+05
   0.00000   2.48092131709165e+02   3.99746243417054e+05
   0.00000   8.52774181519443e+02   6.54109936514304e+05
   0.00000   2.42415033414723e+03   0.00000000000000e+00
   0.00000   2.66567575790047e+03   6.90667709275957e+05
   0.00000   6.26667658437748e+03   8.96420663886762e+05
   0.00000   6.89104451084058e+03   0.00000000000000e+00
   0.00000   1.62000000000000e+04   1.52478309456693e+06
   9.00000   7.21758551675787e+01   3.60627222377908e+14
   9.00000   2.05171694000047e+02   7.71431530161834e+18
   9.00000   7.75507978026062e+02   0.00000000000000e+00
  10.00000   2.14894018567699e+00   1.25813789291252e-07
  10.00000   4.59416420265459e+00   2.39191003605199e-03
  10.00000   1.30596644789937e+01   1.98163919861585e+05
  10.00000   2.79199223170424e+01   5.75562055727509e+09
  10.00000   3.37605685742778e+01   1.41562906825814e+11
  10.00000   3.71242360482760e+01   1.07630275591225e+11
  10.00000   7.93669537387136e+01   0.00000000000000e+00
  10.00000   9.59699476882791e+01   1.02394747895063e+16
  10.00000   2.05171694000047e+02   1.72031920556725e+20
  10.00000   2.99991215240362e+02   1.40606337935948e+22
  10.00000   7.75507978026062e+02   3.27232097345256e+25
  10.00000   8.52774181519443e+02   7.80242010864059e+25
  10.00000   2.66567575790047e+03   8.26325628925328e+31
  10.00000   2.93126508953000e+03   0.00000000000000e+00
STATE 84 -3 34 Tl
   0.00000   9.14101387076184e-01   3.56338113199126e-02
   0.00000   1.00517607075279e+00   1.68210278624619e-01
   0.00000   1.46971536432113e+00   5.77676239574369e-01
   0.00000   3.14206684758347e+00   6.63297388140647e+00
   0.00000   3.45512046316734e+00   2.31690698111721e+01
   0.00000   8.12256420855468e+00   1.02792062232306e+02
   0.00000   2.53902181514868e+01   5.96927491470106e+03
   0.00000   5.96892870749884e+01   2.31253037896127e+04
   0.00000   6.56363111317233e+01   9.00785276807916e+03
   0.00000   2.25613569917353e+02   2.76308201191504e+05
   0.00000   2.48092131709165e+02   4.54647280892208e+05
   0.00000   8.52774181519443e+02   6.30917608941999e+05
   0.00000   9.37738650371068e+02   0.00000000000000e+00
   0.00000   2.66567575790047e+03   7.93517144188860e+05
   0.00000   2.93126508953000e+03   0.00000000000000e+00
   0.00000   6.89104451084058e+03   0.00000000000000e+00
   0.00000   7.57762010070337e+03   9.19506364518797e+05
   0.00000   1.62000000000000e+04   1.57169044263913e+06
   9.00000   2.53902181514868e+01   0.00000000000000e+00
   9.00000   7.21758551675787e+01   3.59878270512851e+14
   9.00000   2.05171694000047e+02   7.67643313925203e+18
   9.00000   7.75507978026062e+02   5.27453117640999e+23
  10.00000   2.14894018567699e+00   1.78467130789466e-07
  10.00000   4.59416420265459e+00   1.42598321393581e-03
  10.00000   1.30596644789937e+01   2.01077591129522e+05
  10.00000   2.79199223170424e+01   5.75084684179745e+09
  10.00000   3.37605685742778e+01   1.41519455872783e+11
  10.00000   3.71242360482760e+01   1.09742923889304e+11
  10.00000   7.93669537387136e+01   0.00000000000000e+00
  10.00000   9.59699476882791e+01   9.88697561336286e+15
  10.00000   2.05171694000047e+02   1.77946969991233e+20
  10.00000   2.99991215240362e+02   1.42693974524239e+22
  10.00000   7.75507978026062e+02   4.21004079573219e+25
  10.00000   2.93126508953000e+03   1.77295769739343e+32
# orbitals: 1s2
CORE 2 9 Tl
   0.00000   1.40322189051839e+02   0.00000000000000e+00
   0.00000   1.54302912811140e+02   9.97630087828214e+04
   0.00000   1.86581968603526e+02   2.45815475565164e+05
   0.00000   2.05171694000047e+02   5.54488156047767e+04
   0.00000   3.29880246610467e+02   2.39983542240039e+05
   0.00000   3.62747212502847e+02   0.00000000000000e+00
   0.00000   5.83234156645756e+02   2.51279137552755e+05
   0.00000   1.37111192980942e+03   0.00000000000000e+00
   0.00000   1.50771995497831e+03   7.07928741693853e+05
# orbitals: 1s2 2s2
CORE 4 16 Tl
   0.00000   5.42810973086267e+01   4.06727401646067e+03
   0.00000   5.96892870749884e+01   3.77256771468619e+02
   0.00000   2.05171694000047e+02   4.37119964877126e+05
   0.00000   2.25613569917353e+02   2.13521251833821e+05
   0.00000   6.41343538249265e+02   4.02356395870894e+05
   0.00000   7.05242533152793e+02   1.20676661946452e+05
   0.00000   2.00476745127421e+03   7.42188058169857e+05
   0.00000   2.20450849100062e+03   0.00000000000000e+00
   0.00000   6.89104451084058e+03   1.24227157899944e+06
   0.00000   1.62000000000000e+04   1.01205448113719e+06
   4.00000   9.59699476882791e+01   1.08597991309719e+10
   5.00000   1.05531723604764e+02   0.00000000000000e+00
  10.00000   2.05171694000047e+02   1.26645545717744e+19
  10.00000   2.25613569917353e+02   8.06632892205591e+19
  10.00000   6.41343538249265e+02   1.13625864827529e+25
  10.00000   7.05242533152793e+02   8.19074281262209e+24
# orbitals: 1s2 2s2 2p6
CORE 10 17 Tl
   0.00000   5.42810973086267e+01   1.55928018465136e+04
   0.00000   5.96892870749884e+01   1.06458393930968e+04
   0.00000   2.25613569917353e+02   5.59099111870200e+05
   0.00000   2.48092131709165e+02   1.40303690950548e+05
   0.00000   8.52774181519443e+02   6.33293797474859e+05
   0.00000   2.66567575790047e+03   7.70352925507437e+05
   0.00000   2.93126508953000e+03   0.00000000000000e+00
   0.00000   1.00757213472245e+04   1.94180127814842e+06
   0.00000   1.10795959146259e+04   0.00000000000000e+00
   3.00000   8.72745231925240e+01   1.29506058524111e+09
   4.00000   9.59699476882791e+01   0.00000000000000e+00
   9.00000   2.05171694000047e+02   2.91489471034047e+18
  10.00000   1.27608198585339e+02   1.40312893335816e+16
  10.00000   2.48092131709165e+02   1.20862865525159e+20
  10.00000   7.05242533152793e+02   5.18115756480031e+25
  10.00000   7.75507978026062e+02   5.16123581353752e+25
  10.00000   3.22331588890044e+03   7.45192690428964e+32
# orbitals: 1s2 2s2 2p6 3s2
CORE 12 21 Tl
   0.00000   2.53902181514868e+01   0.00000000000000e+00
   0.00000   4.48903583127257e+01   7.69022983533807e+03
   0.00000   4.93629203734157e+01   2.05725069883437e+04
   0.00000   2.25613569917353e+02   3.29059603493156e+05
   0.00000   2.48092131709165e+02   4.17491120680321e+05
   0.00000   9.37738650371068e+02   7.07213921577309e+05
   0.00000   1.03116838602331e+03   0.00000000000000e+00
   0.00000   3.22331588890044e+03   8.99438153117117e+05
   0.00000   3.54446459201135e+03   0.00000000000000e+00
   0.00000   1.21834895389609e+04   2.08526019547302e+06
   0.00000   1.33973674211369e+04   0.00000000000000e+00
   7.00000   1.54302912811140e+02   2.10218146034777e+15
   8.00000   7.05242533152793e+02   3.39891196946297e+21
   9.00000   5.42810973086267e+01   1.93674550506977e+11
  10.00000   5.42810973086267e+01   1.30052231540166e+12
  10.00000   7.21758551675787e+01   2.86192066044826e+14
  10.00000   7.93669537387136e+01   1.40206283245511e+14
  10.00000   1.86581968603526e+02   3.41222960853693e+19
  10.00000   2.72810300544177e+02   3.85412335260182e+21
  10.00000   7.75507978026062e+02   1.32408610043503e+26
  10.00000   3.22331588890044e+03   8.97649590070901e+32
# orbitals: 1s2 2s2 2p6 3s2 3p6
CORE 18 19 Tl
   0.00000   2.30897196080874e+01   4.96751325078454e+02
   0.00000   5.42810973086267e+01   3.84651155262785e+04
   0.00000   2.48092131709165e+02   7.71321524393774e+05
   0.00000   1.03116838602331e+03   7.45574101576942e+05
   0.00000   3.89761031094840e+03   1.08539011196492e+06
   0.00000   4.28594100509571e+03   0.00000000000000e+00
   0.00000   1.47321876251430e+04   1.87574288213151e+06
   7.00000   4.93629203734157e+01   5.41411030245964e+10
   7.00000   1.69676578329364e+02   0.00000000000000e+00
   8.00000   4.93629203734157e+01   7.03594684680144e+10
   8.00000   1.69676578329364e+02   3.28087094837825e+16
   9.00000   1.86581968603526e+02   4.90154321074806e+18
   9.00000   7.75507978026062e+02   3.36142872669575e+24
  10.00000   7.21758551675787e+01   2.25307688350688e+14
  10.00000   7.93669537387136e+01   2.14636712165701e+15
  10.00000   2.72810300544177e+02   3.20674178612862e+21
  10.00000   2.99991215240362e+02   5.11430916918944e+21
  10.00000   7.75507978026062e+02   2.85932484674739e+25
  10.00000   3.54446459201135e+03   1.79290229024584e+33
# orbitals: 1s2 2s2 2p6 3s2 3p6 3d10
CORE 28 20 Tl
   0.00000   2.30897196080874e+01   1.82664014192450e+03
   0.00000   2.53902181514868e+01   3.90569536439384e+03
   0.00000   5.96892870749884e+01   3.19352339566576e+04
   0.00000   2.48092131709165e+02   7.76317709956957e+05
   0.00000   1.03116838602331e+03   7.33952605599615e+05
   0.00000   3.89761031094840e+03   1.12233188025575e+06
   0.00000   4.28594100509571e+03   0.00000000000000e+00
   0.00000   1.33973674211369e+04   1.35657078563404e+06
   7.00000   4.93629203734157e+01   1.24711829698476e+11
   8.00000   1.86581968603526e+02   2.50787664050299e+17
   9.00000   5.42810973086267e+01   0.00000000000000e+00
   9.00000   7.75507978026062e+02   3.07387640301747e+24
  10.00000   7.93669537387136e+01   3.26532336111326e+15
  10.00000   8.72745231925240e+01   1.90258387090445e+15
  10.00000   2.05171694000047e+02   8.00561878695488e+19
  10.00000   2.99991215240362e+02   7.31938936187428e+21
  10.00000   7.75507978026062e+02   1.07805668945010e+26
  10.00000   8.52774181519443e+02   0.00000000000000e+00
  10.00000   3.54446459201135e+03   0.00000000000000e+00
  10.00000   3.89761031094840e+03   3.31604358990459e+33
# orbitals: 1s2 2s2 2p6 3s2 3p6 3d10 4s2
CORE 30 26 Tl
   0.00000   1.08003162606079e+01   0.00000000000000e+00
   0.00000   1.73650220557206e+01   1.09771296796600e+03
   0.00000   1.90951516815170e+01   1.98282947770642e+03
   0.00000   5.96892870749884e+01   3.55864018713197e+04
   0.00000   2.25613569917353e+02   2.00576125276627e+05
   0.00000   2.48092131709165e+02   5.40398436607896e+05
   0.00000   8.52774181519443e+02   6.04166426382937e+05
   0.00000   2.66567575790047e+03   8.37517587298799e+05
   0.00000   2.93126508953000e+03   0.00000000000000e+00
   0.00000   7.57762010070337e+03   0.00000000000000e+00
   0.00000   8.33260129146658e+03   1.04524445758545e+06
   0.00000   1.62000000000000e+04   1.32438592092226e+06
   7.00000   1.69676578329364e+02   2.11532398836694e+15
   9.00000   6.56363111317233e+01   6.89906840534977e+13
   9.00000   1.86581968603526e+02   4.83714708449531e+18
  10.00000   1.90951516815170e+01   1.27969001439960e+05
  10.00000   2.09976593505115e+01   0.00000000000000e+00
  10.00000   3.07016685535659e+01   4.55114789151638e+09
  10.00000   7.93669537387136e+01   4.94065225597439e+14
  10.00000   8.72745231925240e+01   6.43113086319582e+15
  10.00000   2.05171694000047e+02   0.00000000000000e+00
  10.00000   2.72810300544177e+02   2.22696175355706e+21
  10.00000   2.99991215240362e+02   7.48978571503051e+21
  10.00000   7.75507978026062e+02   0.00000000000000e+00
  10.00000   8.52774181519443e+02   3.72681993017236e+26
  10.00000   2.93126508953000e+03   3.87485764638823e+31
# orbitals: 1s2 2s2 2p6 3s2 3p6 3d10 4s2 4p6
CORE 36 27 Tl
   0.00000   1.18763844090093e+01   0.00000000000000e+00
   0.00000   1.90951516815170e+01   4.51687564142605e+02
   0.00000   2.09976593505115e+01   3.64591401316120e+03
   0.00000   5.96892870749884e+01   1.09107023338878e+04
   0.00000   6.56363111317233e+01   2.78165691608295e+04
   0.00000   2.25613569917353e+02   1.10048454703860e+05
   0.00000   2.48092131709165e+02   6.37727104260346e+05
   0.00000   9.37738650371068e+02   6.96852806128677e+05
   0.00000   1.03116838602331e+03   0.00000000000000e+00
   0.00000   3.54446459201135e+03   1.14603014253121e+06
   0.00000   3.89761031094840e+03   0.00000000000000e+00
   0.00000   1.21834895389609e+04   0.00000000000000e+00
   0.00000   1.33973674211369e+04   1.32386816215116e+06
   8.00000   1.86581968603526e+02   2.12939738509068e+17
   9.00000   2.30897196080874e+01   7.27090492929376e+07
   9.00000   7.21758551675787e+01   0.00000000000000e+00
   9.00000   2.05171694000047e+02   0.00000000000000e+00
   9.00000   7.75507978026062e+02   1.98104523168452e+24
  10.00000   2.30897196080874e+01   0.00000000000000e+00
  10.00000   3.07016685535659e+01   8.32721995918316e+09
  10.00000   3.37605685742778e+01   4.95207232470592e+10
  10.00000   7.21758551675787e+01   1.36572678806637e+15
  10.00000   8.72745231925240e+01   9.46457344551304e+15
  10.00000   2.05171694000047e+02   1.65861798665099e+20
  10.00000   2.99991215240362e+02   1.31848273195326e+22
  10.00000   3.22331588890044e+03   7.22203804010855e+32
  10.00000   3.54446459201135e+03   0.00000000000000e+00
# orbitals: 1s2 2s2 2p6 3s2 3p6 3d10 4s2 4p6 4d10
CORE 46 27 Tl
   0.00000   8.12256420855468e+00   2.82959972711742e+01
   0.00000   8.93183982764463e+00   0.00000000000000e+00
   0.00000   2.30897196080874e+01   4.23530587280959e+03
   0.00000   2.53902181514868e+01   1.76611082133014e+03
   0.00000   6.56363111317233e+01   3.55586600522904e+04
   0.00000   2.25613569917353e+02   1.87053822448689e+05
   0.00000   2.48092131709165e+02   5.51893492436507e+05
   0.00000   9.37738650371068e+02   7.23294419237996e+05
   0.00000   2.93126508953000e+03   0.00000000000000e+00
   0.00000   3.22331588890044e+03   7.93347502002792e+05
   0.00000   8.33260129146658e+03   1.15318665338230e+06
   0.00000   9.16280353987470e+03   0.00000000000000e+00
   0.00000   1.62000000000000e+04   7.46047417021625e+05
   8.00000   2.09976593505115e+01   2.66787518565063e+07
   9.00000   2.30897196080874e+01   9.60060840940635e+07
   9.00000   7.21758551675787e+01   3.51120186762716e+14
   9.00000   2.05171694000047e+02   7.81860375435519e+18
   9.00000   7.75507978026062e+02   7.37320176812774e+23
  10.00000   3.07016685535659e+01   1.36619975815068e+10
  10.00000   3.37605685742778e+01   9.55514275730040e+10
  10.00000   8.72745231925240e+01   0.00000000000000e+00
  10.00000   9.59699476882791e+01   5.33090607974799e+15
  10.00000   2.05171694000047e+02   1.90905499290133e+20
  10.00000   2.99991215240362e+02   1.48169539488020e+22
  10.00000   7.75507978026062e+02   4.64703786569892e+25
  10.00000   2.93126508953000e+03   3.46105698380377e+32
  10.00000   3.22331588890044e+03   0.00000000000000e+00
# orbitals: 1s2 2s2 2p6 3s2 3p6 3d10 4s2 4p6 4d10 5s2
CORE 48 27 Tl
   0.00000   6.10871457188051e+00   5.64357889006495e+01
   0.00000   6.71734426566560e+00   0.00000000000000e+00
   0.00000   2.79199223170424e+01   7.58366069720742e+03
   0.00000   5.96892870749884e+01   2.83260779529085e+04
   0.00000   2.25613569917353e+02   2.83014744795098e+05
   0.00000   2.48092131709165e+02   4.55553500206832e+05
   0.00000   9.37738650371068e+02   7.44332743960591e+05
   0.00000   3.22331588890044e+03   0.00000000000000e+00
   0.00000   3.54446459201135e+03   9.83883575419642e+05
   0.00000   1.21834895389609e+04   1.85378959077966e+06
   0.00000   1.62000000000000e+04   9.43916446532847e+02
   9.00000   2.30897196080874e+01   4.05912213352316e+07
   9.00000   7.21758551675787e+01   3.10872112625153e+14
   9.00000   2.05171694000047e+02   7.73543416227201e+18
   9.00000   7.75507978026062e+02   0.00000000000000e+00
  10.00000   1.30596644789937e+01   1.12194816582907e+04
  10.00000   1.43608383183107e+01   1.08431474547488e+05
  10.00000   2.30897196080874e+01   1.63544621415675e+08
  10.00000   3.07016685535659e+01   1.49485229715916e+10
  10.00000   3.37605685742778e+01   9.37820275798295e+10
  10.00000   7.21758551675787e+01   3.81297994091608e+14
  10.00000   9.59699476882791e+01   1.44783198963136e+16
  10.00000   2.05171694000047e+02   1.59464649781894e+20
  10.00000   2.99991215240362e+02   1.30621355827232e+22
  10.00000   7.75507978026062e+02   9.55662971470694e+25
  10.00000   2.93126508953000e+03   3.98550702276075e+32
  10.00000   3.22331588890044e+03   0.00000000000000e+00
# orbitals: 1s2 2s2 2p6 3s2 3p6 3d10 4s2 4p6 4d10 4f14
CORE 60 25 Tl
   0.00000   7.38661357516660e+00   2.09033078576831e+02
   0.00000   8.12256420855468e+00   2.73136759400714e+01
   0.00000   2.53902181514868e+01   5.72704589936991e+03
   0.00000   5.96892870749884e+01   3.19653529878985e+04
   0.00000   2.25613569917353e+02   1.28559247520303e+05
   0.00000   2.48092131709165e+02   6.30809189247510e+05
   0.00000   1.03116838602331e+03   8.02162881557873e+05
   0.00000   3.54446459201135e+03   0.00000000000000e+00
   0.00000   3.89761031094840e+03   9.21750365516414e+05
   0.00000   1.33973674211369e+04   2.32590928648857e+06
   0.00000   1.47321876251430e+04   0.00000000000000e+00
   7.00000   1.90951516815170e+01   3.89617841800077e+06
   8.00000   2.09976593505115e+01   3.80155819031813e+07
   8.00000   7.05242533152793e+02   6.93950116582451e+21
   9.00000   7.21758551675787e+01   3.10232328576833e+14
   9.00000   2.05171694000047e+02   1.02947561926050e+19
  10.00000   3.07016685535659e+01   1.62498496719798e+10
  10.00000   3.37605685742778e+01   1.04109362249789e+11
  10.00000   7.93669537387136e+01   0.00000000000000e+00
  10.00000   8.72745231925240e+01   3.61513388466933e+15
  10.00000   2.05171694000047e+02   1.14113944014144e+20
  10.00000   2.99991215240362e+02   1.13316425883379e+22
  10.00000   7.75507978026062e+02   9.24004096792406e+25
  10.00000   3.22331588890044e+03   1.39935500595891e+33
  10.00000   3.54446459201135e+03   0.00000000000000e+00
# orbitals: 1s2 2s2 2p6 3s2 3p6 3d10 4s2 4p6 4d10 4f14 5s2
CORE 62 27 Tl
   0.00000   6.10871457188051e+00   2.71059181676601e+01
   0.00000   6.71734426566560e+00   1.86076614861204e+02
   0.00000   2.79199223170424e+01   7.42722476100558e+03
   0.00000   5.96892870749884e+01   2.79346475441208e+04
   0.00000   2.25613569917353e+02   1.93464405485547e+05
   0.00000   2.48092131709165e+02   5.64426222426594e+05
   0.00000   1.03116838602331e+03   8.19255505419497e+05
   0.00000   3.89761031094840e+03   0.00000000000000e+00
   0.00000   4.28594100509571e+03   1.09827479499557e+06
   0.00000   1.33973674211369e+04   1.67279048001038e+06
   0.00000   1.47321876251430e+04   0.00000000000000e+00
   8.00000   2.09976593505115e+01   4.11048200577548e+07
   8.00000   7.05242533152793e+02   0.00000000000000e+00
   9.00000   7.21758551675787e+01   2.67261882736085e+14
   9.00000   2.05171694000047e+02   1.78990323508670e+19
  10.00000   1.30596644789937e+01   3.88895717511432e+03
  10.00000   1.43608383183107e+01   9.71570584978333e+04
  10.00000   2.30897196080874e+01   0.00000000000000e+00
  10.00000   3.07016685535659e+01   1.28352388976306e+10
  10.00000   3.37605685742778e+01   1.14267265608331e+11
  10.00000   7.93669537387136e+01   1.80250158687125e+15
  10.00000   9.59699476882791e+01   6.24374882643760e+15
  10.00000   2.99991215240362e+02   1.63778892275816e+21
  10.00000   3.29880246610467e+02   2.22275235063788e+22
  10.00000   7.75507978026062e+02   1.98090242612975e+26
  10.00000   3.22331588890044e+03   1.45694730931472e+33
  10.00000   3.54446459201135e+03   0.00000000000000e+00
# orbitals: 1s2 2s2 2p6 3s2 3p6 3d10 4s2 4p6 4d10 4f14 5s2 5p6
CORE 68 30 Tl
   0.00000   5.05189466607012e+00   6.57432700111636e+01
   0.00000   5.55523019885117e+00   6.83195296793538e+01
   0.00000   7.38661357516660e+00   0.00000000000000e+00
   0.00000   2.53902181514868e+01   5.80313018804379e+03
   0.00000   5.96892870749884e+01   3.15862860172349e+04
   0.00000   6.56363111317233e+01   0.00000000000000e+00
   0.00000   2.25613569917353e+02   2.43433627285174e+05
   0.00000   2.48092131709165e+02   4.96096031465936e+05
   0.00000   8.52774181519443e+02   2.44302866607517e+05
   0.00000   9.37738650371068e+02   4.48229794677780e+05
   0.00000   3.22331588890044e+03   9.67577131687459e+05
   0.00000   3.54446459201135e+03   0.00000000000000e+00
   0.00000   1.00757213472245e+04   6.92070194514380e+05
   0.00000   1.62000000000000e+04   1.73234285235422e+06
   9.00000   8.93183982764463e+00   1.10954290188840e+02
   9.00000   2.79199223170424e+01   0.00000000000000e+00
   9.00000   7.21758551675787e+01   2.66629006494436e+14
   9.00000   2.05171694000047e+02   8.78486409547521e+18
   9.00000   7.75507978026062e+02   7.09028762366309e+23
  10.00000   8.93183982764463e+00   2.94802635841045e+01
  10.00000   1.30596644789937e+01   1.40275809463615e+05
  10.00000   2.79199223170424e+01   3.96489547225144e+09
  10.00000   3.37605685742778e+01   1.55510975037028e+11
  10.00000   7.93669537387136e+01   1.69056268581972e+15
  10.00000   9.59699476882791e+01   9.14524959714135e+15
  10.00000   2.05171694000047e+02   1.49240875707839e+20
  10.00000   2.99991215240362e+02   1.30958933650684e+22
  10.00000   7.75507978026062e+02   5.69445315905334e+25
  10.00000   2.93126508953000e+03   2.45405048986319e+32
  10.00000   3.22331588890044e+03   0.00000000000000e+00
# orbitals: 1s2 2s2 2p6 3s2 3p6 3d10 4s2 4p6 4d10 4f14 5s2 5p6 5d10
CORE 78 31 Tl
   0.00000   2.85737767465070e+00   5.28109906129299e+00
   0.00000   3.14206684758347e+00   1.92857196458452e+01
   0.00000   8.93183982764463e+00   1.98045669493663e+02
   0.00000   2.53902181514868e+01   6.28897953907712e+03
   0.00000   6.56363111317233e+01   3.52237272439208e+04
   0.00000   2.25613569917353e+02   1.63049707395652e+05
   0.00000   2.48092131709165e+02   5.80161711855658e+05
   0.00000   9.37738650371068e+02   7.16107015024872e+05
   0.00000   1.03116838602331e+03   0.00000000000000e+00
   0.00000   3.22331588890044e+03   8.18155015697365e+05
   0.00000   8.33260129146658e+03   1.05067795040933e+06
   0.00000   9.16280353987470e+03   0.00000000000000e+00
   0.00000   1.62000000000000e+04   9.38255035600331e+05
   9.00000   2.53902181514868e+01   7.47566776741575e+08
   9.00000   7.21758551675787e+01   1.88340431894237e+14
   9.00000   2.05171694000047e+02   8.87189991186943e+18
   9.00000   7.75507978026062e+02   1.11162619996397e+24
  10.00000   4.17790672927302e+00   0.00000000000000e+00
  10.00000   4.59416420265459e+00   8.01267915456143e-03
  10.00000   8.93183982764463e+00   2.60291371821295e+02
  10.00000   1.18763844090093e+01   2.83622967553524e+03
  10.00000   1.30596644789937e+01   2.14922392116151e+05
  10.00000   2.79199223170424e+01   0.00000000000000e+00
  10.00000   3.37605685742778e+01   1.72089760508690e+11
  10.00000   7.93669537387136e+01   2.96029223366375e+15
  10.00000   9.59699476882791e+01   7.68427448296194e+15
  10.00000   2.05171694000047e+02   1.67662483813293e+20
  10.00000   2.99991215240362e+02   1.42904406792600e+22
  10.00000   7.75507978026062e+02   3.41176040907124e+25
  10.00000   2.93126508953000e+03   3.06281344665069e+32
  10.00000   3.22331588890044e+03   0.00000000000000e+00
# orbitals: 1s2 2s2 2p6 3s2 3p6 3d10 4s2 4p6 4d10 4f14 5s2 5p6 5d10 6s2
CORE 80 31 Tl
   0.00000   1.77716921194820e+00   4.72897390298656e-01
   0.00000   1.95423395127180e+00   1.45347110002559e+00
   0.00000   3.14206684758347e+00   1.37896454108502e+01
   0.00000   3.45512046316734e+00   1.05701723478104e+01
   0.00000   8.12256420855468e+00   1.72831765923402e+02
   0.00000   2.53902181514868e+01   6.39921328001240e+03
   0.00000   6.56363111317233e+01   3.54442378932987e+04
   0.00000   2.25613569917353e+02   1.08503664850790e+05
   0.00000   2.48092131709165e+02   6.44011218102518e+05
   0.00000   9.37738650371068e+02   5.06089662328956e+05
   0.00000   1.03116838602331e+03   2.18429774745820e+05
   0.00000   3.54446459201135e+03   1.04121397488010e+06
   0.00000   3.89761031094840e+03   0.00000000000000e+00
   0.00000   1.33973674211369e+04   0.00000000000000e+00
   0.00000   1.47321876251430e+04   2.23682759307795e+06
   8.00000   7.05242533152793e+02   0.00000000000000e+00
   9.00000   7.21758551675787e+01   1.46052615924622e+14
   9.00000   2.05171694000047e+02   9.62488208567065e+18
   9.00000   7.75507978026062e+02   1.42528850677035e+24
  10.00000   4.59416420265459e+00   7.65172133757109e-03
  10.00000   1.18763844090093e+01   4.45618092708766e+03
  10.00000   1.30596644789937e+01   1.78236023231248e+05
  10.00000   2.79199223170424e+01   4.43296212000737e+09
  10.00000   3.07016685535659e+01   0.00000000000000e+00
  10.00000   3.37605685742778e+01   1.69489674176120e+11
  10.00000   7.93669537387136e+01   3.76211967692125e+15
  10.00000   9.59699476882791e+01   7.39128226046575e+15
  10.00000   2.05171694000047e+02   1.51068097807129e+20
  10.00000   2.99991215240362e+02   1.35799518818803e+22
  10.00000   7.75507978026062e+02   4.76407080270089e+25
  10.00000   3.22331588890044e+03   8.09275395301318e+32
