# Free-atom, free-ion and frozen-core density fits -- Yb (Z = 70)
#
#   rho(r) = sum_i c_i r^n_i exp(-alpha_i r)      r in bohr, rho in e/bohr^3
#
# All-electron B86BPBE densities (scalar-relativistic, spin-restricted),
# fitted with rhofit.py (monotone decay imposed).  Two kinds of block:
#
#   STATE <N> <q> <nterm> <symbol>
#     the atom or ion with N electrons (charge q), in order of increasing N;
#   CORE <N_core> <nterm> <symbol>
#     the frozen core of the neutral atom with N_core electrons, for a
#     pseudopotential with Z - N_core valence electrons, in order of
#     increasing N_core, each preceded by a '# orbitals:' comment.
#
# Each block header is followed by nterm lines:   n   alpha   c
#
# Generated 2026-09-23 by combine_fits.py from
#   /home/alberto/doc/manuals/critic2/atomic_density_fits/15_rhofit/rho_b86bpbe_mono/fit_070_Yb.dat
#     recipe: --npow 0,1,2,3,4,5,6,7,8,9,10 --amin 0.2 --ratio 1.1 --mom 3 --cusp none --targetz 1e-3 --besteffort --monotone --stats
#   /home/alberto/doc/manuals/critic2/atomic_density_fits/15_rhofit/core_b86bpbe_mono/core_070_Yb.dat
#     recipe: --npow 0,1,2,3,4,5,6,7,8,9,10 --amin 0.2 --ratio 1.1 --mom 3 --cusp none --besteffort --monotone --stats --target 1e-3*N_core
#
STATE 67 +3 29 Yb
   0.00000   3.41062979819302e+00   1.46489340354945e+01
   0.00000   3.74882126686701e+00   2.45267864549626e+01
   0.00000   6.01444419164080e+00   9.38842053213061e+00
   0.00000   2.05578402460776e+01   3.52976414658219e+03
   0.00000   5.29150262212918e+01   1.85049117985943e+04
   0.00000   1.80867694671809e+02   1.05748372379364e+05
   0.00000   1.98802186222063e+02   2.92752664229193e+05
   0.00000   8.20962744617860e+02   2.59853242936521e+05
   0.00000   9.02367826012515e+02   1.21615708953313e+04
   0.00000   3.39020330137443e+03   3.60513718419682e+05
   0.00000   3.72636931804461e+03   0.00000000000000e+00
   0.00000   1.40000000000000e+04   4.32685485918042e+05
   7.00000   5.62448596895102e+02   2.15333398677663e+18
   9.00000   6.61082487051318e+00   9.69430714556449e+00
   9.00000   2.05578402460776e+01   5.52797238974634e+07
   9.00000   5.81619781016108e+01   8.70543543399587e+12
   9.00000   1.64551122890339e+02   1.39087420862506e+18
   9.00000   6.18219914303503e+02   9.01468923571622e+22
  10.00000   7.26634150655789e+00   0.00000000000000e+00
  10.00000   9.64931010557167e+00   2.43129341706347e+03
  10.00000   1.06061170736052e+01   6.41693254220516e+02
  10.00000   2.25963160106620e+01   0.00000000000000e+00
  10.00000   2.72997044601022e+01   8.20325399923334e+09
  10.00000   6.39292076043817e+01   2.38192032932119e+14
  10.00000   7.72359739147144e+01   8.82547143190513e+14
  10.00000   2.40182555745975e+02   3.58000563470871e+20
  10.00000   2.63998594449630e+02   1.38314842877168e+21
  10.00000   2.80611481527956e+03   1.06889928053759e+32
  10.00000   3.08436374489074e+03   0.00000000000000e+00
STATE 68 +2 29 Yb
   0.00000   2.82302208904797e+00   3.54926951149531e+00
   0.00000   3.10294751129698e+00   1.92423994372752e+01
   0.00000   5.47186465273187e+00   0.00000000000000e+00
   0.00000   6.01444419164080e+00   2.85817262028357e+01
   0.00000   2.05578402460776e+01   3.49679326353026e+03
   0.00000   5.29150262212918e+01   1.85561934540538e+04
   0.00000   1.80867694671809e+02   1.00122717225862e+05
   0.00000   1.98802186222063e+02   2.99921109840871e+05
   0.00000   9.02367826012515e+02   3.11755636816932e+05
   0.00000   3.72636931804461e+03   0.00000000000000e+00
   0.00000   4.09586890816690e+03   3.07862481183865e+05
   0.00000   1.40000000000000e+04   7.87145237388414e+05
   7.00000   5.62448596895102e+02   0.00000000000000e+00
   9.00000   2.05578402460776e+01   2.21208852130053e+07
   9.00000   5.81619781016108e+01   1.30167589726394e+13
   9.00000   1.64551122890339e+02   1.40948510866431e+18
   9.00000   6.18219914303503e+02   1.13714859005055e+23
  10.00000   2.56834950840715e+00   3.12437574614162e-08
  10.00000   8.77881932353947e+00   3.51545426177849e+01
  10.00000   9.64931010557167e+00   1.61953598732113e+03
  10.00000   2.05578402460776e+01   5.80122263625083e+07
  10.00000   2.72997044601022e+01   8.98596999701188e+09
  10.00000   6.39292076043817e+01   1.73790914529324e+14
  10.00000   7.72359739147144e+01   8.87235673521111e+14
  10.00000   1.80867694671809e+02   0.00000000000000e+00
  10.00000   2.40182555745975e+02   3.22374249537656e+20
  10.00000   2.63998594449630e+02   1.47773947923735e+21
  10.00000   2.80611481527956e+03   1.94155715976809e+32
  10.00000   3.08436374489074e+03   0.00000000000000e+00
STATE 69 +1 30 Yb
   0.00000   1.32505240074040e+00   1.63947826781043e-01
   0.00000   3.10294751129698e+00   2.02950866318766e+01
   0.00000   4.97823270509858e+00   2.74870378320555e+01
   0.00000   5.47186465273187e+00   0.00000000000000e+00
   0.00000   2.05578402460776e+01   3.51590460142958e+03
   0.00000   5.29150262212918e+01   1.85548075525998e+04
   0.00000   1.80867694671809e+02   9.84971241436829e+04
   0.00000   1.98802186222063e+02   3.01734506910707e+05
   0.00000   9.02367826012515e+02   3.11351606025885e+05
   0.00000   3.72636931804461e+03   0.00000000000000e+00
   0.00000   4.09586890816690e+03   3.09046749722384e+05
   0.00000   1.40000000000000e+04   7.82216011755891e+05
   7.00000   5.62448596895102e+02   3.41590960235230e+17
   9.00000   2.05578402460776e+01   3.38431782697331e+07
   9.00000   5.81619781016108e+01   1.13091843636056e+13
   9.00000   1.64551122890339e+02   1.39999896644872e+18
   9.00000   6.18219914303503e+02   1.11751345785270e+23
  10.00000   3.10294751129698e+00   2.27365763644629e-05
  10.00000   3.41062979819302e+00   4.19833544798370e-04
  10.00000   8.77881932353947e+00   0.00000000000000e+00
  10.00000   9.64931010557167e+00   1.92631663729758e+03
  10.00000   2.05578402460776e+01   3.66097291604377e+07
  10.00000   2.72997044601022e+01   8.64529667471151e+09
  10.00000   6.39292076043817e+01   1.99637115285197e+14
  10.00000   7.72359739147144e+01   8.82017871948069e+14
  10.00000   1.80867694671809e+02   0.00000000000000e+00
  10.00000   2.40182555745975e+02   3.38668685646147e+20
  10.00000   2.63998594449630e+02   1.42684582188591e+21
  10.00000   2.80611481527956e+03   1.91860683454267e+32
  10.00000   3.08436374489074e+03   0.00000000000000e+00
STATE 70 +0 36 Yb
   0.00000   1.09676289065967e+00   7.92729469438666e-02
   0.00000   3.10294751129698e+00   2.42384503163238e+01
   0.00000   3.41062979819302e+00   0.00000000000000e+00
   0.00000   6.01444419164080e+00   0.00000000000000e+00
   0.00000   2.05578402460776e+01   2.99518374988274e+03
   0.00000   4.81414162893207e+01   1.82109435163047e+04
   0.00000   5.29150262212918e+01   4.48789539565497e+02
   0.00000   1.98802186222063e+02   4.12111906945373e+05
   0.00000   8.20962744617860e+02   1.37676674286600e+05
   0.00000   9.02367826012515e+02   1.18369130536666e+05
   0.00000   3.08436374489074e+03   3.05049918446414e+05
   0.00000   3.39020330137443e+03   0.00000000000000e+00
   0.00000   1.15879798117084e+04   3.69141118249433e+05
   0.00000   1.27370215263977e+04   1.83898992524651e+05
   7.00000   5.62448596895102e+02   0.00000000000000e+00
   9.00000   2.33665164113533e+00   2.00766932489075e-05
   9.00000   2.05578402460776e+01   4.46154146470901e+07
   9.00000   5.81619781016108e+01   2.18131555508061e+13
   9.00000   1.64551122890339e+02   7.82614206532772e+17
   9.00000   6.18219914303503e+02   2.44136330968131e+23
  10.00000   2.56834950840715e+00   0.00000000000000e+00
  10.00000   3.41062979819302e+00   6.70781060222925e-04
  10.00000   3.74882126686701e+00   1.74975301045029e-03
  10.00000   9.64931010557167e+00   4.94152516778650e+02
  10.00000   1.06061170736052e+01   3.69925851994643e+03
  10.00000   2.05578402460776e+01   5.16319959564603e+07
  10.00000   2.72997044601022e+01   7.12077394874604e+09
  10.00000   3.00066904691434e+01   6.74772739446341e+09
  10.00000   5.81619781016108e+01   1.61199856494958e+13
  10.00000   7.72359739147144e+01   1.35471069075858e+15
  10.00000   1.64551122890339e+02   6.09651611864835e+18
  10.00000   2.40182555745975e+02   8.02444206794827e+20
  10.00000   2.63998594449630e+02   0.00000000000000e+00
  10.00000   9.91844878176020e+02   1.18505076253345e+27
  10.00000   2.80611481527956e+03   4.09852973729130e+31
  10.00000   3.08436374489074e+03   0.00000000000000e+00
STATE 71 -1 32 Yb
   0.00000   9.97820896263310e-01   1.14350473099191e-01
   0.00000   3.10294751129698e+00   8.94597847162373e+00
   0.00000   3.41062979819302e+00   1.65612875294833e+01
   0.00000   4.97823270509858e+00   2.47113752437462e+01
   0.00000   2.05578402460776e+01   3.52374938911014e+03
   0.00000   5.29150262212918e+01   1.86662401523687e+04
   0.00000   1.80867694671809e+02   8.84570091682067e+04
   0.00000   1.98802186222063e+02   3.12733576867709e+05
   0.00000   9.02367826012515e+02   3.08712357260357e+05
   0.00000   3.72636931804461e+03   0.00000000000000e+00
   0.00000   4.09586890816690e+03   3.18945687293964e+05
   0.00000   1.40000000000000e+04   7.31932498672772e+05
   7.00000   5.62448596895102e+02   2.42417885853208e+18
   9.00000   2.56834950840715e+00   0.00000000000000e+00
   9.00000   2.05578402460776e+01   5.71364767724595e+07
   9.00000   5.81619781016108e+01   8.23206048924640e+12
   9.00000   1.64551122890339e+02   1.38221689053604e+18
   9.00000   6.18219914303503e+02   1.04922025101199e+23
  10.00000   1.32505240074040e+00   2.05337478024224e-09
  10.00000   1.45644203960235e+00   9.65165703782637e-09
  10.00000   2.56834950840715e+00   4.03161804683551e-06
  10.00000   2.82302208904797e+00   6.49863564824330e-05
  10.00000   8.77881932353947e+00   1.39456344992968e+02
  10.00000   9.64931010557167e+00   1.62900443381459e+03
  10.00000   2.72997044601022e+01   8.04006776104574e+09
  10.00000   6.39292076043817e+01   2.44824412407432e+14
  10.00000   7.72359739147144e+01   8.73764282043424e+14
  10.00000   1.80867694671809e+02   0.00000000000000e+00
  10.00000   2.40182555745975e+02   3.69295880306578e+20
  10.00000   2.63998594449630e+02   1.31246497820931e+21
  10.00000   2.80611481527956e+03   1.81257083982809e+32
  10.00000   3.08436374489074e+03   0.00000000000000e+00
# orbitals: 1s2
CORE 2 7 Yb
   0.00000   1.36201077860513e+02   9.93177666009988e+04
   0.00000   1.49706513889082e+02   5.95611752918420e+04
   0.00000   1.80867694671809e+02   1.09747203241986e+05
   0.00000   3.18949496146036e+02   1.16517253342114e+05
   0.00000   3.50575912648819e+02   0.00000000000000e+00
   0.00000   7.46901439326298e+02   0.00000000000000e+00
   0.00000   8.20962744617860e+02   2.08975550013017e+05
# orbitals: 1s2 2s2
CORE 4 18 Yb
   0.00000   4.37984468277391e+01   8.73897022820154e+02
   0.00000   4.81414162893207e+01   1.33474863800375e+03
   0.00000   1.64551122890339e+02   1.71103710411986e+05
   0.00000   1.80867694671809e+02   1.97281883264443e+05
   0.00000   6.18219914303503e+02   2.28982837413948e+05
   0.00000   6.79521407914031e+02   0.00000000000000e+00
   0.00000   2.11312397791623e+03   2.55860929923851e+05
   0.00000   2.32265727348537e+03   0.00000000000000e+00
   0.00000   7.93902406494456e+03   4.94771390828187e+05
   0.00000   8.72624236984067e+03   0.00000000000000e+00
   4.00000   7.72359739147144e+01   2.05544091483928e+09
   5.00000   9.33125231814321e+01   0.00000000000000e+00
   7.00000   1.23914004330566e+02   5.62608447407317e+13
   9.00000   5.62448596895102e+02   0.00000000000000e+00
  10.00000   1.80867694671809e+02   1.49171893563925e+18
  10.00000   1.98802186222063e+02   1.38112726351141e+19
  10.00000   5.62448596895102e+02   2.21654498284854e+24
  10.00000   2.11312397791623e+03   2.68021657605830e+30
# orbitals: 1s2 2s2 2p6
CORE 10 16 Yb
   0.00000   4.37984468277391e+01   1.56400523166922e+03
   0.00000   4.81414162893207e+01   1.56149195489458e+04
   0.00000   1.80867694671809e+02   1.52732971602929e+05
   0.00000   1.98802186222063e+02   2.41287022483833e+05
   0.00000   8.20962744617860e+02   0.00000000000000e+00
   0.00000   9.02367826012515e+02   2.91144100596242e+05
   0.00000   3.72636931804461e+03   0.00000000000000e+00
   0.00000   4.09586890816690e+03   3.88770656357443e+05
   3.00000   7.02683044545717e+01   2.11988929212962e+08
   4.00000   8.48945440317413e+01   5.25022535692638e+09
   8.00000   1.49706513889082e+02   1.80142863340543e+15
   9.00000   1.64551122890339e+02   0.00000000000000e+00
   9.00000   6.18219914303503e+02   2.12037517882319e+23
  10.00000   1.98802186222063e+02   3.68184984191528e+19
  10.00000   6.18219914303503e+02   2.92984600286306e+24
  10.00000   3.08436374489074e+03   3.83346644423050e+32
# orbitals: 1s2 2s2 2p6 3s2
CORE 12 19 Yb
   0.00000   3.98472685762640e+01   1.10476404772316e+04
   0.00000   4.37984468277391e+01   6.50126084698969e+03
   0.00000   1.98802186222063e+02   4.19019409387144e+05
   0.00000   9.91844878176020e+02   3.08169750494988e+05
   0.00000   4.50200736455491e+03   0.00000000000000e+00
   0.00000   4.94841772647885e+03   4.62840825183469e+05
   6.00000   5.11708563296076e+02   2.35124618552211e+17
   8.00000   1.36201077860513e+02   8.08718882363699e+15
   9.00000   4.37984468277391e+01   3.83597796031153e+10
   9.00000   6.18219914303503e+02   0.00000000000000e+00
  10.00000   4.37984468277391e+01   1.92953797886003e+10
  10.00000   5.81619781016108e+01   1.02997676965843e+13
  10.00000   6.39292076043817e+01   3.20941129386876e+13
  10.00000   1.49706513889082e+02   1.70978578398383e+18
  10.00000   2.18515027342978e+02   2.85124129517634e+20
  10.00000   2.40182555745975e+02   1.43315704653659e+19
  10.00000   6.18219914303503e+02   6.85594327248796e+24
  10.00000   3.08436374489074e+03   2.74466946278939e+32
  10.00000   3.39020330137443e+03   3.07200842266906e+32
# orbitals: 1s2 2s2 2p6 3s2 3p6
CORE 18 22 Yb
   0.00000   1.87032609821810e+01   5.46800749958933e+02
   0.00000   4.37984468277391e+01   2.99328610560620e+03
   0.00000   4.81414162893207e+01   1.92933771853268e+04
   0.00000   1.98802186222063e+02   4.09065608630997e+05
   0.00000   9.02367826012515e+02   4.11389035396283e+04
   0.00000   9.91844878176020e+02   2.70886693570018e+05
   0.00000   3.72636931804461e+03   0.00000000000000e+00
   0.00000   4.09586890816690e+03   2.74100840871978e+05
   0.00000   1.27370215263977e+04   6.70082836084119e+05
   7.00000   3.98472685762640e+01   1.14160705884414e+09
   7.00000   1.36201077860513e+02   6.59609764061078e+14
   7.00000   5.62448596895102e+02   1.46301063902185e+19
   8.00000   4.37984468277391e+01   0.00000000000000e+00
   8.00000   1.49706513889082e+02   0.00000000000000e+00
   8.00000   6.18219914303503e+02   0.00000000000000e+00
  10.00000   4.81414162893207e+01   2.48734201702358e+12
  10.00000   6.39292076043817e+01   2.01009129363841e+14
  10.00000   1.64551122890339e+02   9.10010744579778e+18
  10.00000   2.40182555745975e+02   7.41830307851978e+20
  10.00000   6.79521407914031e+02   1.80906238395197e+25
  10.00000   3.08436374489074e+03   2.96367850168856e+32
  10.00000   3.39020330137443e+03   4.75184908579537e+32
# orbitals: 1s2 2s2 2p6 3s2 3p6 3d10
CORE 28 19 Yb
   0.00000   1.87032609821810e+01   9.90187460691732e+02
   0.00000   2.05578402460776e+01   2.01136786904098e+03
   0.00000   4.81414162893207e+01   1.79465101935063e+04
   0.00000   1.98802186222063e+02   4.13841080304744e+05
   0.00000   9.02367826012515e+02   0.00000000000000e+00
   0.00000   9.91844878176020e+02   3.10226914647626e+05
   0.00000   4.50200736455491e+03   3.50636819790007e+04
   0.00000   4.94841772647885e+03   4.26533214230158e+05
   7.00000   3.98472685762640e+01   3.35533805548320e+09
   8.00000   4.37984468277391e+01   1.05995450841050e+11
   8.00000   6.18219914303503e+02   2.73931414164137e+21
   9.00000   1.64551122890339e+02   9.21032968873837e+17
  10.00000   6.39292076043817e+01   1.39059525872987e+14
  10.00000   7.02683044545717e+01   4.19406318043023e+14
  10.00000   1.64551122890339e+02   3.26870706693855e+18
  10.00000   2.40182555745975e+02   6.31731655494606e+20
  10.00000   2.63998594449630e+02   0.00000000000000e+00
  10.00000   6.79521407914031e+02   2.12536987558318e+25
  10.00000   3.39020330137443e+03   1.04809999096748e+33
# orbitals: 1s2 2s2 2p6 3s2 3p6 3d10 4s2
CORE 30 22 Yb
   0.00000   8.77881932353947e+00   0.00000000000000e+00
   0.00000   1.54809293339018e+01   1.79768112489308e+03
   0.00000   4.81414162893207e+01   1.90360530739623e+04
   0.00000   5.29150262212918e+01   9.61680852168871e+02
   0.00000   1.98802186222063e+02   4.13447870343185e+05
   0.00000   9.02367826012515e+02   6.64369262073157e+04
   0.00000   9.91844878176020e+02   2.43183500647681e+05
   0.00000   3.72636931804461e+03   2.17350756563466e+05
   0.00000   1.27370215263977e+04   9.59888686435773e+05
   0.00000   1.40000000000000e+04   0.00000000000000e+00
   7.00000   5.62448596895102e+02   1.79533488320464e+19
   9.00000   5.29150262212918e+01   3.73555288986149e+12
   9.00000   1.64551122890339e+02   7.67653634829019e+17
  10.00000   1.70159884102766e+01   8.72819727105885e+04
  10.00000   2.48369230980439e+01   2.75947232702050e+08
  10.00000   2.72997044601022e+01   1.39311225017348e+08
  10.00000   5.81619781016108e+01   1.58000724547944e+13
  10.00000   7.02683044545717e+01   5.64463020238752e+14
  10.00000   1.64551122890339e+02   7.58224843070491e+18
  10.00000   2.40182555745975e+02   8.16573238227963e+20
  10.00000   6.79521407914031e+02   1.70169116805135e+25
  10.00000   3.08436374489074e+03   3.83700418053245e+32
# orbitals: 1s2 2s2 2p6 3s2 3p6 3d10 4s2 4p6
CORE 36 26 Yb
   0.00000   8.77881932353947e+00   0.00000000000000e+00
   0.00000   9.64931010557167e+00   0.00000000000000e+00
   0.00000   1.70159884102766e+01   2.30225794717309e+03
   0.00000   5.29150262212918e+01   2.21951798938433e+04
   0.00000   1.98802186222063e+02   4.06683240301851e+05
   0.00000   8.20962744617860e+02   5.32622159888922e+04
   0.00000   9.02367826012515e+02   2.25432564282999e+05
   0.00000   3.72636931804461e+03   3.62270004005154e+05
   0.00000   4.09586890816690e+03   0.00000000000000e+00
   0.00000   1.40000000000000e+04   4.49597750182954e+05
   7.00000   5.62448596895102e+02   1.84284364413947e+19
   8.00000   6.18219914303503e+02   0.00000000000000e+00
   9.00000   1.87032609821810e+01   3.67933151558061e+06
   9.00000   5.81619781016108e+01   1.20380223622791e+12
   9.00000   1.64551122890339e+02   1.00950695651094e+18
  10.00000   1.87032609821810e+01   3.24723879527838e+06
  10.00000   2.48369230980439e+01   4.91690743156268e+08
  10.00000   2.72997044601022e+01   3.21441706596835e+09
  10.00000   5.81619781016108e+01   6.21766726072853e+13
  10.00000   7.02683044545717e+01   7.02533976085898e+14
  10.00000   1.64551122890339e+02   5.67522645638797e+18
  10.00000   2.40182555745975e+02   7.68518245597718e+20
  10.00000   2.63998594449630e+02   4.34926305433513e+20
  10.00000   6.79521407914031e+02   6.12893526318258e+24
  10.00000   2.80611481527956e+03   7.19793795352392e+31
  10.00000   3.08436374489074e+03   3.52480942369216e+31
# orbitals: 1s2 2s2 2p6 3s2 3p6 3d10 4s2 4p6 4d10
CORE 46 28 Yb
   0.00000   6.61082487051318e+00   2.55828223121435e+01
   0.00000   2.05578402460776e+01   3.28691412605572e+03
   0.00000   4.81414162893207e+01   1.65617563785696e+04
   0.00000   1.80867694671809e+02   1.36047765415090e+05
   0.00000   1.98802186222063e+02   2.62714405501328e+05
   0.00000   8.20962744617860e+02   2.73156514081318e+05
   0.00000   9.02367826012515e+02   0.00000000000000e+00
   0.00000   3.39020330137443e+03   3.60367405726873e+05
   0.00000   3.72636931804461e+03   0.00000000000000e+00
   0.00000   1.27370215263977e+04   0.00000000000000e+00
   0.00000   1.40000000000000e+04   4.30605504145092e+05
   5.00000   1.16577991740640e+01   6.52592687534014e+03
   7.00000   1.54809293339018e+01   3.95534584223765e+05
   7.00000   5.62448596895102e+02   0.00000000000000e+00
   8.00000   1.70159884102766e+01   0.00000000000000e+00
   8.00000   1.87032609821810e+01   1.06260488498702e+07
   9.00000   5.81619781016108e+01   2.55841161605711e+13
   9.00000   1.64551122890339e+02   1.30117684211751e+18
   9.00000   6.18219914303503e+02   1.14253130507085e+23
  10.00000   2.48369230980439e+01   4.43961386595738e+07
  10.00000   2.72997044601022e+01   6.31959611866458e+09
  10.00000   6.39292076043817e+01   0.00000000000000e+00
  10.00000   7.02683044545717e+01   0.00000000000000e+00
  10.00000   7.72359739147144e+01   9.41137117250339e+14
  10.00000   2.40182555745975e+02   3.26871635389902e+20
  10.00000   2.63998594449630e+02   1.25537235098734e+21
  10.00000   2.80611481527956e+03   1.12591898562328e+32
  10.00000   3.08436374489074e+03   0.00000000000000e+00
# orbitals: 1s2 2s2 2p6 3s2 3p6 3d10 4s2 4p6 4d10 5s2
CORE 48 30 Yb
   0.00000   4.12054714890490e+00   1.80930782312462e+01
   0.00000   4.52913265201838e+00   0.00000000000000e+00
   0.00000   2.05578402460776e+01   0.00000000000000e+00
   0.00000   2.25963160106620e+01   3.80573935408551e+03
   0.00000   4.81414162893207e+01   1.68716786322448e+04
   0.00000   5.29150262212918e+01   0.00000000000000e+00
   0.00000   1.80867694671809e+02   5.94117689142660e+04
   0.00000   1.98802186222063e+02   3.47547559180093e+05
   0.00000   8.20962744617860e+02   1.61268121529866e+05
   0.00000   9.02367826012515e+02   1.08746187039152e+05
   0.00000   3.39020330137443e+03   3.40718796538796e+05
   0.00000   1.27370215263977e+04   0.00000000000000e+00
   0.00000   1.40000000000000e+04   5.55460447847665e+05
   6.00000   5.11708563296076e+02   0.00000000000000e+00
   7.00000   5.62448596895102e+02   1.39333417773588e+19
   9.00000   5.81619781016108e+01   2.03976371003855e+13
   9.00000   1.64551122890339e+02   7.53906988360161e+17
   9.00000   6.18219914303503e+02   7.13186870888606e+22
  10.00000   9.64931010557167e+00   1.77005189630224e+02
  10.00000   1.06061170736052e+01   6.44713756793179e+02
  10.00000   2.05578402460776e+01   8.47686503527869e+07
  10.00000   2.48369230980439e+01   1.49089320193008e+07
  10.00000   2.72997044601022e+01   7.69408386483793e+09
  10.00000   5.81619781016108e+01   2.64456711808636e+13
  10.00000   7.72359739147144e+01   1.50706171084930e+15
  10.00000   1.64551122890339e+02   6.01778834689908e+18
  10.00000   2.40182555745975e+02   8.10995972918371e+20
  10.00000   2.63998594449630e+02   0.00000000000000e+00
  10.00000   9.91844878176020e+02   4.12231299720630e+25
  10.00000   2.80611481527956e+03   7.53382153721999e+31
# orbitals: 1s2 2s2 2p6 3s2 3p6 3d10 4s2 4p6 4d10 5s2 5p6
CORE 54 30 Yb
   0.00000   2.82302208904797e+00   1.96709225587952e+00
   0.00000   3.10294751129698e+00   8.46812004832036e+00
   0.00000   6.61082487051318e+00   0.00000000000000e+00
   0.00000   2.05578402460776e+01   3.18097131608832e+03
   0.00000   4.81414162893207e+01   1.77865494472379e+04
   0.00000   5.29150262212918e+01   0.00000000000000e+00
   0.00000   1.80867694671809e+02   6.03768366035318e+04
   0.00000   1.98802186222063e+02   3.45956024552953e+05
   0.00000   8.20962744617860e+02   1.60332239321609e+05
   0.00000   9.02367826012515e+02   1.10788628655247e+05
   0.00000   3.39020330137443e+03   3.37072828372587e+05
   0.00000   1.27370215263977e+04   0.00000000000000e+00
   0.00000   1.40000000000000e+04   5.78411430629844e+05
   7.00000   5.62448596895102e+02   1.34601718037293e+19
   9.00000   6.61082487051318e+00   1.11994928443462e+01
   9.00000   2.05578402460776e+01   4.98789076135060e+07
   9.00000   5.81619781016108e+01   2.33539212372948e+13
   9.00000   1.64551122890339e+02   9.45567892202965e+17
   9.00000   6.18219914303503e+02   7.08253185231567e+22
  10.00000   6.61082487051318e+00   0.00000000000000e+00
  10.00000   9.64931010557167e+00   2.01799747330270e+03
  10.00000   1.06061170736052e+01   2.52946784613974e+03
  10.00000   2.72997044601022e+01   7.23833841014669e+09
  10.00000   3.00066904691434e+01   9.19706108227690e+08
  10.00000   6.39292076043817e+01   3.58516874219601e+13
  10.00000   7.72359739147144e+01   1.12130378156023e+15
  10.00000   1.64551122890339e+02   3.83465887183337e+18
  10.00000   2.40182555745975e+02   6.89151163051809e+20
  10.00000   2.63998594449630e+02   2.91523363616977e+20
  10.00000   2.80611481527956e+03   7.79746638556672e+31
# orbitals: 1s2 2s2 2p6 3s2 3p6 3d10 4s2 4p6 4d10 5s2 5p6 6s2
CORE 56 35 Yb
   0.00000   9.97820896263310e-01   1.72923131511098e-02
   0.00000   1.09676289065967e+00   5.25260773843629e-02
   0.00000   2.82302208904797e+00   8.45203685884559e+00
   0.00000   2.05578402460776e+01   2.72375123541104e+03
   0.00000   2.25963160106620e+01   5.85096375449397e+02
   0.00000   4.81414162893207e+01   1.73279217564661e+04
   0.00000   1.80867694671809e+02   8.61828733010232e+04
   0.00000   1.98802186222063e+02   3.17342660573711e+05
   0.00000   8.20962744617860e+02   2.60676266519257e+05
   0.00000   9.02367826012515e+02   0.00000000000000e+00
   0.00000   3.08436374489074e+03   3.18905629037644e+05
   0.00000   3.39020330137443e+03   0.00000000000000e+00
   0.00000   1.15879798117084e+04   0.00000000000000e+00
   0.00000   1.27370215263977e+04   5.68358432699833e+05
   7.00000   5.62448596895102e+02   9.93369231740815e+18
   9.00000   2.33665164113533e+00   1.69793617516245e-05
   9.00000   2.05578402460776e+01   4.28232325151992e+07
   9.00000   5.81619781016108e+01   2.59964816514870e+13
   9.00000   1.64551122890339e+02   9.95127504230164e+17
   9.00000   6.18219914303503e+02   7.31510258707872e+22
  10.00000   2.33665164113533e+00   0.00000000000000e+00
  10.00000   3.41062979819302e+00   1.05850955254241e-03
  10.00000   9.64931010557167e+00   1.74002600927662e+03
  10.00000   1.06061170736052e+01   2.80904805846376e+03
  10.00000   2.05578402460776e+01   1.17926880021079e+07
  10.00000   2.72997044601022e+01   7.30827526830931e+09
  10.00000   3.00066904691434e+01   1.53491885871843e+09
  10.00000   6.39292076043817e+01   0.00000000000000e+00
  10.00000   7.72359739147144e+01   1.12581573942703e+15
  10.00000   1.64551122890339e+02   3.39592800218690e+18
  10.00000   2.40182555745975e+02   6.32465024866083e+20
  10.00000   2.63998594449630e+02   4.86215282619425e+20
  10.00000   6.18219914303503e+02   0.00000000000000e+00
  10.00000   9.91844878176020e+02   0.00000000000000e+00
  10.00000   2.80611481527956e+03   7.41945637718674e+31
# orbitals: 1s2 2s2 2p6 3s2 3p6 3d10 4s2 4p6 4d10 4f13
CORE 59 29 Yb
   0.00000   1.45644203960235e+00   0.00000000000000e+00
   0.00000   1.60086002148728e+00   4.59796868114571e-02
   0.00000   2.33665164113533e+00   6.47657159225412e-01
   0.00000   4.52913265201838e+00   2.49292249325628e+01
   0.00000   4.97823270509858e+00   3.26224028935445e+01
   0.00000   2.05578402460776e+01   3.47822567431500e+03
   0.00000   5.29150262212918e+01   1.95173943700192e+04
   0.00000   1.98802186222063e+02   4.10333284447973e+05
   0.00000   9.02367826012515e+02   2.79457952037485e+05
   0.00000   3.72636931804461e+03   3.56933232695258e+05
   0.00000   4.09586890816690e+03   0.00000000000000e+00
   0.00000   1.27370215263977e+04   3.63502613624977e+05
   6.00000   5.11708563296076e+02   9.32981489570880e+16
   7.00000   5.62448596895102e+02   0.00000000000000e+00
   8.00000   1.70159884102766e+01   5.03325510812440e+06
   9.00000   5.81619781016108e+01   1.49652665100256e+13
   9.00000   1.64551122890339e+02   1.35846630750566e+18
   9.00000   6.18219914303503e+02   1.45684577831238e+23
  10.00000   3.10294751129698e+00   1.99301074930227e-06
  10.00000   7.98685790716270e+00   1.65652808203749e+01
  10.00000   1.87032609821810e+01   0.00000000000000e+00
  10.00000   2.48369230980439e+01   6.19816941630480e+08
  10.00000   2.72997044601022e+01   6.48080348524699e+09
  10.00000   6.39292076043817e+01   1.40649677618350e+14
  10.00000   7.72359739147144e+01   8.03332790230289e+14
  10.00000   1.80867694671809e+02   0.00000000000000e+00
  10.00000   2.40182555745975e+02   3.68934909945867e+20
  10.00000   2.63998594449630e+02   1.06063670498832e+21
  10.00000   3.08436374489074e+03   2.28204102285800e+32
# orbitals: 1s2 2s2 2p6 3s2 3p6 3d10 4s2 4p6 4d10 4f14
CORE 60 29 Yb
   0.00000   1.45644203960235e+00   0.00000000000000e+00
   0.00000   1.60086002148728e+00   4.72793274592709e-02
   0.00000   2.33665164113533e+00   7.19747349541838e-01
   0.00000   4.52913265201838e+00   2.86760039937904e+01
   0.00000   4.97823270509858e+00   3.12632005155336e+01
   0.00000   2.05578402460776e+01   3.46857954798406e+03
   0.00000   5.29150262212918e+01   1.95311129625905e+04
   0.00000   1.98802186222063e+02   4.10319041624500e+05
   0.00000   9.02367826012515e+02   2.79473244877045e+05
   0.00000   3.72636931804461e+03   3.56924419191002e+05
   0.00000   4.09586890816690e+03   0.00000000000000e+00
   0.00000   1.27370215263977e+04   3.63441881197428e+05
   6.00000   5.11708563296076e+02   9.32644342946277e+16
   7.00000   5.62448596895102e+02   0.00000000000000e+00
   8.00000   1.70159884102766e+01   5.11115065584342e+06
   9.00000   5.81619781016108e+01   1.46224927460540e+13
   9.00000   1.64551122890339e+02   1.35901243821417e+18
   9.00000   6.18219914303503e+02   1.45523935978545e+23
  10.00000   3.10294751129698e+00   2.46193020571048e-06
  10.00000   7.98685790716270e+00   1.64755639747608e+01
  10.00000   1.87032609821810e+01   0.00000000000000e+00
  10.00000   2.48369230980439e+01   6.14484866136112e+08
  10.00000   2.72997044601022e+01   6.55057635095872e+09
  10.00000   6.39292076043817e+01   1.44927102075346e+14
  10.00000   7.72359739147144e+01   8.01771551242836e+14
  10.00000   1.80867694671809e+02   0.00000000000000e+00
  10.00000   2.40182555745975e+02   3.69133395966237e+20
  10.00000   2.63998594449630e+02   1.06129090579845e+21
  10.00000   3.08436374489074e+03   2.28595741327099e+32
# orbitals: 1s2 2s2 2p6 3s2 3p6 3d10 4s2 4p6 4d10 4f13 5s2
CORE 61 29 Yb
   0.00000   1.60086002148728e+00   1.59275069062257e-02
   0.00000   1.75959821174618e+00   1.27023109536075e-01
   0.00000   3.41062979819302e+00   5.56438834275017e+00
   0.00000   4.12054714890490e+00   3.50360822487764e+01
   0.00000   4.52913265201838e+00   3.70021938069456e+00
   0.00000   2.05578402460776e+01   3.50439526160170e+03
   0.00000   5.29150262212918e+01   1.94815268630653e+04
   0.00000   1.98802186222063e+02   4.10757470088590e+05
   0.00000   9.02367826012515e+02   2.79692704466980e+05
   0.00000   3.72636931804461e+03   3.58871000423060e+05
   0.00000   1.27370215263977e+04   0.00000000000000e+00
   0.00000   1.40000000000000e+04   4.36123745065644e+05
   6.00000   5.11708563296076e+02   9.30715940998668e+16
   7.00000   5.62448596895102e+02   0.00000000000000e+00
   8.00000   1.87032609821810e+01   7.55246463721474e+06
   9.00000   1.87032609821810e+01   1.14839643759365e+07
   9.00000   5.81619781016108e+01   1.61495271213879e+13
   9.00000   1.64551122890339e+02   1.36676813755399e+18
   9.00000   6.18219914303503e+02   1.45615464857520e+23
  10.00000   8.77881932353947e+00   2.24242286850687e+00
  10.00000   2.48369230980439e+01   0.00000000000000e+00
  10.00000   2.72997044601022e+01   7.84210547200016e+09
  10.00000   6.39292076043817e+01   1.27683173367526e+14
  10.00000   7.72359739147144e+01   8.37307349082032e+14
  10.00000   1.80867694671809e+02   0.00000000000000e+00
  10.00000   2.40182555745975e+02   3.67016712904040e+20
  10.00000   2.63998594449630e+02   1.08169482975681e+21
  10.00000   2.80611481527956e+03   0.00000000000000e+00
  10.00000   3.08436374489074e+03   2.28824737955391e+32
# orbitals: 1s2 2s2 2p6 3s2 3p6 3d10 4s2 4p6 4d10 4f14 5s2
CORE 62 29 Yb
   0.00000   1.60086002148728e+00   5.94881545932158e-02
   0.00000   1.75959821174618e+00   4.37378262309229e-02
   0.00000   3.10294751129698e+00   0.00000000000000e+00
   0.00000   3.41062979819302e+00   1.17897058885938e+01
   0.00000   4.52913265201838e+00   4.19589998553904e+01
   0.00000   2.05578402460776e+01   3.49244477113129e+03
   0.00000   5.29150262212918e+01   1.95084592787639e+04
   0.00000   1.98802186222063e+02   4.10637681054892e+05
   0.00000   9.02367826012515e+02   2.79824674709387e+05
   0.00000   3.72636931804461e+03   3.59522082572750e+05
   0.00000   1.27370215263977e+04   0.00000000000000e+00
   0.00000   1.40000000000000e+04   4.29330193566309e+05
   6.00000   5.11708563296076e+02   9.58434087003784e+16
   7.00000   5.62448596895102e+02   0.00000000000000e+00
   8.00000   1.87032609821810e+01   2.02342757137978e+06
   9.00000   1.87032609821810e+01   1.61172678245697e+07
   9.00000   5.81619781016108e+01   1.20145645961756e+13
   9.00000   1.64551122890339e+02   1.35415964619938e+18
   9.00000   6.18219914303503e+02   1.39723370372140e+23
  10.00000   8.77881932353947e+00   0.00000000000000e+00
  10.00000   2.48369230980439e+01   3.78295287573478e+08
  10.00000   2.72997044601022e+01   7.31363083714685e+09
  10.00000   6.39292076043817e+01   1.86475155499188e+14
  10.00000   7.72359739147144e+01   8.24970864738303e+14
  10.00000   1.80867694671809e+02   0.00000000000000e+00
  10.00000   2.40182555745975e+02   3.92325728898533e+20
  10.00000   2.63998594449630e+02   1.01108152862027e+21
  10.00000   2.80611481527956e+03   0.00000000000000e+00
  10.00000   3.08436374489074e+03   2.37630119592634e+32
# orbitals: 1s2 2s2 2p6 3s2 3p6 3d10 4s2 4p6 4d10 4f14 5s2 5p6
CORE 68 29 Yb
   0.00000   2.82302208904797e+00   7.39964233536543e+00
   0.00000   3.10294751129698e+00   1.29609866305903e+01
   0.00000   5.47186465273187e+00   2.93441478218927e+01
   0.00000   2.05578402460776e+01   3.50467046852200e+03
   0.00000   5.29150262212918e+01   1.85459735714581e+04
   0.00000   1.80867694671809e+02   1.00224719372038e+05
   0.00000   1.98802186222063e+02   2.99813947337847e+05
   0.00000   9.02367826012515e+02   3.11785983741418e+05
   0.00000   3.72636931804461e+03   0.00000000000000e+00
   0.00000   4.09586890816690e+03   3.07632596910000e+05
   0.00000   1.40000000000000e+04   7.88587354438584e+05
   7.00000   5.62448596895102e+02   0.00000000000000e+00
   9.00000   2.05578402460776e+01   2.73406847223647e+07
   9.00000   5.81619781016108e+01   1.24709580748842e+13
   9.00000   1.64551122890339e+02   1.40659044522684e+18
   9.00000   6.18219914303503e+02   1.13285576857591e+23
  10.00000   3.10294751129698e+00   0.00000000000000e+00
  10.00000   3.41062979819302e+00   6.21122995978608e-05
  10.00000   8.77881932353947e+00   0.00000000000000e+00
  10.00000   9.64931010557167e+00   1.66183646696544e+03
  10.00000   2.05578402460776e+01   4.92500270783591e+07
  10.00000   2.72997044601022e+01   8.83606792104264e+09
  10.00000   6.39292076043817e+01   1.82019448502626e+14
  10.00000   7.72359739147144e+01   8.85209740032353e+14
  10.00000   1.80867694671809e+02   0.00000000000000e+00
  10.00000   2.40182555745975e+02   3.26994930014667e+20
  10.00000   2.63998594449630e+02   1.46424114436203e+21
  10.00000   2.80611481527956e+03   1.94113571670040e+32
  10.00000   3.08436374489074e+03   0.00000000000000e+00
