# Free-atom, free-ion and frozen-core density fits -- Ac (Z = 89)
#
#   rho(r) = sum_i c_i r^n_i exp(-alpha_i r)      r in bohr, rho in e/bohr^3
#
# All-electron B86BPBE densities (scalar-relativistic, spin-restricted),
# fitted with rhofit.py (monotone decay imposed).  Two kinds of block:
#
#   STATE <N> <q> <nterm> <symbol>
#     the atom or ion with N electrons (charge q), in order of increasing N;
#   CORE <N_core> <nterm> <symbol>
#     the frozen core of the neutral atom with N_core electrons, for a
#     pseudopotential with Z - N_core valence electrons, in order of
#     increasing N_core, each preceded by a '# orbitals:' comment.
#
# Each block header is followed by nterm lines:   n   alpha   c
#
# Generated 2026-09-23 by combine_fits.py from
#   /home/alberto/doc/manuals/critic2/atomic_density_fits/15_rhofit/rho_b86bpbe_mono/fit_089_Ac.dat
#     recipe: --npow 0,1,2,3,4,5,6,7,8,9,10 --amin 0.2 --ratio 1.1 --mom 3 --cusp none --targetz 1e-3 --besteffort --monotone --stats
#   /home/alberto/doc/manuals/critic2/atomic_density_fits/15_rhofit/core_b86bpbe_mono/core_089_Ac.dat
#     recipe: --npow 0,1,2,3,4,5,6,7,8,9,10 --amin 0.2 --ratio 1.1 --mom 3 --cusp none --besteffort --monotone --stats --target 1e-3*N_core
#
STATE 86 +3 29 Ac
   0.00000   2.59802153823205e+00   0.00000000000000e+00
   0.00000   2.85685148466925e+00   1.33974313232504e+01
   0.00000   6.71570969623303e+00   1.23208069821098e+02
   0.00000   1.07973330585860e+01   1.41139779240775e+02
   0.00000   2.53817024455502e+01   0.00000000000000e+00
   0.00000   2.79103745861735e+01   9.37178573204304e+03
   0.00000   6.56099815617689e+01   1.04712421490588e+03
   0.00000   7.21464277626476e+01   4.63111622088601e+04
   0.00000   2.72673960729431e+02   8.01417683635549e+05
   0.00000   2.99839319296259e+02   3.38116449001625e+05
   0.00000   9.37189866169307e+02   1.21842382425872e+06
   0.00000   2.66392300219102e+03   0.00000000000000e+00
   0.00000   2.92931843399299e+03   1.88089030392334e+06
   0.00000   8.32646514729426e+03   2.45612188057211e+06
   0.00000   1.78000000000000e+04   3.74435207737033e+06
   9.00000   5.55395147430095e+00   4.24648142665622e-01
  10.00000   5.55395147430095e+00   8.52873652765230e-01
  10.00000   7.38476757561714e+00   1.12387452420308e+02
  10.00000   1.57868748046943e+01   3.04052503763632e+06
  10.00000   1.73596546681323e+01   8.13351685530417e+06
  10.00000   3.71108084435046e+01   5.77135443381270e+11
  10.00000   4.08080020272845e+01   7.89728714111061e+11
  10.00000   8.72377921766363e+01   1.37465118765460e+16
  10.00000   9.59289260814550e+01   3.56229285964556e+16
  10.00000   2.47969776059997e+02   3.30801338498019e+21
  10.00000   3.29711048152683e+02   1.22401073690632e+22
  10.00000   3.62558771575016e+02   1.08755771589711e+23
  10.00000   8.52280726102416e+02   4.86622411676478e+26
  10.00000   9.37189866169307e+02   0.00000000000000e+00
STATE 87 +2 32 Ac
   0.00000   1.21529976348365e+00   1.30515469138179e-02
   0.00000   2.14858685160605e+00   3.29342702530219e+00
   0.00000   2.36264151263680e+00   3.72672936138736e+00
   0.00000   6.71570969623303e+00   3.78287181842252e+01
   0.00000   7.38476757561714e+00   1.81973785061469e+02
   0.00000   2.79103745861735e+01   8.76255295546072e+03
   0.00000   7.21464277626476e+01   4.96642807448982e+04
   0.00000   2.72673960729431e+02   8.97388014753736e+05
   0.00000   2.99839319296259e+02   2.06787298986324e+05
   0.00000   8.52280726102416e+02   1.06345213816994e+06
   0.00000   9.37189866169307e+02   0.00000000000000e+00
   0.00000   2.42257232237095e+03   1.65972550081115e+06
   0.00000   2.66392300219102e+03   0.00000000000000e+00
   0.00000   6.26218535749459e+03   0.00000000000000e+00
   0.00000   6.88606051665247e+03   2.32519038666817e+06
   0.00000   1.78000000000000e+04   4.88241661641037e+06
   9.00000   8.72377921766363e+01   2.05714111897719e+15
   9.00000   2.25503783620392e+02   5.37131884416317e+19
  10.00000   3.14146756882194e+00   1.65027216546199e-04
  10.00000   3.45443875501376e+00   4.62352865602591e-04
  10.00000   7.38476757561714e+00   5.26664106012346e+01
  10.00000   8.12048087434092e+00   4.07669469155128e+01
  10.00000   1.57868748046943e+01   3.45426895319770e+06
  10.00000   1.73596546681323e+01   8.11033012824836e+06
  10.00000   3.71108084435046e+01   5.57712272917652e+11
  10.00000   4.08080020272845e+01   8.23241012055328e+11
  10.00000   8.72377921766363e+01   1.06971740244028e+16
  10.00000   2.47969776059997e+02   1.84892458588430e+20
  10.00000   3.29711048152683e+02   2.43055900893213e+22
  10.00000   3.62558771575016e+02   6.78233732692174e+22
  10.00000   9.37189866169307e+02   7.30972295103103e+26
  10.00000   3.22115409517225e+03   0.00000000000000e+00
STATE 88 +1 31 Ac
   0.00000   1.21529976348365e+00   1.30109064279560e-01
   0.00000   2.36264151263680e+00   7.59406700930018e+00
   0.00000   2.59802153823205e+00   0.00000000000000e+00
   0.00000   6.71570969623303e+00   2.74493874628574e+01
   0.00000   7.38476757561714e+00   1.92317955753455e+02
   0.00000   2.79103745861735e+01   8.75843479348588e+03
   0.00000   7.21464277626476e+01   4.96712487579879e+04
   0.00000   2.72673960729431e+02   8.97326081857960e+05
   0.00000   2.99839319296259e+02   2.06871455864965e+05
   0.00000   8.52280726102416e+02   1.06346141344492e+06
   0.00000   9.37189866169307e+02   0.00000000000000e+00
   0.00000   2.42257232237095e+03   1.65982180129925e+06
   0.00000   6.26218535749459e+03   0.00000000000000e+00
   0.00000   6.88606051665247e+03   2.32482634823202e+06
   0.00000   1.78000000000000e+04   4.88394492106193e+06
   9.00000   2.59802153823205e+00   3.95688205304534e-05
   9.00000   8.72377921766363e+01   2.05894376696833e+15
   9.00000   2.25503783620392e+02   5.39071117428646e+19
  10.00000   3.14146756882194e+00   2.87315759758098e-04
  10.00000   3.45443875501376e+00   7.97794699603108e-04
  10.00000   7.38476757561714e+00   4.28337125746179e+01
  10.00000   8.12048087434092e+00   7.34003539420841e+01
  10.00000   1.57868748046943e+01   3.35756273066019e+06
  10.00000   1.73596546681323e+01   8.22889855784526e+06
  10.00000   3.71108084435046e+01   5.57206134164714e+11
  10.00000   4.08080020272845e+01   8.24764743331033e+11
  10.00000   8.72377921766363e+01   1.06852164161500e+16
  10.00000   2.47969776059997e+02   1.73921543351318e+20
  10.00000   3.29711048152683e+02   2.43401292367368e+22
  10.00000   3.62558771575016e+02   6.77291492436744e+22
  10.00000   9.37189866169307e+02   7.30143431520288e+26
STATE 89 +0 32 Ac
   0.00000   1.00506368178834e+00   8.35290745286823e-02
   0.00000   1.10519394441129e+00   6.19381338699261e-02
   0.00000   2.36264151263680e+00   7.58295180881795e+00
   0.00000   6.71570969623303e+00   1.82228078349913e+01
   0.00000   7.38476757561714e+00   2.03606142716639e+02
   0.00000   2.79103745861735e+01   8.74683362441962e+03
   0.00000   7.21464277626476e+01   4.96953061399094e+04
   0.00000   2.72673960729431e+02   8.97146233852822e+05
   0.00000   2.99839319296259e+02   2.07028311896817e+05
   0.00000   8.52280726102416e+02   1.06340799373798e+06
   0.00000   9.37189866169307e+02   0.00000000000000e+00
   0.00000   2.42257232237095e+03   1.66003073684628e+06
   0.00000   2.66392300219102e+03   0.00000000000000e+00
   0.00000   6.26218535749459e+03   0.00000000000000e+00
   0.00000   6.88606051665247e+03   2.32327723747717e+06
   0.00000   1.78000000000000e+04   4.88915942443054e+06
   8.00000   2.14858685160605e+00   4.14720884568742e-05
   9.00000   8.72377921766363e+01   2.06274152956440e+15
   9.00000   2.25503783620392e+02   5.46289149086048e+19
  10.00000   2.85685148466925e+00   1.11025774883703e-05
  10.00000   3.14146756882194e+00   3.26246067782183e-04
  10.00000   7.38476757561714e+00   5.57751216139559e+01
  10.00000   1.57868748046943e+01   3.41297927687720e+06
  10.00000   1.73596546681323e+01   8.17849714049050e+06
  10.00000   3.71108084435046e+01   5.59621894131015e+11
  10.00000   4.08080020272845e+01   8.17190490860133e+11
  10.00000   8.72377921766363e+01   1.06459842571709e+16
  10.00000   2.47969776059997e+02   1.31264728535224e+20
  10.00000   3.29711048152683e+02   2.44690616961031e+22
  10.00000   3.62558771575016e+02   6.72756028509109e+22
  10.00000   9.37189866169307e+02   7.27764960400817e+26
  10.00000   3.22115409517225e+03   0.00000000000000e+00
STATE 90 -1 41 Ac
   0.00000   1.33637496169070e+00   4.01438210696526e-01
   0.00000   2.59802153823205e+00   7.41007819402932e+00
   0.00000   4.59316712218695e+00   3.21671058218135e+01
   0.00000   5.05076502224968e+00   0.00000000000000e+00
   0.00000   1.07973330585860e+01   1.24231573248261e+02
   0.00000   2.79103745861735e+01   7.34729906591350e+03
   0.00000   6.56099815617689e+01   4.69184401338085e+04
   0.00000   2.72673960729431e+02   8.50719014560453e+05
   0.00000   2.99839319296259e+02   2.82522686835071e+05
   0.00000   9.37189866169307e+02   1.22696761594030e+06
   0.00000   1.03055814633651e+03   0.00000000000000e+00
   0.00000   2.66392300219102e+03   9.83366863833239e+05
   0.00000   2.92931843399299e+03   6.28304205128226e+05
   0.00000   6.26218535749459e+03   1.34554432056820e+06
   0.00000   1.78000000000000e+04   6.52592130943248e+06
   3.00000   1.61873249725071e+04   3.06869698827449e+17
   3.00000   1.78000000000000e+04   0.00000000000000e+00
   7.00000   2.05073203819843e+02   2.54600124615229e+16
   9.00000   2.36264151263680e+00   1.86206928169061e-05
   9.00000   7.93340725756882e+01   6.74697896534000e+14
   9.00000   2.25503783620392e+02   0.00000000000000e+00
   9.00000   8.52280726102416e+02   0.00000000000000e+00
  10.00000   1.21529976348365e+00   3.41906415770629e-10
  10.00000   1.33637496169070e+00   4.09230698013799e-09
  10.00000   2.36264151263680e+00   1.25642119635822e-05
  10.00000   3.45443875501376e+00   1.08879480109052e-03
  10.00000   6.71570969623303e+00   9.00829727135690e+00
  10.00000   7.38476757561714e+00   5.36487211083794e+01
  10.00000   1.57868748046943e+01   1.71187790941099e+06
  10.00000   1.73596546681323e+01   1.34622394343607e+07
  10.00000   3.37485795655882e+01   1.09614056026739e+11
  10.00000   4.08080020272845e+01   2.01641555565778e+12
  10.00000   8.72377921766363e+01   8.35616793679260e+15
  10.00000   1.05485921061696e+02   6.93369768398352e+16
  10.00000   1.15995039210445e+02   4.94943711207474e+16
  10.00000   2.25503783620392e+02   5.58623104115204e+20
  10.00000   3.29711048152683e+02   3.41150182551564e+22
  10.00000   8.52280726102416e+02   1.16652472305914e+26
  10.00000   9.37189866169307e+02   7.94546055005120e+26
  10.00000   2.92931843399299e+03   2.00726568152353e+32
  10.00000   3.22115409517225e+03   0.00000000000000e+00
# orbitals: 1s2
CORE 2 10 Ac
   0.00000   1.40258519208357e+02   0.00000000000000e+00
   0.00000   1.54231884894448e+02   2.74163101486163e+04
   0.00000   1.86493628841853e+02   1.02330541377447e+05
   0.00000   2.05073203819843e+02   3.82127315903610e+05
   0.00000   3.62558771575016e+02   4.95332923041089e+05
   0.00000   3.98678975370923e+02   0.00000000000000e+00
   0.00000   7.75064330405850e+02   6.81474771911807e+05
   0.00000   8.52280726102416e+02   0.00000000000000e+00
   0.00000   2.00348879418952e+03   0.00000000000000e+00
   0.00000   2.20308794672021e+03   1.74245967468678e+06
# orbitals: 1s2 2s2
CORE 4 17 Ac
   0.00000   5.96657355607052e+01   1.66360397455997e+03
   0.00000   6.56099815617689e+01   8.21768622757441e+03
   0.00000   2.47969776059997e+02   9.94671587318501e+05
   0.00000   7.04843718588658e+02   1.74517614298878e+05
   0.00000   7.75064330405850e+02   8.59559513451675e+05
   0.00000   2.00348879418952e+03   0.00000000000000e+00
   0.00000   2.20308794672021e+03   1.48447689027560e+06
   0.00000   6.26218535749459e+03   2.39020412587238e+06
   0.00000   6.88606051665247e+03   0.00000000000000e+00
   0.00000   1.78000000000000e+04   4.45883774331900e+06
   4.00000   1.05485921061696e+02   9.98964052817138e+09
   5.00000   1.15995039210445e+02   8.26790485572081e+10
   5.00000   1.27551136549904e+02   3.99742462847947e+11
  10.00000   2.47969776059997e+02   4.13843841536857e+20
  10.00000   2.72673960729431e+02   2.68993918461596e+19
  10.00000   7.04843718588658e+02   3.66391957358377e+25
  10.00000   7.75064330405850e+02   9.93204758292574e+25
# orbitals: 1s2 2s2 2p6
CORE 10 15 Ac
   0.00000   5.96657355607052e+01   1.09293577896791e+04
   0.00000   6.56099815617689e+01   3.21627197076007e+04
   0.00000   2.72673960729431e+02   1.09280333263408e+06
   0.00000   2.99839319296259e+02   0.00000000000000e+00
   0.00000   8.52280726102416e+02   0.00000000000000e+00
   0.00000   9.37189866169307e+02   1.19247719693621e+06
   0.00000   2.92931843399299e+03   1.81371030349095e+06
   0.00000   1.00681691195490e+04   4.29688611369821e+06
   3.00000   9.59289260814550e+01   1.62487565277661e+09
   4.00000   1.05485921061696e+02   4.29138722849591e+09
   4.00000   1.15995039210445e+02   2.05871746844767e+10
  10.00000   2.47969776059997e+02   3.87130367331846e+20
  10.00000   2.72673960729431e+02   1.24770791468390e+21
  10.00000   8.52280726102416e+02   9.17437903195155e+26
  10.00000   9.37189866169307e+02   0.00000000000000e+00
# orbitals: 1s2 2s2 2p6 3s2
CORE 12 19 Ac
   0.00000   2.79103745861735e+01   8.16647660599163e+01
   0.00000   5.42600365867869e+01   4.19299903230252e+04
   0.00000   2.72673960729431e+02   8.12277359264982e+05
   0.00000   2.99839319296259e+02   3.65270382802755e+05
   0.00000   1.03055814633651e+03   1.37235375257899e+06
   0.00000   1.13322831511356e+03   0.00000000000000e+00
   0.00000   3.54206411445051e+03   3.60968873874382e+05
   0.00000   3.89494504770260e+03   2.21453818609489e+06
   0.00000   1.33870613029138e+04   3.89090532714996e+06
   7.00000   1.86493628841853e+02   0.00000000000000e+00
   8.00000   1.86493628841853e+02   3.56026115768080e+17
   9.00000   5.96657355607052e+01   1.41409001261876e+12
  10.00000   5.96657355607052e+01   0.00000000000000e+00
  10.00000   7.93340725756882e+01   5.73513083654401e+14
  10.00000   8.72377921766363e+01   1.83517949773976e+15
  10.00000   2.99839319296259e+02   9.09986463685034e+21
  10.00000   3.29711048152683e+02   1.18003617338889e+22
  10.00000   8.52280726102416e+02   5.11526108292205e+26
  10.00000   9.37189866169307e+02   1.20226678202475e+27
# orbitals: 1s2 2s2 2p6 3s2 3p6
CORE 18 22 Ac
   0.00000   2.53817024455502e+01   1.12551364211767e+03
   0.00000   2.79103745861735e+01   4.46606691234680e+01
   0.00000   5.96657355607052e+01   2.88006790456872e+04
   0.00000   6.56099815617689e+01   2.54634930924274e+04
   0.00000   2.72673960729431e+02   7.75066300817509e+05
   0.00000   2.99839319296259e+02   3.58297069206244e+05
   0.00000   9.37189866169307e+02   1.20887954533882e+06
   0.00000   1.03055814633651e+03   0.00000000000000e+00
   0.00000   3.22115409517225e+03   2.36165220893844e+06
   0.00000   3.54206411445051e+03   0.00000000000000e+00
   0.00000   1.21741972886034e+04   0.00000000000000e+00
   0.00000   1.33870613029138e+04   4.84127688502003e+06
   7.00000   5.42600365867869e+01   1.37731101150521e+09
   7.00000   1.86493628841853e+02   1.40900077559869e+16
   8.00000   5.96657355607052e+01   0.00000000000000e+00
   8.00000   2.05073203819843e+02   0.00000000000000e+00
  10.00000   6.56099815617689e+01   1.63151143002244e+14
  10.00000   8.72377921766363e+01   1.21925941123357e+16
  10.00000   2.25503783620392e+02   4.98157976225395e+20
  10.00000   3.29711048152683e+02   4.06110548013320e+22
  10.00000   9.37189866169307e+02   1.39925140358143e+27
  10.00000   3.54206411445051e+03   0.00000000000000e+00
# orbitals: 1s2 2s2 2p6 3s2 3p6 3d10
CORE 28 20 Ac
   0.00000   2.53817024455502e+01   1.37064171716380e+03
   0.00000   2.79103745861735e+01   6.44155828355455e+03
   0.00000   6.56099815617689e+01   4.62835851338322e+04
   0.00000   2.72673960729431e+02   4.78115738095056e+05
   0.00000   2.99839319296259e+02   7.25370023450813e+05
   0.00000   1.13322831511356e+03   1.48708700370122e+06
   0.00000   3.89494504770260e+03   2.27069524592414e+06
   0.00000   4.28298202246868e+03   0.00000000000000e+00
   0.00000   1.33870613029138e+04   0.00000000000000e+00
   0.00000   1.47207578519973e+04   5.43611980154716e+06
   7.00000   5.42600365867869e+01   2.92917869120128e+10
   8.00000   5.96657355607052e+01   3.86970342058492e+12
   9.00000   2.25503783620392e+02   3.96275483937848e+19
   9.00000   9.37189866169307e+02   0.00000000000000e+00
  10.00000   8.72377921766363e+01   8.54411261240818e+15
  10.00000   9.59289260814550e+01   2.35922439957065e+16
  10.00000   2.25503783620392e+02   1.52277144440484e+20
  10.00000   3.29711048152683e+02   3.24115202641844e+22
  10.00000   9.37189866169307e+02   2.87244001502714e+27
  10.00000   3.89494504770260e+03   1.20276504311648e+34
# orbitals: 1s2 2s2 2p6 3s2 3p6 3d10 4s2
CORE 30 24 Ac
   0.00000   2.09908930096850e+01   5.00269615411462e+03
   0.00000   7.21464277626476e+01   5.73926582805900e+04
   0.00000   2.72673960729431e+02   4.54639727501724e+05
   0.00000   2.99839319296259e+02   7.37673566623715e+05
   0.00000   1.13322831511356e+03   1.54828291861005e+06
   0.00000   3.89494504770260e+03   2.07586579675952e+06
   0.00000   1.33870613029138e+04   5.48587116234668e+06
   0.00000   1.47207578519973e+04   0.00000000000000e+00
   9.00000   7.21464277626476e+01   3.02173359262247e+13
   9.00000   2.25503783620392e+02   2.81138368564697e+19
   9.00000   9.37189866169307e+02   0.00000000000000e+00
  10.00000   1.43565883575208e+01   0.00000000000000e+00
  10.00000   1.57868748046943e+01   1.16208699795035e+03
  10.00000   3.37485795655882e+01   7.08430689676861e+09
  10.00000   3.71108084435046e+01   2.87650052138262e+10
  10.00000   7.93340725756882e+01   3.04038801759083e+15
  10.00000   8.72377921766363e+01   0.00000000000000e+00
  10.00000   9.59289260814550e+01   3.03836060796777e+16
  10.00000   2.25503783620392e+02   6.18045259990003e+20
  10.00000   3.29711048152683e+02   5.51727276786238e+22
  10.00000   3.62558771575016e+02   0.00000000000000e+00
  10.00000   9.37189866169307e+02   1.90026651031933e+27
  10.00000   3.54206411445051e+03   5.33680496980437e+33
  10.00000   3.89494504770260e+03   0.00000000000000e+00
# orbitals: 1s2 2s2 2p6 3s2 3p6 3d10 4s2 4p6
CORE 36 25 Ac
   0.00000   1.57868748046943e+01   1.56147450230237e+02
   0.00000   2.30821272944719e+01   5.13878166343170e+03
   0.00000   7.21464277626476e+01   5.94240118364409e+04
   0.00000   2.72673960729431e+02   4.82909909891870e+05
   0.00000   2.99839319296259e+02   6.90880480382247e+05
   0.00000   1.03055814633651e+03   1.33676211329490e+06
   0.00000   3.22115409517225e+03   1.80594777935708e+06
   0.00000   3.54206411445051e+03   0.00000000000000e+00
   0.00000   7.57208973098352e+03   1.74915240384727e+06
   0.00000   8.32646514729426e+03   0.00000000000000e+00
   0.00000   1.78000000000000e+04   5.01088440529916e+06
   9.00000   2.79103745861735e+01   1.53598042251289e+08
   9.00000   7.93340725756882e+01   9.43705941343775e+14
   9.00000   2.25503783620392e+02   2.98714321409796e+19
   9.00000   9.37189866169307e+02   5.96832806830789e+24
  10.00000   2.79103745861735e+01   1.05501005358597e+09
  10.00000   3.71108084435046e+01   2.65405507951203e+11
  10.00000   9.59289260814550e+01   6.72682361589365e+15
  10.00000   1.05485921061696e+02   2.76577694104389e+16
  10.00000   2.25503783620392e+02   5.84113104555050e+20
  10.00000   3.29711048152683e+02   5.82099699725498e+22
  10.00000   3.62558771575016e+02   0.00000000000000e+00
  10.00000   9.37189866169307e+02   1.08696685338438e+27
  10.00000   3.22115409517225e+03   7.43983934207032e+32
  10.00000   3.54206411445051e+03   0.00000000000000e+00
# orbitals: 1s2 2s2 2p6 3s2 3p6 3d10 4s2 4p6 4d10
CORE 46 25 Ac
   0.00000   9.81909769975984e+00   4.63883776084564e+01
   0.00000   1.07973330585860e+01   1.47915657040522e+01
   0.00000   2.79103745861735e+01   9.35108604003227e+03
   0.00000   7.21464277626476e+01   4.72971703074607e+04
   0.00000   2.72673960729431e+02   9.77064874632548e+05
   0.00000   2.99839319296259e+02   1.17182505380767e+05
   0.00000   8.52280726102416e+02   1.08457433647206e+06
   0.00000   9.37189866169307e+02   0.00000000000000e+00
   0.00000   2.42257232237095e+03   1.33407748891468e+06
   0.00000   2.66392300219102e+03   3.40299021173840e+05
   0.00000   6.26218535749459e+03   0.00000000000000e+00
   0.00000   6.88606051665247e+03   2.26873369725552e+06
   0.00000   1.78000000000000e+04   4.87243939765765e+06
   9.00000   2.53817024455502e+01   0.00000000000000e+00
   9.00000   7.93340725756882e+01   5.40509476941879e+14
   9.00000   2.25503783620392e+02   5.77153219010275e+19
  10.00000   2.79103745861735e+01   4.73694939970327e+09
  10.00000   3.71108084435046e+01   4.72679145645711e+11
  10.00000   4.08080020272845e+01   2.06085413381987e+11
  10.00000   8.72377921766363e+01   1.04168274101585e+16
  10.00000   1.05485921061696e+02   5.59845365404438e+16
  10.00000   3.29711048152683e+02   1.71317468345707e+22
  10.00000   3.62558771575016e+02   8.63831616264699e+22
  10.00000   8.52280726102416e+02   2.49250707251283e+26
  10.00000   9.37189866169307e+02   0.00000000000000e+00
# orbitals: 1s2 2s2 2p6 3s2 3p6 3d10 4s2 4p6 4d10 4f14
CORE 60 28 Ac
   0.00000   9.81909769975984e+00   3.93109405937879e+02
   0.00000   1.07973330585860e+01   1.88014328606043e+02
   0.00000   3.06909676847578e+01   9.55570101383925e+03
   0.00000   6.56099815617689e+01   0.00000000000000e+00
   0.00000   7.21464277626476e+01   4.63268283507910e+04
   0.00000   2.72673960729431e+02   1.01485161031892e+06
   0.00000   2.99839319296259e+02   7.17855374122626e+04
   0.00000   8.52280726102416e+02   1.09636404112993e+06
   0.00000   9.37189866169307e+02   0.00000000000000e+00
   0.00000   2.42257232237095e+03   1.60648673343750e+06
   0.00000   2.66392300219102e+03   0.00000000000000e+00
   0.00000   6.88606051665247e+03   2.44592364008877e+06
   0.00000   1.78000000000000e+04   4.56291479983757e+06
   6.00000   1.90891239669044e+01   1.38756526214338e+06
   7.00000   2.30821272944719e+01   0.00000000000000e+00
   9.00000   8.72377921766363e+01   0.00000000000000e+00
   9.00000   2.25503783620392e+02   5.64727121185710e+19
  10.00000   2.79103745861735e+01   5.40957202205447e+09
  10.00000   3.71108084435046e+01   5.59892803760293e+11
  10.00000   4.08080020272845e+01   2.14543537996479e+11
  10.00000   8.72377921766363e+01   2.00923872937519e+16
  10.00000   1.05485921061696e+02   5.55789627322396e+16
  10.00000   3.29711048152683e+02   2.04561040869831e+22
  10.00000   3.62558771575016e+02   7.67772270688814e+22
  10.00000   8.52280726102416e+02   1.76143025090970e+26
  10.00000   9.37189866169307e+02   0.00000000000000e+00
  10.00000   2.92931843399299e+03   1.03184818799466e+32
  10.00000   3.22115409517225e+03   0.00000000000000e+00
# orbitals: 1s2 2s2 2p6 3s2 3p6 3d10 4s2 4p6 4d10 4f14 5s2
CORE 62 27 Ac
   0.00000   8.12048087434092e+00   1.10098479354614e+02
   0.00000   8.92949019116907e+00   3.48013812958146e+02
   0.00000   3.06909676847578e+01   9.23461886799403e+03
   0.00000   3.37485795655882e+01   0.00000000000000e+00
   0.00000   6.56099815617689e+01   4.12944046744252e+04
   0.00000   2.72673960729431e+02   1.04935089245248e+06
   0.00000   2.99839319296259e+02   4.98263794413179e+04
   0.00000   8.52280726102416e+02   1.09061852386506e+06
   0.00000   9.37189866169307e+02   0.00000000000000e+00
   0.00000   2.42257232237095e+03   1.34060388363403e+06
   0.00000   2.66392300219102e+03   3.33723330011176e+05
   0.00000   6.26218535749459e+03   0.00000000000000e+00
   0.00000   6.88606051665247e+03   2.27949101392610e+06
   0.00000   1.78000000000000e+04   4.86998956889719e+06
   4.00000   1.30558854629046e+01   3.24118129418637e+03
   9.00000   2.53817024455502e+01   6.83853509829857e+08
   9.00000   8.72377921766363e+01   1.76451401554478e+15
   9.00000   2.25503783620392e+02   6.98101374382211e+18
  10.00000   1.73596546681323e+01   1.82946475826990e+06
  10.00000   3.71108084435046e+01   5.28695199791743e+11
  10.00000   4.08080020272845e+01   2.76678330390053e+11
  10.00000   8.72377921766363e+01   1.25159908204128e+16
  10.00000   2.47969776059997e+02   2.68515407195567e+21
  10.00000   3.29711048152683e+02   1.35866960605840e+22
  10.00000   3.62558771575016e+02   9.18562799308168e+22
  10.00000   8.52280726102416e+02   3.36294810447937e+26
  10.00000   9.37189866169307e+02   0.00000000000000e+00
# orbitals: 1s2 2s2 2p6 3s2 3p6 3d10 4s2 4p6 4d10 4f14 5s2 5p6
CORE 68 26 Ac
   0.00000   6.71570969623303e+00   2.67857120093059e+02
   0.00000   3.06909676847578e+01   1.48050509734649e+03
   0.00000   3.37485795655882e+01   1.07141148139032e+04
   0.00000   7.21464277626476e+01   4.32320613238887e+04
   0.00000   2.72673960729431e+02   9.87119588625660e+05
   0.00000   2.99839319296259e+02   1.09971249291019e+05
   0.00000   8.52280726102416e+02   1.08586283659554e+06
   0.00000   2.20308794672021e+03   0.00000000000000e+00
   0.00000   2.42257232237095e+03   1.58586983923829e+06
   0.00000   5.69483311347419e+03   0.00000000000000e+00
   0.00000   6.26218535749459e+03   2.08068607856251e+06
   0.00000   1.78000000000000e+04   5.48613198647145e+06
   9.00000   1.18730258871836e+01   1.77973659384412e+03
   9.00000   3.06909676847578e+01   2.69815300573912e+09
   9.00000   2.25503783620392e+02   5.64953352257455e+19
  10.00000   1.57868748046943e+01   1.48541917702318e+06
  10.00000   1.73596546681323e+01   3.14691964605073e+06
  10.00000   3.71108084435046e+01   4.26646365797764e+11
  10.00000   4.08080020272845e+01   6.84779141337348e+11
  10.00000   8.72377921766363e+01   2.33142858100603e+16
  10.00000   1.05485921061696e+02   4.28281969304006e+16
  10.00000   1.15995039210445e+02   8.93795637538059e+16
  10.00000   3.29711048152683e+02   1.83198310736694e+22
  10.00000   3.62558771575016e+02   8.16701349399793e+22
  10.00000   8.52280726102416e+02   2.48579318955467e+26
  10.00000   9.37189866169307e+02   0.00000000000000e+00
# orbitals: 1s2 2s2 2p6 3s2 3p6 3d10 4s2 4p6 4d10 4f14 5s2 5p6 5d10
CORE 78 30 Ac
   0.00000   4.59316712218695e+00   1.52293984375888e+01
   0.00000   5.05076502224968e+00   5.76821493996722e+01
   0.00000   9.81909769975984e+00   2.89311498266390e+02
   0.00000   1.07973330585860e+01   0.00000000000000e+00
   0.00000   2.79103745861735e+01   1.66354474148144e+03
   0.00000   3.06909676847578e+01   8.40773025701021e+03
   0.00000   7.21464277626476e+01   4.64028687473962e+04
   0.00000   2.72673960729431e+02   9.61406366588541e+05
   0.00000   2.99839319296259e+02   1.36947820976309e+05
   0.00000   8.52280726102416e+02   1.07997752425584e+06
   0.00000   9.37189866169307e+02   0.00000000000000e+00
   0.00000   2.20308794672021e+03   0.00000000000000e+00
   0.00000   2.42257232237095e+03   1.61030721180521e+06
   0.00000   6.26218535749459e+03   9.77693210239016e+05
   0.00000   6.88606051665247e+03   1.29455702963958e+06
   0.00000   1.78000000000000e+04   4.97057145352244e+06
   9.00000   1.07973330585860e+01   1.30508484697499e+04
   9.00000   8.72377921766363e+01   2.06451229847089e+15
   9.00000   2.25503783620392e+02   4.06800736369032e+19
  10.00000   1.07973330585860e+01   1.40666626663551e+03
  10.00000   1.43565883575208e+01   5.06114866531920e+04
  10.00000   1.57868748046943e+01   5.39419960398907e+06
  10.00000   3.71108084435046e+01   5.98898499651483e+11
  10.00000   4.08080020272845e+01   5.94186956066597e+11
  10.00000   8.72377921766363e+01   1.09161609496360e+16
  10.00000   2.47969776059997e+02   9.04493346557799e+20
  10.00000   3.29711048152683e+02   2.02710098353804e+22
  10.00000   3.62558771575016e+02   8.09133413311481e+22
  10.00000   8.52280726102416e+02   1.88923307313655e+26
  10.00000   9.37189866169307e+02   1.53606718806153e+26
# orbitals: 1s2 2s2 2p6 3s2 3p6 3d10 4s2 4p6 4d10 4f14 5s2 5p6 5d10 6s2
CORE 80 30 Ac
   0.00000   3.45443875501376e+00   8.01947087501398e+00
   0.00000   3.79858994266682e+00   3.71559285739646e+01
   0.00000   9.81909769975984e+00   0.00000000000000e+00
   0.00000   1.07973330585860e+01   2.87590526049751e+02
   0.00000   2.79103745861735e+01   8.63444790033451e+03
   0.00000   3.06909676847578e+01   0.00000000000000e+00
   0.00000   7.21464277626476e+01   4.86280427548103e+04
   0.00000   2.72673960729431e+02   9.94920643543731e+05
   0.00000   2.99839319296259e+02   9.43460405820378e+04
   0.00000   8.52280726102416e+02   1.09666876521307e+06
   0.00000   9.37189866169307e+02   0.00000000000000e+00
   0.00000   2.42257232237095e+03   1.61334084025293e+06
   0.00000   6.26218535749459e+03   0.00000000000000e+00
   0.00000   6.88606051665247e+03   2.43999363076535e+06
   0.00000   1.78000000000000e+04   4.60701814981368e+06
   9.00000   8.72377921766363e+01   1.94966956373565e+15
   9.00000   2.25503783620392e+02   4.64362735161787e+19
  10.00000   5.55395147430095e+00   6.64336223913481e-03
  10.00000   1.57868748046943e+01   3.55328629137953e+06
  10.00000   1.73596546681323e+01   2.16631586663488e+06
  10.00000   3.37485795655882e+01   3.13997338964019e+10
  10.00000   3.71108084435046e+01   4.33553371197915e+11
  10.00000   4.08080020272845e+01   1.01677665963147e+12
  10.00000   8.72377921766363e+01   1.11634513820608e+16
  10.00000   2.47969776059997e+02   6.84898970029526e+20
  10.00000   3.29711048152683e+02   1.95761407836168e+22
  10.00000   3.62558771575016e+02   8.73794438250559e+22
  10.00000   8.52280726102416e+02   1.62231916837333e+26
  10.00000   9.37189866169307e+02   0.00000000000000e+00
  10.00000   2.92931843399299e+03   1.03609519839075e+32
# orbitals: 1s2 2s2 2p6 3s2 3p6 3d10 4s2 4p6 4d10 4f14 5s2 5p6 5d10 6s2 6p6
CORE 86 28 Ac
   0.00000   2.36264151263680e+00   3.38299163181974e+00
   0.00000   2.59802153823205e+00   5.61916934796186e+00
   0.00000   6.10726827381692e+00   0.00000000000000e+00
   0.00000   6.71570969623303e+00   1.58079064805491e+02
   0.00000   1.07973330585860e+01   0.00000000000000e+00
   0.00000   2.53817024455502e+01   6.89688705043390e+03
   0.00000   2.79103745861735e+01   5.12001553401745e+02
   0.00000   6.56099815617689e+01   4.55803767414015e+04
   0.00000   2.72673960729431e+02   8.42891483082924e+05
   0.00000   2.99839319296259e+02   2.99184872420218e+05
   0.00000   9.37189866169307e+02   1.22032927981878e+06
   0.00000   2.66392300219102e+03   0.00000000000000e+00
   0.00000   2.92931843399299e+03   1.87909968697735e+06
   0.00000   8.32646514729426e+03   2.46238570722439e+06
   0.00000   1.78000000000000e+04   3.73096822399822e+06
   8.00000   5.05076502224968e+00   1.47886290910081e+00
  10.00000   7.38476757561714e+00   6.69700443214669e+01
  10.00000   1.57868748046943e+01   3.33497800907243e+06
  10.00000   1.73596546681323e+01   7.26587914363826e+06
  10.00000   3.71108084435046e+01   5.84072097691346e+11
  10.00000   4.08080020272845e+01   8.02068831463829e+11
  10.00000   8.72377921766363e+01   1.28181987210233e+16
  10.00000   9.59289260814550e+01   3.82565163481730e+16
  10.00000   2.47969776059997e+02   3.05998664943430e+21
  10.00000   3.29711048152683e+02   1.59298492328935e+22
  10.00000   3.62558771575016e+02   8.67311261299596e+22
  10.00000   8.52280726102416e+02   4.67028286321386e+26
  10.00000   9.37189866169307e+02   1.47259025881144e+26
# orbitals: 1s2 2s2 2p6 3s2 3p6 3d10 4s2 4p6 4d10 4f14 5s2 5p6 5d10 6s2 6p6 7s2
CORE 88 35 Ac
   0.00000   1.00506368178834e+00   4.54839109261657e-02
   0.00000   1.10519394441129e+00   3.58583565501888e-02
   0.00000   2.36264151263680e+00   7.20085003261067e+00
   0.00000   2.59802153823205e+00   6.68664571684500e-01
   0.00000   6.10726827381692e+00   0.00000000000000e+00
   0.00000   6.71570969623303e+00   1.55422592115211e+02
   0.00000   9.81909769975984e+00   3.67203245017365e+01
   0.00000   2.53817024455502e+01   3.04426304700419e+03
   0.00000   2.79103745861735e+01   5.83567671609279e+03
   0.00000   7.21464277626476e+01   4.81554849882958e+04
   0.00000   2.72673960729431e+02   9.68527915486341e+05
   0.00000   2.99839319296259e+02   1.28053943379982e+05
   0.00000   8.52280726102416e+02   1.08751731219558e+06
   0.00000   9.37189866169307e+02   0.00000000000000e+00
   0.00000   2.42257232237095e+03   1.28582515134374e+06
   0.00000   2.66392300219102e+03   4.02283488463200e+05
   0.00000   6.26218535749459e+03   0.00000000000000e+00
   0.00000   6.88606051665247e+03   2.24058049898324e+06
   0.00000   1.78000000000000e+04   4.95516480960370e+06
   8.00000   2.14858685160605e+00   4.54713723337888e-05
   9.00000   2.25503783620392e+02   1.89647895075722e+19
  10.00000   2.85685148466925e+00   0.00000000000000e+00
  10.00000   3.14146756882194e+00   3.40231985690901e-04
  10.00000   7.38476757561714e+00   6.28799499629845e+01
  10.00000   1.57868748046943e+01   3.20099651317116e+06
  10.00000   1.73596546681323e+01   7.85583447029010e+06
  10.00000   3.71108084435046e+01   5.73845207360137e+11
  10.00000   4.08080020272845e+01   8.13075105139153e+11
  10.00000   8.72377921766363e+01   1.33710061351933e+16
  10.00000   9.59289260814550e+01   3.60190156136465e+16
  10.00000   2.47969776059997e+02   2.21767511117332e+21
  10.00000   3.29711048152683e+02   1.71833530563367e+22
  10.00000   3.62558771575016e+02   9.74088920608583e+22
  10.00000   8.52280726102416e+02   2.36907906090248e+26
  10.00000   9.37189866169307e+02   0.00000000000000e+00
