# Free-atom, free-ion and frozen-core density fits -- I (Z = 53)
#
#   rho(r) = sum_i c_i r^n_i exp(-alpha_i r)      r in bohr, rho in e/bohr^3
#
# All-electron B86BPBE densities (scalar-relativistic, spin-restricted),
# fitted with rhofit.py (monotone decay imposed).  Two kinds of block:
#
#   STATE <N> <q> <nterm> <symbol>
#     the atom or ion with N electrons (charge q), in order of increasing N;
#   CORE <N_core> <nterm> <symbol>
#     the frozen core of the neutral atom with N_core electrons, for a
#     pseudopotential with Z - N_core valence electrons, in order of
#     increasing N_core, each preceded by a '# orbitals:' comment.
#
# Each block header is followed by nterm lines:   n   alpha   c
#
# Generated 2026-09-23 by combine_fits.py from
#   /home/alberto/doc/manuals/critic2/atomic_density_fits/15_rhofit/rho_b86bpbe_mono/fit_053_I.dat
#     recipe: --npow 0,1,2,3,4,5,6,7,8,9,10 --amin 0.2 --ratio 1.1 --mom 3 --cusp none --targetz 1e-3 --besteffort --monotone --stats
#   /home/alberto/doc/manuals/critic2/atomic_density_fits/15_rhofit/core_b86bpbe_mono/core_053_I.dat
#     recipe: --npow 0,1,2,3,4,5,6,7,8,9,10 --amin 0.2 --ratio 1.1 --mom 3 --cusp none --besteffort --monotone --stats --target 1e-3*N_core
#
STATE 46 +7 27 I
   0.00000   4.12677800540260e+00   3.34514514416919e+00
   0.00000   4.53619553676899e+00   1.05189137966513e+01
   0.00000   1.41143110376434e+01   9.90502000539586e+02
   0.00000   3.63468083578310e+01   6.97525283596083e+03
   0.00000   1.36645557678055e+02   1.40287072657762e+05
   0.00000   7.49976046488401e+02   5.01526211913851e+04
   0.00000   8.24381149242954e+02   0.00000000000000e+00
   0.00000   3.40673183136680e+03   2.86821514401028e+04
   0.00000   3.74471360179388e+03   3.05128516811626e+04
   5.00000   3.51886102313251e+02   6.35151205556209e+13
   6.00000   8.79541599648616e+00   2.12803072734174e+03
   6.00000   3.86796712756223e+02   6.75511319742419e+15
   7.00000   1.02885349739015e+02   0.00000000000000e+00
   9.00000   1.16814933020011e+01   0.00000000000000e+00
   9.00000   3.99527742061100e+01   1.73617190484525e+11
   9.00000   1.13092602430768e+02   1.54573986257502e+16
  10.00000   1.28404139282420e+01   1.25982170399915e+05
  10.00000   1.70537936304098e+01   1.15968928114619e+07
  10.00000   1.87457000231098e+01   1.39572455706484e+07
  10.00000   3.99527742061100e+01   2.45529519354734e+11
  10.00000   5.30626481421106e+01   1.13950671618771e+13
  10.00000   1.24312516378742e+02   0.00000000000000e+00
  10.00000   1.65103711753182e+02   4.33505900093438e+18
  10.00000   1.81483646413326e+02   1.07761338000300e+19
  10.00000   4.67351987544616e+02   6.57184142864702e+22
  10.00000   2.56505079194021e+03   9.39220049872426e+30
  10.00000   2.81952940980885e+03   0.00000000000000e+00
STATE 47 +6 27 I
   0.00000   3.41546459479222e+00   0.00000000000000e+00
   0.00000   3.75431274243633e+00   1.43052321005103e+01
   0.00000   1.41143110376434e+01   0.00000000000000e+00
   0.00000   1.55145914439081e+01   1.20519841445805e+03
   0.00000   3.63468083578310e+01   6.62936617440833e+03
   0.00000   1.36645557678055e+02   1.40555402733345e+05
   0.00000   7.49976046488401e+02   4.80658695337095e+04
   0.00000   8.24381149242954e+02   2.35042166280258e+03
   0.00000   3.74471360179388e+03   6.34692314554600e+04
   5.00000   3.20126373667636e+02   0.00000000000000e+00
   5.00000   3.51886102313251e+02   7.08108311812735e+13
   6.00000   3.86796712756223e+02   6.36485219463623e+15
   9.00000   1.16814933020011e+01   4.33223744086404e+04
   9.00000   3.99527742061100e+01   1.63320143375483e+11
   9.00000   1.13092602430768e+02   1.49318249970254e+16
  10.00000   7.27939130555119e+00   1.70925663320470e+01
  10.00000   1.16814933020011e+01   1.23889621488479e+04
  10.00000   1.70537936304098e+01   1.23976830353339e+07
  10.00000   1.87457000231098e+01   1.12747042114476e+07
  10.00000   3.99527742061100e+01   3.07523745991695e+11
  10.00000   5.30626481421106e+01   1.28468888436429e+13
  10.00000   1.24312516378742e+02   0.00000000000000e+00
  10.00000   1.65103711753182e+02   4.56267107322346e+18
  10.00000   1.81483646413326e+02   9.64746733220122e+18
  10.00000   4.67351987544616e+02   7.17467239506301e+22
  10.00000   2.56505079194021e+03   9.26027433142751e+30
  10.00000   2.81952940980885e+03   0.00000000000000e+00
STATE 48 +5 27 I
   0.00000   3.10719942598841e+00   4.28032685357230e+00
   0.00000   3.41546459479222e+00   7.77143880841311e+00
   0.00000   1.55145914439081e+01   1.28740204018163e+03
   0.00000   3.63468083578310e+01   6.32925345435454e+03
   0.00000   1.36645557678055e+02   1.41226296610532e+05
   0.00000   7.49976046488401e+02   0.00000000000000e+00
   0.00000   8.24381149242954e+02   5.57037691360445e+04
   0.00000   3.40673183136680e+03   0.00000000000000e+00
   0.00000   3.74471360179388e+03   4.23577050050276e+04
   5.00000   3.20126373667636e+02   8.63086548345641e+13
   5.00000   3.51886102313251e+02   0.00000000000000e+00
   6.00000   3.86796712756223e+02   0.00000000000000e+00
   9.00000   1.16814933020011e+01   4.62286778951262e+04
   9.00000   3.99527742061100e+01   2.01103469834944e+11
  10.00000   6.62238470298935e+00   8.44670064130429e-01
  10.00000   7.27939130555119e+00   2.40287661156456e+01
  10.00000   1.16814933020011e+01   0.00000000000000e+00
  10.00000   1.70537936304098e+01   1.11660889874910e+07
  10.00000   1.87457000231098e+01   1.34075606090964e+07
  10.00000   3.99527742061100e+01   2.09859054250165e+11
  10.00000   5.30626481421106e+01   1.06193831993397e+13
  10.00000   1.24312516378742e+02   4.52781856098696e+17
  10.00000   1.65103711753182e+02   2.51993825329572e+18
  10.00000   1.81483646413326e+02   1.65387931101593e+19
  10.00000   4.67351987544616e+02   3.11119751947970e+22
  10.00000   2.56505079194021e+03   2.33131019650129e+30
  10.00000   2.81952940980885e+03   4.06974817415584e+31
STATE 49 +4 28 I
   0.00000   2.57162600327147e+00   1.40050850504833e+00
   0.00000   2.82675694767378e+00   6.31604855429762e+00
   0.00000   1.41143110376434e+01   1.00423966367153e+03
   0.00000   3.63468083578310e+01   6.96337923758892e+03
   0.00000   1.36645557678055e+02   1.40473540119969e+05
   0.00000   7.49976046488401e+02   5.00213299356700e+04
   0.00000   3.40673183136680e+03   2.34576722191855e+04
   0.00000   3.74471360179388e+03   3.69104600597824e+04
   5.00000   3.51886102313251e+02   3.18700544804455e+13
   6.00000   3.86796712756223e+02   9.66410401057778e+15
   7.00000   1.02885349739015e+02   1.40182598540311e+12
   9.00000   1.28404139282420e+01   0.00000000000000e+00
   9.00000   3.99527742061100e+01   1.94010591110296e+11
   9.00000   1.13092602430768e+02   1.50817803068431e+16
  10.00000   6.02467669528127e+00   0.00000000000000e+00
  10.00000   6.62238470298935e+00   8.05768506166631e+00
  10.00000   1.28404139282420e+01   1.30020532312959e+05
  10.00000   1.70537936304098e+01   1.10825142122793e+07
  10.00000   1.87457000231098e+01   1.61363854754430e+07
  10.00000   3.99527742061100e+01   1.94082567025213e+11
  10.00000   5.30626481421106e+01   1.09247303711184e+13
  10.00000   1.24312516378742e+02   0.00000000000000e+00
  10.00000   1.65103711753182e+02   4.37550047172855e+18
  10.00000   1.81483646413326e+02   1.03937036894604e+19
  10.00000   4.67351987544616e+02   6.05631868002033e+22
  10.00000   7.49976046488401e+02   1.85205645975520e+24
  10.00000   2.56505079194021e+03   8.18436751674050e+30
  10.00000   2.81952940980885e+03   0.00000000000000e+00
STATE 50 +3 30 I
   0.00000   2.33952208241471e+00   1.44703214856950e+00
   0.00000   2.57162600327147e+00   4.83297614787667e+00
   0.00000   3.41546459479222e+00   0.00000000000000e+00
   0.00000   3.75431274243633e+00   0.00000000000000e+00
   0.00000   1.41143110376434e+01   1.00673204621711e+03
   0.00000   3.63468083578310e+01   6.97205619095046e+03
   0.00000   1.36645557678055e+02   1.40434555663735e+05
   0.00000   7.49976046488401e+02   5.00742141583998e+04
   0.00000   3.40673183136680e+03   2.28175901010302e+04
   0.00000   3.74471360179388e+03   3.75236925760909e+04
   5.00000   3.20126373667636e+02   0.00000000000000e+00
   5.00000   3.51886102313251e+02   3.60031460448833e+13
   6.00000   3.86796712756223e+02   9.49846139003219e+15
   7.00000   1.02885349739015e+02   1.48190113099717e+11
   9.00000   1.28404139282420e+01   1.53440440249516e+05
   9.00000   3.99527742061100e+01   1.86111612487143e+11
   9.00000   1.13092602430768e+02   1.53556573084858e+16
  10.00000   6.02467669528127e+00   2.16033082795531e+00
  10.00000   6.62238470298935e+00   1.79400058142203e+00
  10.00000   1.70537936304098e+01   7.76684555504425e+06
  10.00000   1.87457000231098e+01   2.19152213198889e+07
  10.00000   3.99527742061100e+01   2.22233990303658e+11
  10.00000   5.30626481421106e+01   1.12764025447030e+13
  10.00000   1.24312516378742e+02   0.00000000000000e+00
  10.00000   1.65103711753182e+02   4.51267185620668e+18
  10.00000   1.81483646413326e+02   1.03520212743876e+19
  10.00000   4.67351987544616e+02   5.51217234948931e+22
  10.00000   7.49976046488401e+02   6.99825825848892e+23
  10.00000   2.56505079194021e+03   8.37638117468721e+30
  10.00000   2.81952940980885e+03   0.00000000000000e+00
STATE 51 +2 29 I
   0.00000   2.12836686483305e+00   5.90204904502308e-01
   0.00000   2.33952208241471e+00   4.19818991091023e+00
   0.00000   3.41546459479222e+00   0.00000000000000e+00
   0.00000   1.41143110376434e+01   1.00374240487512e+03
   0.00000   3.63468083578310e+01   6.97125723794048e+03
   0.00000   1.36645557678055e+02   1.40347588442391e+05
   0.00000   7.49976046488401e+02   5.02224174699917e+04
   0.00000   8.24381149242954e+02   0.00000000000000e+00
   0.00000   3.40673183136680e+03   3.09920636037153e+04
   0.00000   3.74471360179388e+03   2.78108348919601e+04
   5.00000   3.51886102313251e+02   7.19457159703850e+13
   6.00000   3.86796712756223e+02   5.82271424500517e+15
   7.00000   1.02885349739015e+02   0.00000000000000e+00
   9.00000   1.28404139282420e+01   1.66069890107359e+05
   9.00000   3.99527742061100e+01   1.56888335825054e+11
   9.00000   1.13092602430768e+02   1.55929945711282e+16
  10.00000   4.53619553676899e+00   1.38756982056158e-02
  10.00000   6.02467669528127e+00   3.27435086588649e+00
  10.00000   1.28404139282420e+01   0.00000000000000e+00
  10.00000   1.70537936304098e+01   6.96776624875425e+06
  10.00000   1.87457000231098e+01   2.58422150385850e+07
  10.00000   3.99527742061100e+01   3.10887182006008e+11
  10.00000   5.30626481421106e+01   1.24635679822449e+13
  10.00000   1.24312516378742e+02   0.00000000000000e+00
  10.00000   1.65103711753182e+02   4.23421090278222e+18
  10.00000   1.81483646413326e+02   1.12079356001608e+19
  10.00000   4.67351987544616e+02   6.95219506853722e+22
  10.00000   2.56505079194021e+03   9.77288613358163e+30
  10.00000   2.81952940980885e+03   0.00000000000000e+00
STATE 52 +1 30 I
   0.00000   1.93626961051966e+00   1.28446547751529e+00
   0.00000   2.12836686483305e+00   1.83063813885695e+00
   0.00000   3.75431274243633e+00   1.96987134207836e+00
   0.00000   1.41143110376434e+01   1.00220629755486e+03
   0.00000   3.63468083578310e+01   6.97494501447559e+03
   0.00000   1.36645557678055e+02   1.40333352876928e+05
   0.00000   7.49976046488401e+02   5.02311657567909e+04
   0.00000   8.24381149242954e+02   0.00000000000000e+00
   0.00000   3.40673183136680e+03   3.13872723503812e+04
   0.00000   3.74471360179388e+03   2.73329893236724e+04
   5.00000   3.51886102313251e+02   7.35225791328228e+13
   6.00000   3.86796712756223e+02   5.64349567967114e+15
   7.00000   1.02885349739015e+02   0.00000000000000e+00
   9.00000   4.12677800540260e+00   2.51046514853063e-02
   9.00000   1.28404139282420e+01   1.76865445737740e+05
   9.00000   3.99527742061100e+01   1.53793609523602e+11
   9.00000   1.13092602430768e+02   1.56081497145651e+16
  10.00000   5.48091524587523e+00   0.00000000000000e+00
  10.00000   6.02467669528127e+00   3.37097195181211e+00
  10.00000   1.28404139282420e+01   0.00000000000000e+00
  10.00000   1.70537936304098e+01   6.56488839381928e+06
  10.00000   1.87457000231098e+01   2.73642471323933e+07
  10.00000   3.99527742061100e+01   3.20757283405180e+11
  10.00000   5.30626481421106e+01   1.25869041736926e+13
  10.00000   1.24312516378742e+02   0.00000000000000e+00
  10.00000   1.65103711753182e+02   4.21248143484280e+18
  10.00000   1.81483646413326e+02   1.12764551073821e+19
  10.00000   4.67351987544616e+02   7.03264451095198e+22
  10.00000   2.56505079194021e+03   9.84970842657067e+30
  10.00000   2.81952940980885e+03   0.00000000000000e+00
STATE 53 +0 30 I
   0.00000   1.60252387989958e+00   3.77570936575203e-01
   0.00000   1.76151022954214e+00   1.66186928894437e+00
   0.00000   4.12677800540260e+00   3.75788348720296e+00
   0.00000   1.41143110376434e+01   9.99964322670653e+02
   0.00000   3.63468083578310e+01   6.97854994000372e+03
   0.00000   1.36645557678055e+02   1.40322626280098e+05
   0.00000   7.49976046488401e+02   5.02371684850160e+04
   0.00000   8.24381149242954e+02   0.00000000000000e+00
   0.00000   3.40673183136680e+03   3.16381588289302e+04
   0.00000   3.74471360179388e+03   2.70279994585945e+04
   5.00000   3.51886102313251e+02   7.45195137604275e+13
   6.00000   3.86796712756223e+02   5.52863052370071e+15
   7.00000   1.02885349739015e+02   0.00000000000000e+00
   9.00000   3.75431274243633e+00   3.96769324558767e-03
   9.00000   1.28404139282420e+01   1.89839723920487e+05
   9.00000   3.99527742061100e+01   1.51572667007060e+11
   9.00000   1.13092602430768e+02   1.56203203383808e+16
  10.00000   5.48091524587523e+00   2.29048138790356e-01
  10.00000   6.02467669528127e+00   2.12344447387500e+00
  10.00000   1.28404139282420e+01   0.00000000000000e+00
  10.00000   1.70537936304098e+01   6.14764937518814e+06
  10.00000   1.87457000231098e+01   2.88455204724938e+07
  10.00000   3.99527742061100e+01   3.27582617117497e+11
  10.00000   5.30626481421106e+01   1.26633697885958e+13
  10.00000   1.24312516378742e+02   0.00000000000000e+00
  10.00000   1.65103711753182e+02   4.19704657166663e+18
  10.00000   1.81483646413326e+02   1.13256913399929e+19
  10.00000   4.67351987544616e+02   7.08323323408768e+22
  10.00000   2.56505079194021e+03   9.90085586639308e+30
  10.00000   2.81952940980885e+03   0.00000000000000e+00
STATE 54 -1 31 I
   0.00000   1.32630433886693e+00   0.00000000000000e+00
   0.00000   1.45788695551084e+00   1.26471786598925e+00
   0.00000   3.75431274243633e+00   5.20115831715861e+00
   0.00000   1.41143110376434e+01   9.98863123185264e+02
   0.00000   3.63468083578310e+01   6.98245258692695e+03
   0.00000   1.36645557678055e+02   1.40328237126653e+05
   0.00000   7.49976046488401e+02   5.02176646631225e+04
   0.00000   8.24381149242954e+02   0.00000000000000e+00
   0.00000   3.40673183136680e+03   3.00790038120212e+04
   0.00000   3.74471360179388e+03   2.88575735351159e+04
   5.00000   3.51886102313251e+02   6.85470649224039e+13
   6.00000   3.86796712756223e+02   6.16281172277817e+15
   7.00000   1.02885349739015e+02   0.00000000000000e+00
   9.00000   1.28404139282420e+01   1.46898821903557e+05
   9.00000   3.99527742061100e+01   1.58291845483398e+11
   9.00000   1.13092602430768e+02   1.55841067110253e+16
  10.00000   1.93626961051966e+00   4.34853771291940e-08
  10.00000   2.12836686483305e+00   5.12826202331401e-08
  10.00000   5.48091524587523e+00   0.00000000000000e+00
  10.00000   6.02467669528127e+00   2.46970315708962e+00
  10.00000   1.28404139282420e+01   3.46641929381559e+04
  10.00000   1.70537936304098e+01   7.25616014690635e+06
  10.00000   1.87457000231098e+01   2.66366720486924e+07
  10.00000   3.99527742061100e+01   3.06015411247309e+11
  10.00000   5.30626481421106e+01   1.23990032563974e+13
  10.00000   1.24312516378742e+02   0.00000000000000e+00
  10.00000   1.65103711753182e+02   4.25135237665978e+18
  10.00000   1.81483646413326e+02   1.11719613404336e+19
  10.00000   4.67351987544616e+02   6.76979810288661e+22
  10.00000   2.56505079194021e+03   9.67731156306453e+30
  10.00000   2.81952940980885e+03   0.00000000000000e+00
# orbitals: 1s2
CORE 2 6 I
   0.00000   1.02885349739015e+02   5.43506430020293e+04
   0.00000   1.13092602430768e+02   2.81983268316242e+04
   0.00000   1.50202159662338e+02   3.16934940202657e+04
   0.00000   1.65103711753182e+02   0.00000000000000e+00
   0.00000   3.20126373667636e+02   0.00000000000000e+00
   0.00000   3.51886102313251e+02   3.59373661785280e+04
# orbitals: 1s2 2s2
CORE 4 17 I
   0.00000   3.00818791118275e+01   1.77462505102685e+02
   0.00000   3.30663015035101e+01   6.13280267620864e+02
   0.00000   1.24312516378742e+02   1.36897656526803e+05
   0.00000   5.64683910329816e+02   3.13105662597033e+04
   0.00000   6.20706185399347e+02   1.57321994563020e+04
   0.00000   2.81952940980885e+03   6.10141866386270e+04
   0.00000   3.09925484429252e+03   0.00000000000000e+00
   4.00000   5.30626481421106e+01   5.96030966046259e+07
   5.00000   6.41136112478428e+01   3.45581048917613e+09
   6.00000   3.20126373667636e+02   2.14839667563050e+15
   8.00000   1.02885349739015e+02   4.50599901064129e+13
   9.00000   1.13092602430768e+02   0.00000000000000e+00
  10.00000   1.36645557678055e+02   1.70015737287302e+17
  10.00000   3.86796712756223e+02   1.97165428869698e+22
  10.00000   6.20706185399347e+02   1.77979058987347e+24
  10.00000   1.93131889767601e+03   3.20290219759507e+29
  10.00000   2.12292499190560e+03   0.00000000000000e+00
# orbitals: 1s2 2s2 2p6
CORE 10 17 I
   0.00000   3.30663015035101e+01   4.70231700282406e+03
   0.00000   3.63468083578310e+01   1.20441199115755e+03
   0.00000   1.36645557678055e+02   1.40917378195396e+05
   0.00000   8.24381149242954e+02   4.95974021978518e+04
   0.00000   9.06167980176477e+02   0.00000000000000e+00
   0.00000   4.11622653428346e+03   6.69493270095900e+04
   3.00000   5.30626481421106e+01   4.77965399186999e+07
   4.00000   5.83269919913957e+01   2.30970635530027e+08
   4.00000   2.91233141757789e+02   0.00000000000000e+00
   5.00000   3.20126373667636e+02   1.04702444168977e+14
   9.00000   1.24312516378742e+02   9.91490906815929e+15
   9.00000   4.25170803892206e+02   0.00000000000000e+00
  10.00000   7.74660762544448e+01   3.17711917076330e+13
  10.00000   1.50202159662338e+02   1.11209532934613e+17
  10.00000   4.25170803892206e+02   1.22465981300790e+23
  10.00000   7.49976046488401e+02   3.86673205887983e+25
  10.00000   3.09925484429252e+03   6.27754690518372e+31
# orbitals: 1s2 2s2 2p6 3s2
CORE 12 20 I
   0.00000   2.73668178705303e+01   1.30616920412928e+03
   0.00000   3.00818791118275e+01   4.79721359099877e+03
   0.00000   1.36645557678055e+02   1.42593308874248e+05
   0.00000   8.24381149242954e+02   5.41421255958910e+04
   0.00000   3.74471360179388e+03   0.00000000000000e+00
   0.00000   4.11622653428346e+03   5.57634874443654e+04
   4.00000   2.91233141757789e+02   1.20664834766145e+12
   5.00000   3.20126373667636e+02   0.00000000000000e+00
   5.00000   3.51886102313251e+02   0.00000000000000e+00
   7.00000   9.35993598467186e+01   1.55383814041521e+13
   8.00000   2.73668178705303e+01   2.21146654458463e+07
   8.00000   9.35993598467186e+01   9.13822900900845e+13
   9.00000   3.00818791118275e+01   3.52736417301239e+08
   9.00000   1.02885349739015e+02   0.00000000000000e+00
  10.00000   3.99527742061100e+01   5.51370468561229e+10
  10.00000   4.39164878261036e+01   3.09853173839891e+11
  10.00000   1.65103711753182e+02   4.93037500851655e+18
  10.00000   4.67351987544616e+02   1.74618128910891e+23
  10.00000   2.81952940980885e+03   4.64451757915937e+31
  10.00000   3.09925484429252e+03   0.00000000000000e+00
# orbitals: 1s2 2s2 2p6 3s2 3p6
CORE 18 19 I
   0.00000   1.28404139282420e+01   1.32692243926498e+02
   0.00000   1.41143110376434e+01   0.00000000000000e+00
   0.00000   3.30663015035101e+01   7.69431239726313e+03
   0.00000   1.36645557678055e+02   1.40264817191466e+05
   0.00000   1.50202159662338e+02   0.00000000000000e+00
   0.00000   9.06167980176477e+02   6.14420713987818e+04
   0.00000   4.52459725449301e+03   4.38366506791486e+04
   5.00000   3.51886102313251e+02   8.95362814579033e+13
   7.00000   2.73668178705303e+01   1.37904707315964e+08
   7.00000   1.02885349739015e+02   0.00000000000000e+00
   8.00000   3.00818791118275e+01   3.00127715717948e+08
   8.00000   1.02885349739015e+02   6.68905566972361e+14
  10.00000   4.39164878261036e+01   9.21171511237522e+11
  10.00000   4.82734413643135e+01   1.25095255343581e+12
  10.00000   1.65103711753182e+02   3.65832670512119e+18
  10.00000   1.81483646413326e+02   9.63353639391342e+18
  10.00000   5.13717965256331e+02   4.51295690121586e+23
  10.00000   3.09925484429252e+03   2.50539088056524e+32
  10.00000   3.40673183136680e+03   0.00000000000000e+00
# orbitals: 1s2 2s2 2p6 3s2 3p6 3d10
CORE 28 19 I
   0.00000   1.28404139282420e+01   6.76094638611580e+02
   0.00000   1.41143110376434e+01   2.35378745884698e+02
   0.00000   3.30663015035101e+01   0.00000000000000e+00
   0.00000   3.63468083578310e+01   6.76229583881236e+03
   0.00000   1.36645557678055e+02   1.40402746024237e+05
   0.00000   7.49976046488401e+02   0.00000000000000e+00
   0.00000   8.24381149242954e+02   5.56602617509162e+04
   0.00000   4.52459725449301e+03   6.13564186861208e+04
   5.00000   3.51886102313251e+02   1.24135119425089e+14
   6.00000   3.86796712756223e+02   0.00000000000000e+00
   7.00000   2.73668178705303e+01   2.37828183205610e+08
   7.00000   3.00818791118275e+01   2.00733559555251e+08
   7.00000   1.02885349739015e+02   3.20790323177018e+13
   9.00000   1.13092602430768e+02   8.53714656763084e+15
  10.00000   4.39164878261036e+01   6.96960102450609e+11
  10.00000   4.82734413643135e+01   3.22751363908963e+12
  10.00000   1.81483646413326e+02   1.27523827671662e+19
  10.00000   4.67351987544616e+02   1.73836828912970e+23
  10.00000   2.81952940980885e+03   4.69565730380573e+31
# orbitals: 1s2 2s2 2p6 3s2 3p6 3d10 4s2
CORE 30 24 I
   0.00000   1.06271718752433e+01   5.71960479592249e+02
   0.00000   1.16814933020011e+01   5.28000720039031e+01
   0.00000   3.30663015035101e+01   0.00000000000000e+00
   0.00000   3.63468083578310e+01   7.42570121014341e+03
   0.00000   1.36645557678055e+02   1.40514483246975e+05
   0.00000   7.49976046488401e+02   8.35561849937036e+03
   0.00000   8.24381149242954e+02   4.66188210813186e+04
   0.00000   4.11622653428346e+03   1.80147530127595e+04
   0.00000   4.52459725449301e+03   4.60338344015384e+04
   6.00000   3.86796712756223e+02   1.27042144120436e+16
   7.00000   1.02885349739015e+02   0.00000000000000e+00
   9.00000   1.16814933020011e+01   1.98552047499667e+03
   9.00000   3.63468083578310e+01   4.76344961313958e+10
   9.00000   3.99527742061100e+01   0.00000000000000e+00
   9.00000   1.13092602430768e+02   1.66796866339781e+16
   9.00000   4.67351987544616e+02   0.00000000000000e+00
  10.00000   1.16814933020011e+01   0.00000000000000e+00
  10.00000   1.55145914439081e+01   6.96635222918513e+04
  10.00000   1.70537936304098e+01   2.07550308636169e+06
  10.00000   4.82734413643135e+01   4.23664355366262e+12
  10.00000   1.65103711753182e+02   3.97358500198383e+18
  10.00000   1.81483646413326e+02   1.21329931561584e+19
  10.00000   4.67351987544616e+02   5.42333507847390e+22
  10.00000   2.81952940980885e+03   4.30180358761045e+31
# orbitals: 1s2 2s2 2p6 3s2 3p6 3d10 4s2 4p6
CORE 36 26 I
   0.00000   5.48091524587523e+00   1.10640834189714e+01
   0.00000   6.02467669528127e+00   0.00000000000000e+00
   0.00000   1.16814933020011e+01   6.21874948777543e+02
   0.00000   3.63468083578310e+01   7.62065082296369e+03
   0.00000   1.36645557678055e+02   1.39864362066385e+05
   0.00000   7.49976046488401e+02   5.05449434972109e+04
   0.00000   8.24381149242954e+02   0.00000000000000e+00
   0.00000   3.74471360179388e+03   6.37542254951556e+04
   0.00000   4.11622653428346e+03   0.00000000000000e+00
   5.00000   3.20126373667636e+02   4.37559250354024e+13
   6.00000   3.86796712756223e+02   5.84616191167581e+15
   7.00000   1.02885349739015e+02   0.00000000000000e+00
   8.00000   3.63468083578310e+01   2.43730059874183e+10
   9.00000   1.16814933020011e+01   4.68378828885832e+03
   9.00000   3.99527742061100e+01   0.00000000000000e+00
   9.00000   1.13092602430768e+02   1.72503038273593e+16
  10.00000   1.28404139282420e+01   5.02108520009736e+04
  10.00000   1.70537936304098e+01   6.77965721842248e+06
  10.00000   1.87457000231098e+01   9.72567975128858e+06
  10.00000   4.82734413643135e+01   1.18361117073861e+12
  10.00000   5.30626481421106e+01   3.32237817963894e+12
  10.00000   1.65103711753182e+02   3.52969371223058e+18
  10.00000   1.81483646413326e+02   1.46238566868353e+19
  10.00000   4.67351987544616e+02   4.74050253624325e+20
  10.00000   2.56505079194021e+03   9.78391428143877e+30
  10.00000   2.81952940980885e+03   0.00000000000000e+00
# orbitals: 1s2 2s2 2p6 3s2 3p6 3d10 4s2 4p6 4d10
CORE 46 28 I
   0.00000   3.75431274243633e+00   0.00000000000000e+00
   0.00000   4.12677800540260e+00   1.08823883907233e+01
   0.00000   1.41143110376434e+01   9.91036583322638e+02
   0.00000   3.63468083578310e+01   6.96597352519386e+03
   0.00000   1.36645557678055e+02   1.40468145066386e+05
   0.00000   7.49976046488401e+02   4.97084362517791e+04
   0.00000   3.40673183136680e+03   2.69547866130882e+04
   0.00000   3.74471360179388e+03   3.34620851893991e+04
   4.00000   6.02467669528127e+00   2.04008828602103e+01
   4.00000   6.62238470298935e+00   1.22200442851487e+02
   5.00000   3.51886102313251e+02   0.00000000000000e+00
   6.00000   3.86796712756223e+02   1.10498979909336e+16
   7.00000   1.02885349739015e+02   0.00000000000000e+00
   9.00000   1.16814933020011e+01   0.00000000000000e+00
   9.00000   3.99527742061100e+01   1.53920834554963e+11
   9.00000   1.13092602430768e+02   1.55883689967902e+16
  10.00000   1.28404139282420e+01   1.68921615791625e+05
  10.00000   1.70537936304098e+01   1.07962358936291e+07
  10.00000   1.87457000231098e+01   1.55007393643370e+07
  10.00000   3.99527742061100e+01   3.09353655183341e+11
  10.00000   5.30626481421106e+01   1.20273586455286e+13
  10.00000   1.24312516378742e+02   0.00000000000000e+00
  10.00000   1.65103711753182e+02   4.15354838952247e+18
  10.00000   1.81483646413326e+02   1.13058400235423e+19
  10.00000   4.67351987544616e+02   8.98610616176998e+22
  10.00000   7.49976046488401e+02   9.38770709527062e+24
  10.00000   2.56505079194021e+03   7.12639096155126e+30
  10.00000   2.81952940980885e+03   0.00000000000000e+00
# orbitals: 1s2 2s2 2p6 3s2 3p6 3d10 4s2 4p6 4d10 5s2
CORE 48 30 I
   0.00000   2.12836686483305e+00   0.00000000000000e+00
   0.00000   2.33952208241471e+00   2.08251050014933e+00
   0.00000   3.10719942598841e+00   4.26262869457089e+00
   0.00000   3.41546459479222e+00   8.29841371451194e-01
   0.00000   1.41143110376434e+01   9.98240513488998e+02
   0.00000   3.63468083578310e+01   6.96005609271764e+03
   0.00000   1.36645557678055e+02   1.40554013385834e+05
   0.00000   7.49976046488401e+02   4.97510172463349e+04
   0.00000   3.40673183136680e+03   2.56542985178017e+04
   0.00000   3.74471360179388e+03   3.49557383933707e+04
   5.00000   3.20126373667636e+02   0.00000000000000e+00
   5.00000   3.51886102313251e+02   0.00000000000000e+00
   6.00000   3.86796712756223e+02   1.12616195304983e+16
   7.00000   1.02885349739015e+02   0.00000000000000e+00
   9.00000   3.99527742061100e+01   1.61260650430787e+11
   9.00000   1.13092602430768e+02   1.56027648729919e+16
  10.00000   5.48091524587523e+00   0.00000000000000e+00
  10.00000   6.02467669528127e+00   5.77327428208229e-01
  10.00000   1.28404139282420e+01   1.58071020533740e+05
  10.00000   1.70537936304098e+01   1.05097279030756e+07
  10.00000   1.87457000231098e+01   1.77025740045534e+07
  10.00000   3.99527742061100e+01   2.91203079501376e+11
  10.00000   5.30626481421106e+01   1.20189397495763e+13
  10.00000   1.24312516378742e+02   0.00000000000000e+00
  10.00000   1.65103711753182e+02   4.21472714207314e+18
  10.00000   1.81483646413326e+02   1.12240138323526e+19
  10.00000   4.67351987544616e+02   8.47403050699843e+22
  10.00000   7.49976046488401e+02   8.59725507695163e+24
  10.00000   2.56505079194021e+03   7.09804182121592e+30
  10.00000   2.81952940980885e+03   0.00000000000000e+00
