# Free-atom, free-ion and frozen-core density fits -- Lu (Z = 71)
#
#   rho(r) = sum_i c_i r^n_i exp(-alpha_i r)      r in bohr, rho in e/bohr^3
#
# All-electron B86BPBE densities (scalar-relativistic, spin-restricted),
# fitted with rhofit.py (monotone decay imposed).  Two kinds of block:
#
#   STATE <N> <q> <nterm> <symbol>
#     the atom or ion with N electrons (charge q), in order of increasing N;
#   CORE <N_core> <nterm> <symbol>
#     the frozen core of the neutral atom with N_core electrons, for a
#     pseudopotential with Z - N_core valence electrons, in order of
#     increasing N_core, each preceded by a '# orbitals:' comment.
#
# Each block header is followed by nterm lines:   n   alpha   c
#
# Generated 2026-09-23 by combine_fits.py from
#   /home/alberto/doc/manuals/critic2/atomic_density_fits/15_rhofit/rho_b86bpbe_mono/fit_071_Lu.dat
#     recipe: --npow 0,1,2,3,4,5,6,7,8,9,10 --amin 0.2 --ratio 1.1 --mom 3 --cusp none --targetz 1e-3 --besteffort --monotone --stats
#   /home/alberto/doc/manuals/critic2/atomic_density_fits/15_rhofit/core_b86bpbe_mono/core_071_Lu.dat
#     recipe: --npow 0,1,2,3,4,5,6,7,8,9,10 --amin 0.2 --ratio 1.1 --mom 3 --cusp none --besteffort --monotone --stats --target 1e-3*N_core
#
STATE 68 +3 29 Lu
   0.00000   3.42295163122861e+00   1.71534590266084e+01
   0.00000   3.76281720553339e+00   1.59146330070787e+01
   0.00000   6.04052819242446e+00   2.94891177302031e+01
   0.00000   2.06792879753887e+01   3.64661052156222e+03
   0.00000   5.32916503778969e+01   1.90794263175784e+04
   0.00000   1.82439904217374e+02   1.00305790598689e+05
   0.00000   2.00554399980987e+02   3.17082997495719e+05
   0.00000   8.29693289875858e+02   3.11236141682730e+05
   0.00000   2.84039175483164e+03   0.00000000000000e+00
   0.00000   3.12241483871025e+03   2.65560867085667e+05
   0.00000   9.72386473334349e+03   7.16391716370157e+05
   0.00000   1.06893492706969e+04   0.00000000000000e+00
   7.00000   5.68156712740534e+02   0.00000000000000e+00
   9.00000   2.06792879753887e+01   0.00000000000000e+00
   9.00000   1.65961547859333e+02   8.58406658687093e+17
   9.00000   6.24569110072998e+02   8.01259207567172e+22
  10.00000   7.29960959527048e+00   2.27940181704850e+01
  10.00000   9.69698469269714e+00   1.35650520950577e+03
  10.00000   1.06598003052640e+01   7.02706405468504e+03
  10.00000   2.06792879753887e+01   8.05008763999744e+07
  10.00000   2.74708854406603e+01   1.02744329239873e+10
  10.00000   3.01984753288060e+01   8.68424427329384e+08
  10.00000   6.43997064584780e+01   3.86536490459381e+14
  10.00000   7.78231141750916e+01   1.18663641045191e+15
  10.00000   1.82439904217374e+02   2.88754361873479e+19
  10.00000   2.42357750156836e+02   3.83137814943749e+20
  10.00000   2.66421501216824e+02   1.90167468745375e+21
  10.00000   2.58384158981517e+03   6.30590781569034e+31
  10.00000   2.84039175483164e+03   0.00000000000000e+00
STATE 69 +2 31 Lu
   0.00000   1.76446988343605e+00   5.68333796848834e-01
   0.00000   3.42295163122861e+00   2.46649265669788e+01
   0.00000   4.99862086694551e+00   0.00000000000000e+00
   0.00000   5.49493496504058e+00   3.86287833134798e+01
   0.00000   2.06792879753887e+01   3.59998040114888e+03
   0.00000   2.27325387487415e+01   0.00000000000000e+00
   0.00000   5.32916503778969e+01   1.94687334334489e+04
   0.00000   1.82439904217374e+02   7.64215868641293e+04
   0.00000   2.00554399980987e+02   3.43382179741005e+05
   0.00000   8.29693289875858e+02   3.04124916917936e+05
   0.00000   2.84039175483164e+03   0.00000000000000e+00
   0.00000   3.12241483871025e+03   2.92126347882000e+05
   0.00000   1.06893492706969e+04   7.35479227284528e+05
   0.00000   1.17506969671368e+04   0.00000000000000e+00
   7.00000   5.68156712740534e+02   3.89384066321632e+18
   9.00000   2.06792879753887e+01   0.00000000000000e+00
   9.00000   1.65961547859333e+02   1.08447979361933e+18
   9.00000   6.24569110072998e+02   7.36996607546271e+22
  10.00000   3.76281720553339e+00   1.64954944344760e-03
  10.00000   4.13642810289319e+00   8.99203228648233e-04
  10.00000   9.69698469269714e+00   1.16928956341714e+03
  10.00000   1.06598003052640e+01   5.95362500849388e+03
  10.00000   2.06792879753887e+01   7.47162784176571e+07
  10.00000   2.74708854406603e+01   1.04786841312251e+10
  10.00000   6.43997064584780e+01   3.84092730052690e+14
  10.00000   7.78231141750916e+01   1.22769849509777e+15
  10.00000   1.82439904217374e+02   1.84644881777851e+19
  10.00000   2.42357750156836e+02   4.39719848069076e+20
  10.00000   2.66421501216824e+02   1.65801163955345e+21
  10.00000   2.58384158981517e+03   5.09845392452348e+31
  10.00000   2.84039175483164e+03   8.15750109462847e+30
STATE 70 +1 32 Lu
   0.00000   1.46012330337297e+00   4.21649786690019e-01
   0.00000   3.42295163122861e+00   6.89133108386229e+00
   0.00000   3.76281720553339e+00   3.24610122663829e+01
   0.00000   5.49493496504058e+00   0.00000000000000e+00
   0.00000   2.06792879753887e+01   0.00000000000000e+00
   0.00000   2.27325387487415e+01   4.33771568876044e+03
   0.00000   5.32916503778969e+01   1.83607277234043e+04
   0.00000   1.82439904217374e+02   7.71981780725874e+04
   0.00000   2.00554399980987e+02   3.43396841563011e+05
   0.00000   8.29693289875858e+02   3.02956577263415e+05
   0.00000   3.12241483871025e+03   2.96430637221431e+05
   0.00000   1.06893492706969e+04   7.15415837621864e+05
   0.00000   1.17506969671368e+04   0.00000000000000e+00
   7.00000   5.68156712740534e+02   4.07667728108344e+18
   9.00000   2.06792879753887e+01   5.73499328661951e+07
   9.00000   5.85829893486531e+01   2.36941313527522e+13
   9.00000   1.65961547859333e+02   1.49025476792537e+18
   9.00000   6.24569110072998e+02   7.98407252198879e+22
  10.00000   3.42295163122861e+00   2.88483587008028e-04
  10.00000   3.76281720553339e+00   2.83278233272949e-03
  10.00000   9.69698469269714e+00   8.28412355417369e+02
  10.00000   1.06598003052640e+01   6.24514782567761e+03
  10.00000   2.06792879753887e+01   2.00826133528251e+07
  10.00000   2.74708854406603e+01   7.03099336592590e+09
  10.00000   3.01984753288060e+01   9.48981517538118e+09
  10.00000   6.43997064584780e+01   5.65240711374853e+13
  10.00000   7.78231141750916e+01   1.41767278218563e+15
  10.00000   1.82439904217374e+02   0.00000000000000e+00
  10.00000   2.42357750156836e+02   4.53566656262683e+20
  10.00000   2.66421501216824e+02   1.49319063742055e+21
  10.00000   2.58384158981517e+03   4.68030981369964e+31
  10.00000   2.84039175483164e+03   1.46553641284442e+31
STATE 71 +0 33 Lu
   0.00000   1.09913858929841e+00   1.65579383088337e-01
   0.00000   1.20827228680215e+00   3.82431519611752e-02
   0.00000   3.42295163122861e+00   3.16043679745498e+01
   0.00000   5.49493496504058e+00   0.00000000000000e+00
   0.00000   2.06792879753887e+01   3.58556749735001e+03
   0.00000   5.32916503778969e+01   1.96386568839398e+04
   0.00000   1.82439904217374e+02   7.21344397124681e+04
   0.00000   2.00554399980987e+02   3.48004126455024e+05
   0.00000   8.29693289875858e+02   3.02903549163930e+05
   0.00000   2.84039175483164e+03   0.00000000000000e+00
   0.00000   3.12241483871025e+03   2.96066782691006e+05
   0.00000   1.06893492706969e+04   7.17513138772077e+05
   0.00000   1.17506969671368e+04   0.00000000000000e+00
   7.00000   5.68156712740534e+02   4.15523549949870e+18
   8.00000   2.57669898048621e+00   3.06981936353171e-05
   9.00000   2.06792879753887e+01   4.68623460585319e+07
   9.00000   5.85829893486531e+01   1.62787976527480e+13
   9.00000   1.65961547859333e+02   1.54013979468815e+18
   9.00000   6.24569110072998e+02   7.48879645914695e+22
  10.00000   3.11378343133460e+00   0.00000000000000e+00
  10.00000   3.42295163122861e+00   7.77714406264768e-04
  10.00000   9.69698469269714e+00   7.48078325541895e+02
  10.00000   1.06598003052640e+01   5.00722777444710e+03
  10.00000   2.06792879753887e+01   4.02692557109143e+07
  10.00000   2.74708854406603e+01   7.69008649786553e+09
  10.00000   3.01984753288060e+01   8.90667345364135e+09
  10.00000   6.43997064584780e+01   1.50576468006464e+14
  10.00000   7.78231141750916e+01   1.30316497916352e+15
  10.00000   1.82439904217374e+02   0.00000000000000e+00
  10.00000   2.42357750156836e+02   4.39087055078031e+20
  10.00000   2.66421501216824e+02   1.60869914500417e+21
  10.00000   2.58384158981517e+03   4.77988185489795e+31
  10.00000   2.84039175483164e+03   1.23911652125344e+31
STATE 72 -1 33 Lu
   0.00000   9.99862077183200e-01   2.66292538085832e-02
   0.00000   1.09913858929841e+00   1.86372237265540e-01
   0.00000   3.42295163122861e+00   1.49338679450575e+01
   0.00000   3.76281720553339e+00   1.64397839660268e+01
   0.00000   5.49493496504058e+00   4.53149945384843e+01
   0.00000   2.06792879753887e+01   4.41638635651917e+02
   0.00000   2.27325387487415e+01   3.91577598597481e+03
   0.00000   5.32916503778969e+01   1.80167412242558e+04
   0.00000   1.82439904217374e+02   8.19518741941183e+04
   0.00000   2.00554399980987e+02   3.39358140798851e+05
   0.00000   8.29693289875858e+02   2.97912410043744e+05
   0.00000   9.12073707959435e+02   0.00000000000000e+00
   0.00000   3.12241483871025e+03   3.37052950292912e+05
   0.00000   3.43244005282498e+03   0.00000000000000e+00
   0.00000   1.29174260955247e+04   7.28630634037712e+05
   0.00000   1.42000000000000e+04   0.00000000000000e+00
   7.00000   5.68156712740534e+02   0.00000000000000e+00
   9.00000   2.06792879753887e+01   4.36492813050680e+07
   9.00000   1.65961547859333e+02   5.50805117618022e+17
   9.00000   6.24569110072998e+02   1.16939383072856e+23
  10.00000   1.32824189166717e+00   1.10066762471961e-09
  10.00000   1.46012330337297e+00   1.22065988848438e-08
  10.00000   2.83253995434746e+00   7.79231321021321e-05
  10.00000   3.11378343133460e+00   0.00000000000000e+00
  10.00000   9.69698469269714e+00   2.53987292079482e+03
  10.00000   1.06598003052640e+01   1.08304686681808e+03
  10.00000   2.74708854406603e+01   9.15575830036359e+09
  10.00000   6.43997064584780e+01   3.99388407762850e+14
  10.00000   7.78231141750916e+01   1.25711539825851e+15
  10.00000   1.82439904217374e+02   3.93268905086170e+19
  10.00000   2.42357750156836e+02   3.90947137139377e+20
  10.00000   2.66421501216824e+02   1.77866709758131e+21
  10.00000   2.84039175483164e+03   1.46888401634345e+32
# orbitals: 1s2
CORE 2 7 Lu
   0.00000   1.37335482893802e+02   9.03207057779887e+04
   0.00000   1.50971551350128e+02   7.30500023702375e+04
   0.00000   1.82439904217374e+02   1.16930582415940e+05
   0.00000   3.21954121347811e+02   1.27496515882483e+05
   0.00000   3.53921012540015e+02   0.00000000000000e+00
   0.00000   7.54753644642544e+02   0.00000000000000e+00
   0.00000   8.29693289875858e+02   2.29985155571557e+05
# orbitals: 1s2 2s2
CORE 4 16 Lu
   0.00000   4.40995798922019e+01   4.20688660552802e+02
   0.00000   4.84782362862693e+01   2.10351907404807e+03
   0.00000   1.65961547859333e+02   1.32372689944112e+05
   0.00000   1.82439904217374e+02   2.57293982735999e+05
   0.00000   6.24569110072998e+02   1.87168592566289e+05
   0.00000   6.86582705985773e+02   7.32772639924460e+04
   0.00000   2.35046357598454e+03   3.13111949584388e+05
   0.00000   8.84558479266501e+03   5.11219487013155e+05
   4.00000   7.78231141750916e+01   2.01578245786193e+09
   5.00000   9.40444830104040e+01   0.00000000000000e+00
   7.00000   1.24931052857316e+02   7.48654983990202e+13
   9.00000   5.68156712740534e+02   0.00000000000000e+00
  10.00000   1.82439904217374e+02   0.00000000000000e+00
  10.00000   2.00554399980987e+02   2.05329837535291e+19
  10.00000   5.68156712740534e+02   2.57292166434822e+24
  10.00000   2.13816475584528e+03   3.87192312000355e+30
# orbitals: 1s2 2s2 2p6
CORE 10 16 Lu
   0.00000   4.40995798922019e+01   0.00000000000000e+00
   0.00000   4.84782362862693e+01   1.81669914223001e+04
   0.00000   1.82439904217374e+02   1.28931991637336e+05
   0.00000   2.00554399980987e+02   2.85674837448389e+05
   0.00000   9.12073707959435e+02   3.24176315527588e+05
   0.00000   4.14789428120118e+03   4.39187666229361e+05
   3.00000   7.07939666112905e+01   2.06586448158621e+08
   4.00000   8.55501872520226e+01   5.44001150538620e+09
   6.00000   5.16839601936767e+02   0.00000000000000e+00
   8.00000   1.50971551350128e+02   7.48586997890689e+15
   8.00000   5.68156712740534e+02   1.12351611882921e+21
  10.00000   2.00554399980987e+02   1.67086474573601e+18
  10.00000   2.20467487769617e+02   9.35377446002400e+19
  10.00000   6.24569110072998e+02   5.61792215779638e+24
  10.00000   3.12241483871025e+03   6.35111701511396e+32
  10.00000   3.43244005282498e+03   0.00000000000000e+00
# orbitals: 1s2 2s2 2p6 3s2
CORE 12 18 Lu
   0.00000   4.01164129648735e+01   1.02832869294688e+04
   0.00000   4.40995798922019e+01   7.86799311019400e+03
   0.00000   2.00554399980987e+02   4.40460316646959e+05
   0.00000   9.12073707959435e+02   0.00000000000000e+00
   0.00000   1.00263369476610e+03   3.44185807066800e+05
   0.00000   4.55973956092252e+03   2.14552122550938e+05
   0.00000   5.01247704351351e+03   2.76442365630152e+05
   7.00000   1.37335482893802e+02   0.00000000000000e+00
   7.00000   5.68156712740534e+02   1.64505725337027e+19
   8.00000   1.37335482893802e+02   1.35326852224337e+16
   9.00000   4.40995798922019e+01   4.24235958321060e+10
   9.00000   6.24569110072998e+02   2.15901716815089e+23
  10.00000   4.40995798922019e+01   7.00880121861916e+09
  10.00000   5.85829893486531e+01   1.00463541223915e+13
  10.00000   6.43997064584780e+01   4.05143084596991e+13
  10.00000   2.20467487769617e+02   2.06625191909636e+20
  10.00000   2.42357750156836e+02   2.64006236775557e+20
  10.00000   3.43244005282498e+03   1.63041119938511e+33
# orbitals: 1s2 2s2 2p6 3s2 3p6
CORE 18 19 Lu
   0.00000   1.88114911359265e+01   3.75628268966891e+02
   0.00000   2.06792879753887e+01   2.81238299994333e+02
   0.00000   4.84782362862693e+01   2.37091352664274e+04
   0.00000   2.00554399980987e+02   3.73749180030673e+05
   0.00000   2.20467487769617e+02   6.03872748501244e+04
   0.00000   1.00263369476610e+03   3.42270535922154e+05
   0.00000   4.55973956092252e+03   4.64379596259439e+05
   7.00000   4.01164129648735e+01   0.00000000000000e+00
   7.00000   6.24569110072998e+02   0.00000000000000e+00
   8.00000   4.40995798922019e+01   3.63796834686737e+08
   8.00000   1.50971551350128e+02   2.33636827427675e+16
   9.00000   6.86582705985773e+02   6.68536499546215e+23
  10.00000   4.84782362862693e+01   2.99046754166442e+12
  10.00000   6.43997064584780e+01   2.25409178344553e+14
  10.00000   7.07939666112905e+01   3.71916143460418e+13
  10.00000   1.65961547859333e+02   1.07858192894687e+19
  10.00000   2.42357750156836e+02   1.00081036721007e+21
  10.00000   3.43244005282498e+03   2.07633340454661e+33
  10.00000   3.77324773446942e+03   0.00000000000000e+00
# orbitals: 1s2 2s2 2p6 3s2 3p6 3d10
CORE 28 18 Lu
   0.00000   1.88114911359265e+01   6.62957747409453e+02
   0.00000   2.06792879753887e+01   2.53321343282967e+03
   0.00000   4.84782362862693e+01   1.82681293004124e+04
   0.00000   2.00554399980987e+02   4.32907938129419e+05
   0.00000   9.12073707959435e+02   3.05998168053593e+05
   0.00000   3.77324773446942e+03   4.35999360906469e+05
   0.00000   4.14789428120118e+03   0.00000000000000e+00
   7.00000   4.01164129648735e+01   0.00000000000000e+00
   7.00000   1.50971551350128e+02   0.00000000000000e+00
   8.00000   4.40995798922019e+01   1.45304100645235e+11
   9.00000   1.65961547859333e+02   1.27874743789615e+18
   9.00000   6.86582705985773e+02   3.39947128578879e+23
  10.00000   6.43997064584780e+01   1.42992688823441e+14
  10.00000   7.07939666112905e+01   5.52057746255351e+14
  10.00000   2.42357750156836e+02   5.52361327125047e+20
  10.00000   2.66421501216824e+02   4.51669514399697e+20
  10.00000   6.86582705985773e+02   2.49950828586694e+25
  10.00000   3.43244005282498e+03   8.94190311115334e+32
# orbitals: 1s2 2s2 2p6 3s2 3p6 3d10 4s2
CORE 30 25 Lu
   0.00000   1.55667698477642e+01   1.10336817390006e+03
   0.00000   1.71123976404893e+01   1.07965858841569e+03
   0.00000   4.84782362862693e+01   0.00000000000000e+00
   0.00000   5.32916503778969e+01   2.25742166580724e+04
   0.00000   2.00554399980987e+02   4.26704549730785e+05
   0.00000   8.29693289875858e+02   2.39854923388972e+05
   0.00000   9.12073707959435e+02   4.69686232830101e+04
   0.00000   3.12241483871025e+03   3.42524012575631e+05
   0.00000   3.43244005282498e+03   0.00000000000000e+00
   0.00000   1.17506969671368e+04   5.94425701490237e+05
   9.00000   5.32916503778969e+01   3.56272635080236e+12
   9.00000   1.65961547859333e+02   8.88133900322524e+17
   9.00000   6.86582705985773e+02   4.71736280595885e+23
  10.00000   1.55667698477642e+01   0.00000000000000e+00
  10.00000   1.71123976404893e+01   8.33917019977771e+04
  10.00000   2.49896572153771e+01   2.36619445215092e+08
  10.00000   2.74708854406603e+01   4.18197524446330e+08
  10.00000   5.85829893486531e+01   1.90928528081259e+13
  10.00000   7.07939666112905e+01   6.55191910492384e+14
  10.00000   1.65961547859333e+02   9.64583970932918e+18
  10.00000   2.42357750156836e+02   1.04794031381833e+21
  10.00000   2.66421501216824e+02   2.27651445725495e+20
  10.00000   6.86582705985773e+02   0.00000000000000e+00
  10.00000   2.84039175483164e+03   7.56001446314879e+31
  10.00000   3.12241483871025e+03   0.00000000000000e+00
# orbitals: 1s2 2s2 2p6 3s2 3p6 3d10 4s2 4p6
CORE 36 25 Lu
   0.00000   8.02438933935550e+00   0.00000000000000e+00
   0.00000   8.82113261389785e+00   1.28056520265824e+01
   0.00000   1.71123976404893e+01   2.15385689716240e+03
   0.00000   5.32916503778969e+01   2.34417582152775e+04
   0.00000   2.00554399980987e+02   4.24611701966242e+05
   0.00000   8.29693289875858e+02   2.81497000227539e+05
   0.00000   2.84039175483164e+03   2.00485288938668e+05
   0.00000   3.12241483871025e+03   1.18182732912087e+05
   0.00000   1.06893492706969e+04   5.98429835894622e+05
   0.00000   1.17506969671368e+04   0.00000000000000e+00
   8.00000   6.24569110072998e+02   0.00000000000000e+00
   9.00000   1.88114911359265e+01   6.56733043631615e+06
   9.00000   5.85829893486531e+01   2.53307761940752e+13
   9.00000   1.65961547859333e+02   9.94143494665120e+17
   9.00000   6.86582705985773e+02   4.06569528604155e+23
  10.00000   1.88114911359265e+01   0.00000000000000e+00
  10.00000   2.49896572153771e+01   2.68352271440451e+08
  10.00000   2.74708854406603e+01   4.13834188176609e+09
  10.00000   7.07939666112905e+01   0.00000000000000e+00
  10.00000   7.78231141750916e+01   9.30999253175254e+14
  10.00000   1.65961547859333e+02   8.81116932758444e+18
  10.00000   2.42357750156836e+02   9.87932424674731e+20
  10.00000   2.66421501216824e+02   5.52314041909717e+20
  10.00000   6.86582705985773e+02   0.00000000000000e+00
  10.00000   2.84039175483164e+03   7.84504632350443e+31
# orbitals: 1s2 2s2 2p6 3s2 3p6 3d10 4s2 4p6 4d10
CORE 46 25 Lu
   0.00000   6.64029348402037e+00   2.64053786386123e+01
   0.00000   7.29960959527048e+00   5.61361869606925e+00
   0.00000   2.06792879753887e+01   3.65873656869644e+03
   0.00000   5.32916503778969e+01   2.01969048491333e+04
   0.00000   2.00554399980987e+02   4.28818286507667e+05
   0.00000   8.29693289875858e+02   1.08564510762455e+05
   0.00000   9.12073707959435e+02   1.98985802208307e+05
   0.00000   3.12241483871025e+03   0.00000000000000e+00
   0.00000   3.43244005282498e+03   3.24494811011415e+05
   0.00000   1.06893492706969e+04   5.58685242022388e+05
   0.00000   1.17506969671368e+04   0.00000000000000e+00
   5.00000   1.17182140788242e+01   1.48158024281978e+03
   6.00000   1.41607464122913e+01   0.00000000000000e+00
   7.00000   1.55667698477642e+01   6.08743163764017e+05
   7.00000   5.68156712740534e+02   1.24411623783150e+19
   8.00000   1.88114911359265e+01   8.77562121828111e+06
   9.00000   5.85829893486531e+01   1.55117774016318e+13
   9.00000   1.65961547859333e+02   1.47074729398356e+18
  10.00000   2.74708854406603e+01   7.57287556325858e+09
  10.00000   6.43997064584780e+01   1.62375132119185e+14
  10.00000   7.78231141750916e+01   1.20807466756748e+15
  10.00000   2.42357750156836e+02   5.10829130453725e+20
  10.00000   2.66421501216824e+02   1.13587450246953e+21
  10.00000   6.86582705985773e+02   1.68086844260978e+25
  10.00000   2.84039175483164e+03   1.13793344993892e+32
# orbitals: 1s2 2s2 2p6 3s2 3p6 3d10 4s2 4p6 4d10 5s2
CORE 48 28 Lu
   0.00000   4.13642810289319e+00   1.17094690529149e+00
   0.00000   4.54713490340255e+00   2.54782033689525e+01
   0.00000   2.06792879753887e+01   1.60658655882283e+02
   0.00000   2.27325387487415e+01   4.25658993260576e+03
   0.00000   5.32916503778969e+01   1.89218990456424e+04
   0.00000   2.00554399980987e+02   4.30314324721640e+05
   0.00000   8.29693289875858e+02   9.39255954916392e+04
   0.00000   9.12073707959435e+02   2.14907008306686e+05
   0.00000   3.12241483871025e+03   0.00000000000000e+00
   0.00000   3.43244005282498e+03   3.18299004281434e+05
   0.00000   1.06893492706969e+04   5.82882042719708e+05
   0.00000   1.17506969671368e+04   0.00000000000000e+00
   7.00000   5.68156712740534e+02   1.28260132183993e+19
   9.00000   2.06792879753887e+01   0.00000000000000e+00
   9.00000   5.85829893486531e+01   2.14231225775058e+13
   9.00000   1.65961547859333e+02   1.42891819328228e+18
   9.00000   6.24569110072998e+02   1.11352250864420e+23
  10.00000   5.49493496504058e+00   3.38315054574958e-03
  10.00000   9.69698469269714e+00   3.58724812036531e+02
  10.00000   1.06598003052640e+01   5.09834308750409e+02
  10.00000   2.06792879753887e+01   7.48107701002374e+07
  10.00000   2.74708854406603e+01   8.52990254326656e+09
  10.00000   6.43997064584780e+01   9.11536157181949e+13
  10.00000   7.78231141750916e+01   1.37023052117502e+15
  10.00000   1.82439904217374e+02   0.00000000000000e+00
  10.00000   2.42357750156836e+02   5.22612472650306e+20
  10.00000   2.66421501216824e+02   1.05162495505864e+21
  10.00000   2.84039175483164e+03   1.14457349101934e+32
# orbitals: 1s2 2s2 2p6 3s2 3p6 3d10 4s2 4p6 4d10 5s2 5p6
CORE 54 30 Lu
   0.00000   3.11378343133460e+00   7.94742172303445e+00
   0.00000   3.42295163122861e+00   3.36382905197742e+00
   0.00000   2.06792879753887e+01   0.00000000000000e+00
   0.00000   2.27325387487415e+01   4.49257999608942e+03
   0.00000   5.32916503778969e+01   1.89420019877690e+04
   0.00000   2.00554399980987e+02   4.29934475391038e+05
   0.00000   8.29693289875858e+02   1.41389979317323e+05
   0.00000   9.12073707959435e+02   1.58698126310932e+05
   0.00000   2.84039175483164e+03   0.00000000000000e+00
   0.00000   3.12241483871025e+03   2.87175849532696e+05
   0.00000   1.06893492706969e+04   7.04226163721720e+05
   0.00000   1.17506969671368e+04   0.00000000000000e+00
   7.00000   5.68156712740534e+02   1.34238483922458e+19
   9.00000   6.64029348402037e+00   0.00000000000000e+00
   9.00000   2.06792879753887e+01   4.96760055156245e+07
   9.00000   5.85829893486531e+01   2.41506991310342e+13
   9.00000   1.65961547859333e+02   1.42343321083758e+18
   9.00000   6.24569110072998e+02   1.04108558179355e+23
  10.00000   7.29960959527048e+00   2.25440238626224e+01
  10.00000   9.69698469269714e+00   1.33881330815632e+03
  10.00000   1.06598003052640e+01   7.23896456012401e+03
  10.00000   2.74708854406603e+01   7.05496181423498e+09
  10.00000   3.01984753288060e+01   5.38675761318678e+09
  10.00000   6.43997064584780e+01   5.97253819410042e+13
  10.00000   7.78231141750916e+01   1.44156583969555e+15
  10.00000   1.82439904217374e+02   0.00000000000000e+00
  10.00000   2.42357750156836e+02   5.32289766239101e+20
  10.00000   2.66421501216824e+02   1.03732653076450e+21
  10.00000   2.58384158981517e+03   0.00000000000000e+00
  10.00000   2.84039175483164e+03   1.01634584497816e+32
# orbitals: 1s2 2s2 2p6 3s2 3p6 3d10 4s2 4p6 4d10 4f14
CORE 60 27 Lu
   0.00000   2.34396610217214e+00   0.00000000000000e+00
   0.00000   2.57669898048621e+00   1.00162535322159e+00
   0.00000   4.99862086694551e+00   7.74364084194314e+01
   0.00000   2.27325387487415e+01   4.24117781481073e+03
   0.00000   5.32916503778969e+01   1.91729998580845e+04
   0.00000   2.00554399980987e+02   4.29593297595601e+05
   0.00000   8.29693289875858e+02   1.02752638943251e+05
   0.00000   9.12073707959435e+02   2.04684446391016e+05
   0.00000   3.12241483871025e+03   0.00000000000000e+00
   0.00000   3.43244005282498e+03   3.23881221032318e+05
   0.00000   1.06893492706969e+04   5.59775603488616e+05
   0.00000   1.17506969671368e+04   0.00000000000000e+00
   7.00000   5.68156712740534e+02   1.29632523774264e+19
   8.00000   1.88114911359265e+01   3.05956752423493e+06
   9.00000   1.88114911359265e+01   2.09570092919955e+07
   9.00000   5.85829893486531e+01   1.61654306314935e+13
   9.00000   1.65961547859333e+02   1.42964590421117e+18
   9.00000   6.24569110072998e+02   1.07626560655159e+23
  10.00000   3.11378343133460e+00   2.88023363541186e-07
  10.00000   7.29960959527048e+00   0.00000000000000e+00
  10.00000   8.02438933935550e+00   9.29162622279545e+00
  10.00000   2.74708854406603e+01   8.89886648616856e+09
  10.00000   6.43997064584780e+01   1.54175908395879e+14
  10.00000   7.78231141750916e+01   1.28974952198478e+15
  10.00000   2.42357750156836e+02   5.26972608517553e+20
  10.00000   2.66421501216824e+02   1.03932737004634e+21
  10.00000   2.84039175483164e+03   1.13088500155310e+32
# orbitals: 1s2 2s2 2p6 3s2 3p6 3d10 4s2 4p6 4d10 4f14 5s2
CORE 62 29 Lu
   0.00000   2.34396610217214e+00   9.53768070036608e-03
   0.00000   3.42295163122861e+00   8.36854879058481e+00
   0.00000   4.13642810289319e+00   0.00000000000000e+00
   0.00000   4.54713490340255e+00   5.28627164796053e+01
   0.00000   2.06792879753887e+01   3.52282950608236e+03
   0.00000   5.32916503778969e+01   2.03547237072771e+04
   0.00000   2.00554399980987e+02   4.28964277029230e+05
   0.00000   8.29693289875858e+02   1.25228394760647e+05
   0.00000   9.12073707959435e+02   1.80392183915114e+05
   0.00000   3.12241483871025e+03   0.00000000000000e+00
   0.00000   3.43244005282498e+03   3.37152843646816e+05
   0.00000   1.06893492706969e+04   5.10177333581488e+05
   0.00000   1.17506969671368e+04   0.00000000000000e+00
   7.00000   5.68156712740534e+02   1.25771718723553e+19
   9.00000   1.88114911359265e+01   7.87865568620804e+06
   9.00000   5.85829893486531e+01   6.77696314034663e+12
   9.00000   1.65961547859333e+02   1.48436791272388e+18
   9.00000   6.24569110072998e+02   9.80050126464104e+22
  10.00000   4.54713490340255e+00   2.22056436525124e-03
  10.00000   8.82113261389785e+00   6.40345481233065e+00
  10.00000   2.06792879753887e+01   6.11290990172855e+07
  10.00000   2.74708854406603e+01   9.68681226972612e+09
  10.00000   6.43997064584780e+01   2.79714858396902e+14
  10.00000   7.78231141750916e+01   1.22448696138562e+15
  10.00000   1.82439904217374e+02   0.00000000000000e+00
  10.00000   2.42357750156836e+02   5.20572582521506e+20
  10.00000   2.66421501216824e+02   1.16590117215352e+21
  10.00000   6.86582705985773e+02   0.00000000000000e+00
  10.00000   2.84039175483164e+03   1.13189562894026e+32
# orbitals: 1s2 2s2 2p6 3s2 3p6 3d10 4s2 4p6 4d10 4f14 5s2 5p6
CORE 68 31 Lu
   0.00000   3.11378343133460e+00   1.33830493134223e+01
   0.00000   3.42295163122861e+00   1.63893587786913e+01
   0.00000   6.04052819242446e+00   0.00000000000000e+00
   0.00000   2.06792879753887e+01   3.57867253665106e+03
   0.00000   5.32916503778969e+01   2.03904400958141e+04
   0.00000   2.00554399980987e+02   4.28859542087080e+05
   0.00000   8.29693289875858e+02   1.37116034012493e+05
   0.00000   9.12073707959435e+02   1.65284516223744e+05
   0.00000   2.84039175483164e+03   0.00000000000000e+00
   0.00000   3.12241483871025e+03   2.75894974989201e+05
   0.00000   9.72386473334349e+03   6.27310379820093e+05
   0.00000   1.06893492706969e+04   0.00000000000000e+00
   7.00000   5.68156712740534e+02   1.18408228624653e+19
   9.00000   2.06792879753887e+01   6.77629449970587e+07
   9.00000   5.85829893486531e+01   1.70521674269912e+13
   9.00000   1.65961547859333e+02   1.50315495417196e+18
   9.00000   6.24569110072998e+02   1.05543982113890e+23
  10.00000   2.34396610217214e+00   6.01161154684520e-09
  10.00000   2.57669898048621e+00   0.00000000000000e+00
  10.00000   9.69698469269714e+00   1.09742218136454e+03
  10.00000   1.06598003052640e+01   2.18007610272494e+03
  10.00000   2.06792879753887e+01   1.47711003132900e+07
  10.00000   2.74708854406603e+01   6.91744014339631e+09
  10.00000   3.01984753288060e+01   1.01625468088830e+10
  10.00000   6.43997064584780e+01   1.40863168188966e+14
  10.00000   7.78231141750916e+01   1.29895444355261e+15
  10.00000   1.82439904217374e+02   0.00000000000000e+00
  10.00000   2.42357750156836e+02   4.85652741459521e+20
  10.00000   2.66421501216824e+02   1.28324361705010e+21
  10.00000   2.58384158981517e+03   0.00000000000000e+00
  10.00000   2.84039175483164e+03   1.09783077449912e+32
# orbitals: 1s2 2s2 2p6 3s2 3p6 3d10 4s2 4p6 4d10 5s2 5p6 4f14 6s2
CORE 70 34 Lu
   0.00000   1.09913858929841e+00   8.69684646079002e-03
   0.00000   1.20827228680215e+00   1.47395075783094e-01
   0.00000   3.42295163122861e+00   3.19970572396014e+01
   0.00000   3.76281720553339e+00   0.00000000000000e+00
   0.00000   5.49493496504058e+00   0.00000000000000e+00
   0.00000   2.06792879753887e+01   3.58352058152246e+03
   0.00000   5.32916503778969e+01   1.96496738941872e+04
   0.00000   1.82439904217374e+02   7.15141180523998e+04
   0.00000   2.00554399980987e+02   3.48684956550780e+05
   0.00000   8.29693289875858e+02   3.02731082897348e+05
   0.00000   2.84039175483164e+03   0.00000000000000e+00
   0.00000   3.12241483871025e+03   2.96548270628975e+05
   0.00000   1.06893492706969e+04   7.15447797229481e+05
   0.00000   1.17506969671368e+04   0.00000000000000e+00
   7.00000   5.68156712740534e+02   4.26300348464158e+18
   9.00000   2.06792879753887e+01   4.59607764297320e+07
   9.00000   5.85829893486531e+01   1.60923249642100e+13
   9.00000   1.65961547859333e+02   1.53956755363455e+18
   9.00000   6.24569110072998e+02   7.46656443589690e+22
  10.00000   2.57669898048621e+00   6.18184514287373e-06
  10.00000   3.42295163122861e+00   5.93470350226884e-04
  10.00000   3.76281720553339e+00   1.46684911669513e-03
  10.00000   9.69698469269714e+00   6.47888844419191e+02
  10.00000   1.06598003052640e+01   5.19697124519931e+03
  10.00000   2.06792879753887e+01   4.08237937099491e+07
  10.00000   2.74708854406603e+01   7.72067607612047e+09
  10.00000   3.01984753288060e+01   8.73822457365795e+09
  10.00000   6.43997064584780e+01   1.53289326123015e+14
  10.00000   7.78231141750916e+01   1.30183062981676e+15
  10.00000   1.82439904217374e+02   0.00000000000000e+00
  10.00000   2.42357750156836e+02   4.40491094705573e+20
  10.00000   2.66421501216824e+02   1.60340717037526e+21
  10.00000   2.58384158981517e+03   4.75476747511842e+31
  10.00000   2.84039175483164e+03   1.24315413831537e+31
