# Free-atom, free-ion and frozen-core density fits -- Sc (Z = 21)
#
#   rho(r) = sum_i c_i r^n_i exp(-alpha_i r)      r in bohr, rho in e/bohr^3
#
# All-electron B86BPBE densities (scalar-relativistic, spin-restricted),
# fitted with rhofit.py (monotone decay imposed).  Two kinds of block:
#
#   STATE <N> <q> <nterm> <symbol>
#     the atom or ion with N electrons (charge q), in order of increasing N;
#   CORE <N_core> <nterm> <symbol>
#     the frozen core of the neutral atom with N_core electrons, for a
#     pseudopotential with Z - N_core valence electrons, in order of
#     increasing N_core, each preceded by a '# orbitals:' comment.
#
# Each block header is followed by nterm lines:   n   alpha   c
#
# Generated 2026-09-23 by combine_fits.py from
#   /home/alberto/doc/manuals/critic2/atomic_density_fits/15_rhofit/rho_b86bpbe_mono/fit_021_Sc.dat
#     recipe: --npow 0,1,2,3,4,5,6,7,8,9,10 --amin 0.2 --ratio 1.1 --mom 3 --cusp none --targetz 1e-3 --besteffort --monotone --stats
#   /home/alberto/doc/manuals/critic2/atomic_density_fits/15_rhofit/core_b86bpbe_mono/core_021_Sc.dat
#     recipe: --npow 0,1,2,3,4,5,6,7,8,9,10 --amin 0.2 --ratio 1.1 --mom 3 --cusp none --besteffort --monotone --stats --target 1e-3*N_core
#
STATE 18 +3 22 Sc
   0.00000   3.12453792833472e+00   6.86554291577105e-01
   0.00000   3.43518233790364e+00   1.31747247853394e+00
   0.00000   1.07131630206153e+01   2.61797852588246e+02
   0.00000   4.88136863280110e+01   6.44329615350377e+03
   0.00000   9.21776003234660e+02   7.34248414213339e+01
   1.00000   6.48684597294607e+01   5.69383812374556e+02
   1.00000   1.34673259348634e+03   3.77663767522426e+05
   2.00000   7.84082159847272e+01   0.00000000000000e+00
   2.00000   8.62036323050244e+01   8.96114183884769e+05
   2.00000   1.62783116023012e+03   6.81135295965067e+07
   3.00000   9.47740760231976e+01   3.29695287241731e+07
   5.00000   6.06643786677983e+00   6.23106298572443e+01
   6.00000   7.33266324651725e+00   1.11919562170090e+02
   6.00000   3.03893659995221e+01   2.85164380322458e+07
   7.00000   3.03893659995221e+01   2.02442206157411e+08
   8.00000   9.74436897308144e+00   3.18188631609316e+03
  10.00000   1.29492823400354e+01   0.00000000000000e+00
  10.00000   1.42367117965264e+01   3.03047462197064e+05
  10.00000   3.67324271744238e+01   1.04592376890009e+10
  10.00000   5.36667875276272e+01   1.39013081506283e+12
  10.00000   5.90023884732254e+01   4.93244989293560e+12
  10.00000   1.67368420951728e+02   3.27888141481441e+17
STATE 19 +2 22 Sc
   0.00000   2.58498373202156e+00   2.82151061432986e+00
   0.00000   1.07131630206153e+01   0.00000000000000e+00
   0.00000   1.17782754556333e+01   2.82596765981735e+02
   0.00000   4.88136863280110e+01   6.41913069031753e+03
   0.00000   1.11417493574828e+03   4.15820122325172e+02
   1.00000   1.48062597578679e+03   0.00000000000000e+00
   2.00000   8.62036323050244e+01   9.04428147423700e+05
   2.00000   1.78967161832214e+03   0.00000000000000e+00
   3.00000   9.47740760231976e+01   3.13356782115245e+07
   5.00000   2.51416428723212e+01   3.11935438583972e+06
   6.00000   6.66956865044636e+00   3.57633012210943e+01
   6.00000   2.76412479290687e+01   3.41792602369930e+07
   6.00000   3.03893659995221e+01   0.00000000000000e+00
   7.00000   8.06168331189251e+00   6.80514402533363e+02
  10.00000   3.12453792833472e+00   0.00000000000000e+00
  10.00000   3.43518233790364e+00   1.77775021968180e-05
  10.00000   1.29492823400354e+01   4.14274439069959e+04
  10.00000   1.42367117965264e+01   2.04866053842614e+05
  10.00000   5.36667875276272e+01   8.30844160790849e+11
  10.00000   5.90023884732254e+01   4.85393360685942e+12
  10.00000   1.67368420951728e+02   3.14401094135852e+17
  10.00000   4.20000000000000e+03   1.06752371606502e+32
STATE 20 +1 22 Sc
   0.00000   1.21100480977717e+00   1.18765491389152e-02
   0.00000   1.33140401207422e+00   1.06895297111058e-01
   0.00000   2.35122299789147e+00   1.41981741067062e+00
   0.00000   1.07131630206153e+01   2.62192035247530e+02
   0.00000   4.88136863280110e+01   6.44858017098547e+03
   1.00000   6.48684597294607e+01   0.00000000000000e+00
   1.00000   1.22494722368670e+03   3.10890113643479e+05
   2.00000   7.84082159847272e+01   0.00000000000000e+00
   2.00000   8.62036323050244e+01   9.13477865977975e+05
   3.00000   9.47740760231976e+01   3.31571442583942e+07
   6.00000   3.03893659995221e+01   1.29406964641128e+07
   7.00000   8.06168331189251e+00   1.51746212789643e+02
   7.00000   3.03893659995221e+01   2.97792555369804e+08
   8.00000   8.86318321683659e+00   1.64330892187320e+03
  10.00000   3.43518233790364e+00   4.68377951560867e-04
  10.00000   3.77671129789561e+00   5.84489637487763e-04
  10.00000   1.29492823400354e+01   1.04085512575454e+04
  10.00000   1.42367117965264e+01   3.47237107029586e+05
  10.00000   3.67324271744238e+01   0.00000000000000e+00
  10.00000   5.36667875276272e+01   1.19903615609763e+12
  10.00000   5.90023884732254e+01   5.55426333471282e+12
  10.00000   1.67368420951728e+02   3.20195482647946e+17
STATE 21 +0 21 Sc
   0.00000   1.10149333786272e+00   1.13446639999096e-01
   0.00000   2.58498373202156e+00   1.70976300864508e+00
   0.00000   1.07131630206153e+01   2.58284567647163e+02
   0.00000   4.88136863280110e+01   6.43829631181116e+03
   1.00000   6.48684597294607e+01   3.34741004189227e+03
   1.00000   1.22494722368670e+03   3.07034278371200e+05
   2.00000   7.84082159847272e+01   7.80288259116788e+05
   3.00000   9.47740760231976e+01   2.43646376603029e+07
   6.00000   3.03893659995221e+01   3.25223109517254e+07
   7.00000   8.06168331189251e+00   4.66598972877267e+02
   7.00000   3.03893659995221e+01   1.93577282411758e+08
   8.00000   2.35122299789147e+00   6.73603619347659e-05
   8.00000   8.86318321683659e+00   8.94935711205399e+02
  10.00000   3.43518233790364e+00   6.22305595428724e-04
  10.00000   3.77671129789561e+00   1.32302398997641e-03
  10.00000   1.29492823400354e+01   2.55198843899078e+04
  10.00000   1.42367117965264e+01   3.01439991151452e+05
  10.00000   3.67324271744238e+01   1.07944121967389e+10
  10.00000   5.36667875276272e+01   1.17418819184657e+12
  10.00000   5.90023884732254e+01   5.39443704981485e+12
  10.00000   1.67368420951728e+02   2.39956257149561e+17
STATE 22 -1 24 Sc
   0.00000   9.11284300147004e-01   2.87920390298983e-02
   0.00000   1.00188501611254e+00   7.38761144919938e-02
   0.00000   2.35122299789147e+00   1.00268466687819e+00
   0.00000   2.58498373202156e+00   5.25952281623373e-01
   0.00000   1.07131630206153e+01   2.61512893785911e+02
   0.00000   1.17782754556333e+01   0.00000000000000e+00
   0.00000   4.88136863280110e+01   6.44894514729660e+03
   0.00000   1.01341981388677e+03   1.32689857791514e+02
   1.00000   6.48684597294607e+01   0.00000000000000e+00
   1.00000   1.34673259348634e+03   3.69313792660250e+05
   2.00000   8.62036323050244e+01   9.25216406437979e+05
   2.00000   1.62783116023012e+03   0.00000000000000e+00
   3.00000   9.47740760231976e+01   3.28908004786760e+07
   6.00000   3.03893659995221e+01   1.35076257378614e+07
   7.00000   2.13860130620258e+00   1.61135602035877e-04
   7.00000   8.06168331189251e+00   9.36566324683973e+02
   7.00000   3.03893659995221e+01   2.96611375211278e+08
  10.00000   3.12453792833472e+00   0.00000000000000e+00
  10.00000   3.43518233790364e+00   6.98840523156471e-04
  10.00000   1.29492823400354e+01   2.02972930234854e+04
  10.00000   1.42367117965264e+01   2.95707639621129e+05
  10.00000   5.36667875276272e+01   1.16844787282925e+12
  10.00000   5.90023884732254e+01   5.56170076238873e+12
  10.00000   1.67368420951728e+02   3.25693467288439e+17
# orbitals: 1s2
CORE 2 5 Sc
   0.00000   3.67324271744238e+01   4.88174504356210e+02
   0.00000   4.03843985741480e+01   3.98769201975654e+03
   0.00000   5.36667875276272e+01   1.40448591398001e+03
   0.00000   9.47740760231976e+01   0.00000000000000e+00
   0.00000   1.04196601069759e+02   1.08342505778832e+02
# orbitals: 1s2 2s2
CORE 4 14 Sc
   0.00000   9.74436897308144e+00   5.97017238893439e+00
   0.00000   1.07131630206153e+01   5.20282644410391e+00
   0.00000   4.43994523000435e+01   6.50915114685253e+03
   0.00000   3.57260881147087e+02   0.00000000000000e+00
   0.00000   3.92780083676069e+02   2.75759370276139e+02
   3.00000   1.56521386633693e+01   3.73048139212749e+03
   3.00000   1.72082885598004e+01   9.11620908457158e+03
   3.00000   8.62036323050244e+01   1.25234303772955e+07
   4.00000   1.89191522977228e+01   3.17731386206188e+04
   6.00000   2.76412479290687e+01   7.26050582095824e+06
  10.00000   4.88136863280110e+01   2.24109955164793e+11
  10.00000   1.52233252220405e+02   1.05708301357730e+17
  10.00000   2.68839751434125e+02   2.80506233720095e+19
  10.00000   2.95568044630878e+02   0.00000000000000e+00
# orbitals: 1s2 2s2 2p6
CORE 10 13 Sc
   0.00000   1.07131630206153e+01   2.13688770673001e+02
   0.00000   4.88136863280110e+01   6.44341438240207e+03
   0.00000   6.30912925289560e+02   4.87247311747343e+01
   2.00000   7.84082159847272e+01   8.84095585243908e+05
   3.00000   1.72082885598004e+01   4.97976635980514e+04
   3.00000   9.47740760231976e+01   3.58662337482834e+07
   4.00000   2.08001116683145e+01   9.19356078639396e+04
   6.00000   2.76412479290687e+01   0.00000000000000e+00
   7.00000   3.34107044740807e+01   1.53819782976781e+08
  10.00000   4.88136863280110e+01   1.09043884080530e+11
  10.00000   5.36667875276272e+01   8.47489874861713e+11
  10.00000   1.52233252220405e+02   1.75840036399050e+17
  10.00000   1.67368420951728e+02   0.00000000000000e+00
# orbitals: 1s2 2s2 2p6 3s2
CORE 12 18 Sc
   0.00000   3.43518233790364e+00   6.41205177998241e-01
   0.00000   9.74436897308144e+00   1.64524577727281e+02
   0.00000   1.07131630206153e+01   5.87121208689294e+01
   0.00000   4.88136863280110e+01   6.49109230653012e+03
   0.00000   7.62601071768522e+02   1.98221875671127e+02
   2.00000   7.84082159847272e+01   1.06004025759696e+06
   3.00000   9.47740760231976e+01   2.28765083162232e+07
   6.00000   7.33266324651725e+00   5.84786225745785e+01
   6.00000   2.76412479290687e+01   3.40770627770685e+07
   8.00000   8.06168331189251e+00   5.19536946827848e+01
   9.00000   3.34107044740807e+01   1.48263553006018e+09
  10.00000   1.29492823400354e+01   3.47202206098454e+04
  10.00000   1.42367117965264e+01   2.66045857364429e+04
  10.00000   3.67324271744238e+01   0.00000000000000e+00
  10.00000   5.36667875276272e+01   1.93050351962828e+12
  10.00000   5.90023884732254e+01   2.19788765389388e+12
  10.00000   1.52233252220405e+02   4.28659361316638e+16
  10.00000   1.67368420951728e+02   2.20429321290266e+17
# orbitals: 1s2 2s2 2p6 3s2 3p6
CORE 18 22 Sc
   0.00000   2.84198517146547e+00   4.10122467827448e-01
   0.00000   3.12453792833472e+00   1.23191585243934e+00
   0.00000   1.07131630206153e+01   2.62586123811825e+02
   0.00000   1.17782754556333e+01   0.00000000000000e+00
   0.00000   4.88136863280110e+01   6.44442187016924e+03
   0.00000   1.01341981388677e+03   1.77422368962346e+02
   1.00000   6.48684597294607e+01   0.00000000000000e+00
   1.00000   1.34673259348634e+03   0.00000000000000e+00
   2.00000   8.62036323050244e+01   9.10780260549045e+05
   2.00000   1.78967161832214e+03   4.11125861869635e+08
   3.00000   9.47740760231976e+01   3.31570988658716e+07
   4.00000   5.01886792755410e+00   1.59161461019719e+01
   6.00000   3.03893659995221e+01   9.30356778574865e+06
   7.00000   8.06168331189251e+00   4.50101396926065e+02
   7.00000   3.03893659995221e+01   3.08978479732375e+08
   8.00000   9.74436897308144e+00   2.30708817389045e+03
  10.00000   1.29492823400354e+01   0.00000000000000e+00
  10.00000   1.42367117965264e+01   2.92559250134274e+05
  10.00000   3.67324271744238e+01   0.00000000000000e+00
  10.00000   5.36667875276272e+01   1.23859410559775e+12
  10.00000   5.90023884732254e+01   5.64064229325347e+12
  10.00000   1.67368420951728e+02   3.17281925956205e+17
# orbitals: 1s2 2s2 2p6 3s2 3p6 4s2
CORE 20 20 Sc
   0.00000   1.00188501611254e+00   0.00000000000000e+00
   0.00000   1.10149333786272e+00   6.49268733364349e-02
   0.00000   2.58498373202156e+00   1.73534880650153e+00
   0.00000   1.07131630206153e+01   2.58461930739492e+02
   0.00000   4.88136863280110e+01   6.45346567656500e+03
   2.00000   7.84082159847272e+01   1.04335609775224e+06
   3.00000   9.47740760231976e+01   1.64790603680532e+07
   6.00000   3.03893659995221e+01   5.15699736428418e+07
   7.00000   2.13860130620258e+00   1.82578788521272e-04
   7.00000   8.06168331189251e+00   1.20611786402778e+02
   8.00000   8.86318321683659e+00   1.49356696194057e+03
   9.00000   1.67368420951728e+02   5.62513772700326e+15
  10.00000   3.43518233790364e+00   4.87212113063711e-04
  10.00000   3.77671129789561e+00   2.21026990249601e-03
  10.00000   1.29492823400354e+01   2.87000584550760e+04
  10.00000   1.42367117965264e+01   2.87686122740404e+05
  10.00000   3.67324271744238e+01   3.80739485418034e+10
  10.00000   5.36667875276272e+01   2.31863550802162e+12
  10.00000   5.90023884732254e+01   3.46123705584791e+12
  10.00000   1.67368420951728e+02   1.61857681690029e+17
