# Free-atom, free-ion and frozen-core density fits -- Hg (Z = 80)
#
#   rho(r) = sum_i c_i r^n_i exp(-alpha_i r)      r in bohr, rho in e/bohr^3
#
# All-electron B86BPBE densities (scalar-relativistic, spin-restricted),
# fitted with rhofit.py (monotone decay imposed).  Two kinds of block:
#
#   STATE <N> <q> <nterm> <symbol>
#     the atom or ion with N electrons (charge q), in order of increasing N;
#   CORE <N_core> <nterm> <symbol>
#     the frozen core of the neutral atom with N_core electrons, for a
#     pseudopotential with Z - N_core valence electrons, in order of
#     increasing N_core, each preceded by a '# orbitals:' comment.
#
# Each block header is followed by nterm lines:   n   alpha   c
#
# Generated 2026-09-23 by combine_fits.py from
#   /home/alberto/doc/manuals/critic2/atomic_density_fits/15_rhofit/rho_b86bpbe_mono/fit_080_Hg.dat
#     recipe: --npow 0,1,2,3,4,5,6,7,8,9,10 --amin 0.2 --ratio 1.1 --mom 3 --cusp none --targetz 1e-3 --besteffort --monotone --stats
#   /home/alberto/doc/manuals/critic2/atomic_density_fits/15_rhofit/core_b86bpbe_mono/core_080_Hg.dat
#     recipe: --npow 0,1,2,3,4,5,6,7,8,9,10 --amin 0.2 --ratio 1.1 --mom 3 --cusp none --besteffort --monotone --stats --target 1e-3*N_core
#
STATE 78 +2 30 Hg
   0.00000   2.84903790862325e+00   1.46413341652237e+01
   0.00000   3.13256913660641e+00   7.40332899319687e+00
   0.00000   8.89462146627277e+00   1.77163417222846e+02
   0.00000   2.52554014223568e+01   5.64701271812425e+03
   0.00000   5.93165942746671e+01   2.93427581566594e+04
   0.00000   2.23877435633211e+02   4.05829313501844e+05
   0.00000   2.46157323187771e+02   2.78366899262445e+05
   0.00000   8.44976128494758e+02   6.08774660908698e+05
   0.00000   2.63799326370823e+03   6.03761659942119e+05
   0.00000   6.81236722537669e+03   1.07827429486816e+06
   0.00000   7.49032199706893e+03   0.00000000000000e+00
   0.00000   1.60000000000000e+04   6.88433743810789e+05
   9.00000   2.52554014223568e+01   9.09937006754457e+08
   9.00000   7.17102243668230e+01   3.35079043116019e+14
   9.00000   2.03614117738312e+02   6.50682841633383e+18
  10.00000   4.16397367652653e+00   0.00000000000000e+00
  10.00000   4.57836499305541e+00   1.67390669156949e-03
  10.00000   8.89462146627277e+00   2.29459904823508e+02
  10.00000   1.18231930511678e+01   8.68994415882600e+03
  10.00000   1.29998163717397e+01   1.60138077618531e+05
  10.00000   2.77687744304220e+01   0.00000000000000e+00
  10.00000   3.35707919368477e+01   1.47399152184127e+11
  10.00000   8.66933838940293e+01   0.00000000000000e+00
  10.00000   9.53209565630665e+01   5.43409803024113e+15
  10.00000   2.03614117738312e+02   1.67219493236623e+20
  10.00000   2.97589520962608e+02   1.24422417877687e+22
  10.00000   7.68496692964052e+02   3.75982184743749e+25
  10.00000   8.44976128494758e+02   2.22760416632186e+25
  10.00000   2.63799326370823e+03   8.02775676122251e+31
  10.00000   2.90052170083665e+03   0.00000000000000e+00
STATE 79 +1 31 Hg
   0.00000   1.94934397653142e+00   3.48477008365389e-01
   0.00000   2.14333925113083e+00   1.31896678483238e+00
   0.00000   2.84903790862325e+00   1.57459371034439e+01
   0.00000   3.13256913660641e+00   0.00000000000000e+00
   0.00000   7.35736999012573e+00   1.36292765561338e+02
   0.00000   2.52554014223568e+01   6.40485781928738e+03
   0.00000   6.52196771236426e+01   3.34672595036044e+04
   0.00000   2.23877435633211e+02   1.73418544614890e+05
   0.00000   2.46157323187771e+02   5.42364147464782e+05
   0.00000   1.02152573828479e+03   7.38233734576496e+05
   0.00000   3.50655772623592e+03   0.00000000000000e+00
   0.00000   3.85552416683829e+03   8.07383777270433e+05
   0.00000   1.32347307064592e+04   2.15052703701338e+06
   0.00000   1.45518277650386e+04   0.00000000000000e+00
   8.00000   6.98939469625914e+02   4.98134742510289e+21
   9.00000   2.52554014223568e+01   7.14192730494031e+08
   9.00000   7.17102243668230e+01   3.14708934608228e+14
   9.00000   2.03614117738312e+02   7.86558855723539e+18
  10.00000   4.16397367652653e+00   3.98338713793769e-03
  10.00000   1.18231930511678e+01   1.47663577374874e+04
  10.00000   1.29998163717397e+01   1.44541887044281e+05
  10.00000   3.05322738875596e+01   4.58050279580583e+09
  10.00000   3.35707919368477e+01   1.38258526173541e+11
  10.00000   7.88466994246427e+01   0.00000000000000e+00
  10.00000   8.66933838940293e+01   1.96135422108120e+15
  10.00000   2.03614117738312e+02   1.55261604001787e+20
  10.00000   2.97589520962608e+02   1.20385392966357e+22
  10.00000   3.27205105247417e+02   0.00000000000000e+00
  10.00000   7.68496692964052e+02   7.23531341289944e+25
  10.00000   3.18917650502190e+03   1.22836118750824e+33
  10.00000   3.50655772623592e+03   0.00000000000000e+00
STATE 80 +0 33 Hg
   0.00000   1.61244016147823e+00   4.56497929542315e-01
   0.00000   1.77290736258129e+00   1.12656833839089e+00
   0.00000   3.13256913660641e+00   1.84133438118567e+01
   0.00000   3.44431689235085e+00   1.52693691000728e+00
   0.00000   7.35736999012573e+00   1.28266340477517e+02
   0.00000   2.52554014223568e+01   6.41519194464403e+03
   0.00000   6.52196771236426e+01   3.32841429955481e+04
   0.00000   2.23877435633211e+02   2.02099968799243e+05
   0.00000   2.46157323187771e+02   5.08905670315932e+05
   0.00000   9.29066662567132e+02   3.50482777684036e+05
   0.00000   1.02152573828479e+03   3.42670696959727e+05
   0.00000   3.85552416683829e+03   1.03149212223612e+06
   0.00000   4.23921913215753e+03   0.00000000000000e+00
   0.00000   1.45518277650386e+04   0.00000000000000e+00
   0.00000   1.60000000000000e+04   1.80106429323101e+06
   8.00000   6.98939469625914e+02   0.00000000000000e+00
   9.00000   2.52554014223568e+01   3.25213977775379e+08
   9.00000   7.17102243668230e+01   3.15008769562477e+14
   9.00000   2.03614117738312e+02   7.79338399306646e+18
   9.00000   7.68496692964052e+02   7.99873636141691e+23
  10.00000   1.94934397653142e+00   0.00000000000000e+00
  10.00000   1.18231930511678e+01   1.44909238410652e+04
  10.00000   1.29998163717397e+01   1.35056434265945e+05
  10.00000   2.77687744304220e+01   3.24512169768152e+09
  10.00000   3.05322738875596e+01   0.00000000000000e+00
  10.00000   3.35707919368477e+01   1.46007186532837e+11
  10.00000   7.88466994246427e+01   0.00000000000000e+00
  10.00000   8.66933838940293e+01   1.96928071703198e+15
  10.00000   2.03614117738312e+02   1.56951594252773e+20
  10.00000   2.97589520962608e+02   1.21954598096541e+22
  10.00000   7.68496692964052e+02   6.41286410702452e+25
  10.00000   3.18917650502190e+03   8.67647911841294e+32
  10.00000   3.50655772623592e+03   0.00000000000000e+00
STATE 81 -1 32 Hg
   0.00000   1.94934397653142e+00   2.20855112293228e+00
   0.00000   2.84903790862325e+00   1.18924681578054e+01
   0.00000   3.13256913660641e+00   0.00000000000000e+00
   0.00000   6.69144880624833e+00   1.20046580581420e+02
   0.00000   2.52554014223568e+01   6.29886490070219e+03
   0.00000   6.52196771236426e+01   3.34160063115585e+04
   0.00000   2.23877435633211e+02   2.07142176927797e+05
   0.00000   2.46157323187771e+02   5.04314673338077e+05
   0.00000   1.02152573828479e+03   7.49413557541078e+05
   0.00000   3.50655772623592e+03   0.00000000000000e+00
   0.00000   3.85552416683829e+03   7.78816251456700e+05
   0.00000   1.32347307064592e+04   2.26528737985018e+06
   0.00000   1.45518277650386e+04   0.00000000000000e+00
   8.00000   6.98939469625914e+02   1.61134272248360e+21
   9.00000   2.52554014223568e+01   7.08109372319153e+08
   9.00000   7.17102243668230e+01   3.33816531478808e+14
   9.00000   2.03614117738312e+02   6.49356353590974e+18
  10.00000   1.77290736258129e+00   1.41565682463296e-07
  10.00000   1.94934397653142e+00   3.16912820434615e-07
  10.00000   3.78708923493553e+00   4.10350728533304e-03
  10.00000   1.18231930511678e+01   1.60652042003900e+04
  10.00000   1.29998163717397e+01   1.57681469888240e+05
  10.00000   3.05322738875596e+01   3.36704587986270e+09
  10.00000   3.35707919368477e+01   1.41834491065263e+11
  10.00000   7.88466994246427e+01   0.00000000000000e+00
  10.00000   9.53209565630665e+01   4.31218745351422e+15
  10.00000   2.03614117738312e+02   1.84683898711513e+20
  10.00000   2.97589520962608e+02   1.29989195946366e+22
  10.00000   3.27205105247417e+02   0.00000000000000e+00
  10.00000   7.68496692964052e+02   9.30690265119391e+25
  10.00000   3.18917650502190e+03   1.38837413739885e+33
  10.00000   3.50655772623592e+03   0.00000000000000e+00
# orbitals: 1s2
CORE 2 9 Hg
   0.00000   1.53179474836749e+02   1.06719689460638e+05
   0.00000   1.85184848241138e+02   2.23764205143097e+05
   0.00000   2.03614117738312e+02   6.00579337148384e+04
   0.00000   3.27205105247417e+02   2.06373848873740e+05
   0.00000   3.59767980248960e+02   0.00000000000000e+00
   0.00000   5.25814133564021e+02   2.02321416795768e+05
   0.00000   5.78142228788400e+02   0.00000000000000e+00
   0.00000   1.23496368570459e+03   0.00000000000000e+00
   0.00000   1.35786509367204e+03   6.33246722180077e+05
# orbitals: 1s2 2s2
CORE 4 19 Hg
   0.00000   5.39478039683518e+01   4.09443992680640e+03
   0.00000   2.03614117738312e+02   4.99275473895598e+05
   0.00000   2.23877435633211e+02   1.17247667620648e+05
   0.00000   6.35677923761482e+02   2.79862149049845e+05
   0.00000   6.98939469625914e+02   2.26689294185685e+05
   0.00000   1.80494484231873e+03   0.00000000000000e+00
   0.00000   1.98456976974969e+03   5.94857513216631e+05
   0.00000   5.63499035633558e+03   8.99263698311708e+05
   0.00000   6.19577465849220e+03   0.00000000000000e+00
   0.00000   1.60000000000000e+04   1.33093181662253e+06
   4.00000   8.66933838940293e+01   5.79435331907522e+08
   4.00000   9.53209565630665e+01   9.28159626522276e+09
   5.00000   1.04807130048176e+02   0.00000000000000e+00
   9.00000   1.85184848241138e+02   3.04335206218796e+17
  10.00000   2.23877435633211e+02   6.64896867954615e+19
  10.00000   6.35677923761482e+02   1.14664525454638e+25
  10.00000   6.98939469625914e+02   0.00000000000000e+00
  10.00000   2.18207065316450e+03   3.84055461459922e+30
  10.00000   2.39922647617589e+03   0.00000000000000e+00
# orbitals: 1s2 2s2 2p6
CORE 10 16 Hg
   0.00000   5.39478039683518e+01   1.94350800720904e+04
   0.00000   5.93165942746671e+01   4.82201806561721e+03
   0.00000   2.23877435633211e+02   6.39624238990873e+05
   0.00000   2.46157323187771e+02   2.03720656440499e+04
   0.00000   8.44976128494758e+02   5.98120568338128e+05
   0.00000   2.90052170083665e+03   8.03518591683502e+05
   0.00000   9.95652522398629e+03   0.00000000000000e+00
   0.00000   1.09473810545309e+04   1.52835644540203e+06
   3.00000   8.66933838940293e+01   1.24130399841062e+09
   4.00000   9.53209565630665e+01   0.00000000000000e+00
   9.00000   2.03614117738312e+02   2.90405030931041e+18
  10.00000   1.26705568701326e+02   2.57106088690767e+16
  10.00000   2.46157323187771e+02   1.78812452250062e+19
  10.00000   6.98939469625914e+02   5.76911143099746e+25
  10.00000   7.68496692964052e+02   9.33104508060999e+24
  10.00000   3.18917650502190e+03   6.46668280926645e+32
# orbitals: 1s2 2s2 2p6 3s2
CORE 12 20 Hg
   0.00000   4.46240411078743e+01   9.52222143814411e+03
   0.00000   4.90649469780951e+01   1.73920339944375e+04
   0.00000   2.23877435633211e+02   4.01620291502869e+05
   0.00000   2.46157323187771e+02   3.04599424304387e+05
   0.00000   9.29066662567132e+02   6.51812030047107e+05
   0.00000   3.18917650502190e+03   7.94469959439255e+05
   0.00000   3.50655772623592e+03   0.00000000000000e+00
   0.00000   1.20368451098164e+04   1.90599064691030e+06
   0.00000   1.32347307064592e+04   0.00000000000000e+00
   7.00000   1.53179474836749e+02   2.23557804399251e+15
   8.00000   4.90649469780951e+01   0.00000000000000e+00
   8.00000   6.98939469625914e+02   0.00000000000000e+00
   9.00000   4.90649469780951e+01   0.00000000000000e+00
   9.00000   1.68423626018741e+02   5.71202391319094e+17
   9.00000   7.68496692964052e+02   4.25253756351525e+23
  10.00000   5.39478039683518e+01   1.84899009566168e+12
  10.00000   7.17102243668230e+01   3.07011763226878e+14
  10.00000   2.70654465858014e+02   2.96562951537258e+21
  10.00000   7.68496692964052e+02   1.22752011653090e+26
  10.00000   3.18917650502190e+03   7.75169553524172e+32
# orbitals: 1s2 2s2 2p6 3s2 3p6
CORE 18 22 Hg
   0.00000   2.08905272942762e+01   2.67244472328593e+02
   0.00000   2.29695157271904e+01   5.37445618935968e+01
   0.00000   5.39478039683518e+01   3.77917877185173e+04
   0.00000   2.46157323187771e+02   7.41410842003306e+05
   0.00000   1.02152573828479e+03   0.00000000000000e+00
   0.00000   1.12318617815315e+03   7.65683902598915e+05
   0.00000   4.66109874372476e+03   1.04220428813815e+06
   0.00000   5.12496307019054e+03   0.00000000000000e+00
   0.00000   1.60000000000000e+04   1.60888607497622e+06
   7.00000   4.90649469780951e+01   6.25871956243603e+10
   7.00000   1.68423626018741e+02   0.00000000000000e+00
   7.00000   6.98939469625914e+02   0.00000000000000e+00
   8.00000   4.90649469780951e+01   4.66712594786947e+10
   8.00000   1.68423626018741e+02   1.35717024511886e+17
   9.00000   1.85184848241138e+02   0.00000000000000e+00
   9.00000   7.68496692964052e+02   3.92969536609635e+24
  10.00000   7.17102243668230e+01   1.57300921550877e+14
  10.00000   7.88466994246427e+01   1.87656137545070e+15
  10.00000   2.70654465858014e+02   3.04027987380807e+21
  10.00000   2.97589520962608e+02   2.17982123574755e+21
  10.00000   3.50655772623592e+03   1.24030365263255e+33
  10.00000   3.85552416683829e+03   4.88394524457683e+33
# orbitals: 1s2 2s2 2p6 3s2 3p6 3d10
CORE 28 21 Hg
   0.00000   2.29695157271904e+01   2.67979538341637e+03
   0.00000   2.52554014223568e+01   2.95709460004426e+03
   0.00000   5.39478039683518e+01   0.00000000000000e+00
   0.00000   5.93165942746671e+01   2.90851974774493e+04
   0.00000   2.23877435633211e+02   2.44739162620368e+05
   0.00000   2.46157323187771e+02   4.69233608303822e+05
   0.00000   1.02152573828479e+03   7.26150521127131e+05
   0.00000   1.12318617815315e+03   0.00000000000000e+00
   0.00000   4.23921913215753e+03   1.10283914503430e+06
   0.00000   4.66109874372476e+03   0.00000000000000e+00
   0.00000   1.32347307064592e+04   8.06182583894191e+05
   7.00000   4.90649469780951e+01   8.10178521476319e+10
   8.00000   1.85184848241138e+02   1.92584388279178e+17
   9.00000   5.39478039683518e+01   1.84605363924470e+12
   9.00000   7.68496692964052e+02   1.67204668873275e+23
  10.00000   7.88466994246427e+01   3.68574489541536e+15
  10.00000   2.03614117738312e+02   1.07849242626228e+20
  10.00000   2.97589520962608e+02   8.19721391730775e+21
  10.00000   7.68496692964052e+02   1.50717311453948e+26
  10.00000   3.50655772623592e+03   3.47163266871838e+33
  10.00000   3.85552416683829e+03   0.00000000000000e+00
# orbitals: 1s2 2s2 2p6 3s2 3p6 3d10 4s2
CORE 30 26 Hg
   0.00000   9.77979850766788e+00   1.29845602826638e+01
   0.00000   1.72800314409801e+01   9.84602736883345e+02
   0.00000   1.89997096941966e+01   2.00272191945632e+03
   0.00000   5.93165942746671e+01   3.42354753422494e+04
   0.00000   2.23877435633211e+02   2.70816823414319e+05
   0.00000   2.46157323187771e+02   4.30059516391120e+05
   0.00000   8.44976128494758e+02   5.56682177533696e+05
   0.00000   2.63799326370823e+03   7.49756967342268e+05
   0.00000   2.90052170083665e+03   0.00000000000000e+00
   0.00000   9.05535251235693e+03   1.29908457430847e+06
   0.00000   9.95652522398629e+03   0.00000000000000e+00
   0.00000   1.60000000000000e+04   5.50240066719654e+05
   7.00000   1.68423626018741e+02   0.00000000000000e+00
   8.00000   5.93165942746671e+01   0.00000000000000e+00
   9.00000   6.52196771236426e+01   7.14230505705225e+13
   9.00000   1.85184848241138e+02   5.79314744914846e+18
  10.00000   2.77687744304220e+01   7.62022142852412e+07
  10.00000   3.05322738875596e+01   3.82575538671177e+09
  10.00000   7.88466994246427e+01   8.30565455300823e+13
  10.00000   8.66933838940293e+01   5.66404803940116e+15
  10.00000   2.03614117738312e+02   0.00000000000000e+00
  10.00000   2.70654465858014e+02   2.61311340090321e+21
  10.00000   2.97589520962608e+02   6.93575967068263e+21
  10.00000   7.68496692964052e+02   0.00000000000000e+00
  10.00000   8.44976128494758e+02   3.02594508502826e+26
  10.00000   2.90052170083665e+03   4.60847680092097e+31
# orbitals: 1s2 2s2 2p6 3s2 3p6 3d10 4s2 4p6
CORE 36 22 Hg
   0.00000   1.89997096941966e+01   1.49250916004111e+03
   0.00000   2.08905272942762e+01   2.14187817591294e+03
   0.00000   5.93165942746671e+01   3.36956731312786e+04
   0.00000   2.23877435633211e+02   2.73877351858383e+05
   0.00000   2.46157323187771e+02   4.30020374099886e+05
   0.00000   9.29066662567132e+02   6.50859780055042e+05
   0.00000   3.18917650502190e+03   8.09835920444859e+05
   0.00000   1.09473810545309e+04   2.27290155822623e+05
   0.00000   1.20368451098164e+04   1.59174613609730e+06
   8.00000   1.85184848241138e+02   1.67013846856721e+17
   9.00000   2.29695157271904e+01   4.97325004726060e+07
   9.00000   7.17102243668230e+01   0.00000000000000e+00
   9.00000   7.68496692964052e+02   1.86179549557076e+23
  10.00000   2.29695157271904e+01   3.06660874329383e+07
  10.00000   3.05322738875596e+01   1.10882339026753e+10
  10.00000   3.35707919368477e+01   3.43904135495755e+10
  10.00000   7.17102243668230e+01   1.32339413893624e+15
  10.00000   8.66933838940293e+01   7.85129380858868e+15
  10.00000   2.03614117738312e+02   1.61258208664368e+20
  10.00000   2.97589520962608e+02   1.15123080216248e+22
  10.00000   7.68496692964052e+02   8.69412605558902e+25
  10.00000   3.18917650502190e+03   8.17900376649023e+32
# orbitals: 1s2 2s2 2p6 3s2 3p6 3d10 4s2 4p6 4d10
CORE 46 27 Hg
   0.00000   8.08956247577602e+00   2.96837254037087e+01
   0.00000   8.89462146627277e+00   0.00000000000000e+00
   0.00000   2.29695157271904e+01   5.09643828651897e+03
   0.00000   5.93165942746671e+01   3.02130237951039e+04
   0.00000   2.23877435633211e+02   4.00785709267980e+05
   0.00000   2.46157323187771e+02   2.83212403499547e+05
   0.00000   8.44976128494758e+02   6.04832377424382e+05
   0.00000   2.39922647617589e+03   0.00000000000000e+00
   0.00000   2.63799326370823e+03   6.22013774708336e+05
   0.00000   7.49032199706893e+03   1.29749468400542e+06
   0.00000   1.60000000000000e+04   2.60133042833488e+05
   7.00000   1.89997096941966e+01   1.41537388412610e+06
   8.00000   2.08905272942762e+01   3.48860150717609e+07
   8.00000   1.85184848241138e+02   1.60360009873650e+17
   9.00000   7.17102243668230e+01   2.76499354452343e+14
   9.00000   2.03614117738312e+02   0.00000000000000e+00
  10.00000   2.29695157271904e+01   0.00000000000000e+00
  10.00000   3.05322738875596e+01   1.76421661976889e+10
  10.00000   3.35707919368477e+01   6.82929185736223e+10
  10.00000   7.17102243668230e+01   2.96638167256550e+14
  10.00000   9.53209565630665e+01   7.02352329639873e+15
  10.00000   2.03614117738312e+02   1.52423211306862e+20
  10.00000   2.97589520962608e+02   1.13833117952090e+22
  10.00000   7.68496692964052e+02   4.43148316561091e+25
  10.00000   8.44976128494758e+02   1.85695853247051e+25
  10.00000   2.63799326370823e+03   7.31079896759925e+31
  10.00000   2.90052170083665e+03   9.96207651468136e+30
# orbitals: 1s2 2s2 2p6 3s2 3p6 3d10 4s2 4p6 4d10 5s2
CORE 48 28 Hg
   0.00000   5.53497018667217e+00   1.05167085418362e+01
   0.00000   6.08580065794367e+00   4.47674799679943e+01
   0.00000   2.77687744304220e+01   7.49131477952618e+03
   0.00000   5.93165942746671e+01   2.65562480164357e+04
   0.00000   2.23877435633211e+02   3.80458797312910e+05
   0.00000   2.46157323187771e+02   3.12680931290149e+05
   0.00000   8.44976128494758e+02   4.26092583810317e+05
   0.00000   9.29066662567132e+02   1.97960450033284e+05
   0.00000   3.18917650502190e+03   9.38177582798687e+05
   0.00000   3.50655772623592e+03   0.00000000000000e+00
   0.00000   1.20368451098164e+04   0.00000000000000e+00
   0.00000   1.32347307064592e+04   1.72813221507502e+06
   9.00000   2.08905272942762e+01   0.00000000000000e+00
   9.00000   7.17102243668230e+01   2.44869442822486e+14
   9.00000   2.03614117738312e+02   5.88097788082314e+18
   9.00000   7.68496692964052e+02   0.00000000000000e+00
  10.00000   1.29998163717397e+01   1.86015639817611e+04
  10.00000   1.42935351700326e+01   6.38460607243084e+04
  10.00000   2.29695157271904e+01   2.03064103213110e+08
  10.00000   3.05322738875596e+01   1.98203775553378e+10
  10.00000   3.35707919368477e+01   6.75943660552536e+10
  10.00000   7.17102243668230e+01   6.14810796935471e+14
  10.00000   9.53209565630665e+01   1.30802699209939e+16
  10.00000   2.03614117738312e+02   1.69039651637105e+20
  10.00000   2.97589520962608e+02   1.18792802297480e+22
  10.00000   7.68496692964052e+02   7.62914922509469e+25
  10.00000   2.90052170083665e+03   1.99077431021207e+32
  10.00000   3.18917650502190e+03   0.00000000000000e+00
# orbitals: 1s2 2s2 2p6 3s2 3p6 3d10 4s2 4p6 4d10 4f14
CORE 60 28 Hg
   0.00000   6.69144880624833e+00   4.26476657845617e+01
   0.00000   7.35736999012573e+00   1.78835062604202e+02
   0.00000   2.52554014223568e+01   5.68631641763975e+03
   0.00000   2.77687744304220e+01   0.00000000000000e+00
   0.00000   5.93165942746671e+01   2.99205083262119e+04
   0.00000   2.23877435633211e+02   2.58665975629104e+05
   0.00000   2.46157323187771e+02   4.52087757638052e+05
   0.00000   9.29066662567132e+02   3.78235461930442e+05
   0.00000   1.02152573828479e+03   3.16529692083508e+05
   0.00000   3.85552416683829e+03   1.03047589487710e+06
   0.00000   1.45518277650386e+04   0.00000000000000e+00
   0.00000   1.60000000000000e+04   1.79777174842005e+06
   7.00000   1.89997096941966e+01   6.65235499719115e+06
   8.00000   6.98939469625914e+02   0.00000000000000e+00
   9.00000   2.08905272942762e+01   0.00000000000000e+00
   9.00000   7.17102243668230e+01   3.12903765618477e+14
   9.00000   2.03614117738312e+02   8.25908957767111e+18
   9.00000   7.68496692964052e+02   5.61601572939135e+23
  10.00000   2.29695157271904e+01   1.73674346360162e+08
  10.00000   3.05322738875596e+01   2.33055578071129e+10
  10.00000   3.35707919368477e+01   7.07324302266273e+10
  10.00000   7.88466994246427e+01   0.00000000000000e+00
  10.00000   8.66933838940293e+01   1.39851355134026e+15
  10.00000   2.03614117738312e+02   1.27862421185929e+20
  10.00000   2.97589520962608e+02   1.05102620766040e+22
  10.00000   7.68496692964052e+02   8.90836289205380e+25
  10.00000   3.18917650502190e+03   8.94394124111020e+32
  10.00000   3.50655772623592e+03   0.00000000000000e+00
# orbitals: 1s2 2s2 2p6 3s2 3p6 3d10 4s2 4p6 4d10 4f14 5s2
CORE 62 29 Hg
   0.00000   6.08580065794367e+00   7.52182319950639e+01
   0.00000   6.69144880624833e+00   1.28497448831623e+02
   0.00000   2.77687744304220e+01   6.95544459388528e+03
   0.00000   5.93165942746671e+01   2.83285502161764e+04
   0.00000   2.23877435633211e+02   2.00598384608716e+05
   0.00000   2.46157323187771e+02   5.22892969537219e+05
   0.00000   1.02152573828479e+03   7.18253159560983e+05
   0.00000   1.12318617815315e+03   0.00000000000000e+00
   0.00000   3.85552416683829e+03   9.40770831253123e+05
   0.00000   4.23921913215753e+03   0.00000000000000e+00
   0.00000   1.45518277650386e+04   0.00000000000000e+00
   0.00000   1.60000000000000e+04   2.13577048034085e+06
   8.00000   6.98939469625914e+02   3.87958571571093e+21
   9.00000   2.08905272942762e+01   0.00000000000000e+00
   9.00000   7.17102243668230e+01   3.40968275588406e+14
   9.00000   2.03614117738312e+02   8.18090438339115e+18
  10.00000   1.29998163717397e+01   9.58866162022997e+03
  10.00000   1.42935351700326e+01   6.30134450660763e+04
  10.00000   2.29695157271904e+01   3.06340698468425e+08
  10.00000   3.05322738875596e+01   2.37494320738431e+10
  10.00000   3.35707919368477e+01   7.74038142489134e+10
  10.00000   7.88466994246427e+01   0.00000000000000e+00
  10.00000   8.66933838940293e+01   0.00000000000000e+00
  10.00000   9.53209565630665e+01   4.36396864432342e+15
  10.00000   2.03614117738312e+02   1.24527637375281e+20
  10.00000   2.97589520962608e+02   1.00362842956571e+22
  10.00000   3.27205105247417e+02   0.00000000000000e+00
  10.00000   7.68496692964052e+02   1.22066875875517e+26
  10.00000   3.50655772623592e+03   3.28906509992214e+33
# orbitals: 1s2 2s2 2p6 3s2 3p6 3d10 4s2 4p6 4d10 4f14 5s2 5p6
CORE 68 29 Hg
   0.00000   4.57836499305541e+00   0.00000000000000e+00
   0.00000   5.03399580256731e+00   1.06751166397766e+02
   0.00000   7.35736999012573e+00   1.35460104777521e+01
   0.00000   2.52554014223568e+01   6.42220013954737e+03
   0.00000   6.52196771236426e+01   3.35368407872693e+04
   0.00000   2.23877435633211e+02   1.77899327288473e+05
   0.00000   2.46157323187771e+02   5.37254653136804e+05
   0.00000   1.02152573828479e+03   7.42772244842688e+05
   0.00000   3.85552416683829e+03   0.00000000000000e+00
   0.00000   4.23921913215753e+03   1.00367760548609e+06
   0.00000   1.45518277650386e+04   1.67999468797791e+06
   0.00000   1.60000000000000e+04   0.00000000000000e+00
   8.00000   6.98939469625914e+02   0.00000000000000e+00
   9.00000   2.52554014223568e+01   5.75363925893935e+08
   9.00000   7.17102243668230e+01   3.21693868997297e+14
   9.00000   2.03614117738312e+02   8.03081097578011e+18
   9.00000   7.68496692964052e+02   8.73580431450496e+23
  10.00000   8.89462146627277e+00   1.19644508892880e+02
  10.00000   1.18231930511678e+01   4.95771323685757e+03
  10.00000   1.29998163717397e+01   1.24309434717835e+05
  10.00000   3.05322738875596e+01   7.17468176737346e+09
  10.00000   3.35707919368477e+01   1.21148896797587e+11
  10.00000   7.88466994246427e+01   0.00000000000000e+00
  10.00000   8.66933838940293e+01   1.59139906645915e+15
  10.00000   2.03614117738312e+02   1.53042841893258e+20
  10.00000   2.97589520962608e+02   1.19872952948014e+22
  10.00000   7.68496692964052e+02   7.01246854692481e+25
  10.00000   3.18917650502190e+03   1.20179298057125e+33
  10.00000   3.50655772623592e+03   0.00000000000000e+00
# orbitals: 1s2 2s2 2p6 3s2 3p6 3d10 4s2 4p6 4d10 4f14 5s2 5p6 5d10
CORE 78 30 Hg
   0.00000   1.94934397653142e+00   1.35234712976068e-01
   0.00000   2.14333925113083e+00   1.07507133429917e+00
   0.00000   2.84903790862325e+00   5.42005805285953e+00
   0.00000   3.13256913660641e+00   1.72803635632204e+01
   0.00000   8.08956247577602e+00   1.58889998139896e+02
   0.00000   2.52554014223568e+01   5.85276821698283e+03
   0.00000   5.93165942746671e+01   2.96691038014480e+04
   0.00000   2.23877435633211e+02   3.01180537387831e+05
   0.00000   2.46157323187771e+02   4.02232155379291e+05
   0.00000   9.29066662567132e+02   6.71403842142528e+05
   0.00000   3.18917650502190e+03   0.00000000000000e+00
   0.00000   3.50655772623592e+03   9.00795246345874e+05
   0.00000   1.09473810545309e+04   8.85753461059596e+05
   0.00000   1.60000000000000e+04   9.29923498801926e+05
   9.00000   7.17102243668230e+01   3.10266645195594e+14
   9.00000   2.03614117738312e+02   8.27840964149664e+18
   9.00000   7.68496692964052e+02   5.49110274711856e+23
  10.00000   4.16397367652653e+00   1.52787626325739e-03
  10.00000   1.18231930511678e+01   2.09274115639445e+04
  10.00000   1.29998163717397e+01   9.34990356510277e+04
  10.00000   2.77687744304220e+01   5.67908533666732e+09
  10.00000   3.05322738875596e+01   0.00000000000000e+00
  10.00000   3.35707919368477e+01   1.42481719223979e+11
  10.00000   7.88466994246427e+01   0.00000000000000e+00
  10.00000   8.66933838940293e+01   2.61429619301683e+15
  10.00000   2.03614117738312e+02   1.28100969180772e+20
  10.00000   2.97589520962608e+02   1.09264842909369e+22
  10.00000   7.68496692964052e+02   6.26530407209269e+25
  10.00000   2.90052170083665e+03   2.81976303386068e+32
  10.00000   3.18917650502190e+03   0.00000000000000e+00
