# Free-atom, free-ion and frozen-core density fits -- Rn (Z = 86)
#
#   rho(r) = sum_i c_i r^n_i exp(-alpha_i r)      r in bohr, rho in e/bohr^3
#
# All-electron B86BPBE densities (scalar-relativistic, spin-restricted),
# fitted with rhofit.py (monotone decay imposed).  Two kinds of block:
#
#   STATE <N> <q> <nterm> <symbol>
#     the atom or ion with N electrons (charge q), in order of increasing N;
#   CORE <N_core> <nterm> <symbol>
#     the frozen core of the neutral atom with N_core electrons, for a
#     pseudopotential with Z - N_core valence electrons, in order of
#     increasing N_core, each preceded by a '# orbitals:' comment.
#
# Each block header is followed by nterm lines:   n   alpha   c
#
# Generated 2026-09-23 by combine_fits.py from
#   /home/alberto/doc/manuals/critic2/atomic_density_fits/15_rhofit/rho_b86bpbe_mono/fit_086_Rn.dat
#     recipe: --npow 0,1,2,3,4,5,6,7,8,9,10 --amin 0.2 --ratio 1.1 --mom 3 --cusp none --targetz 1e-3 --besteffort --monotone --stats
#   /home/alberto/doc/manuals/critic2/atomic_density_fits/15_rhofit/core_b86bpbe_mono/core_086_Rn.dat
#     recipe: --npow 0,1,2,3,4,5,6,7,8,9,10 --amin 0.2 --ratio 1.1 --mom 3 --cusp none --besteffort --monotone --stats --target 1e-3*N_core
#
STATE 80 +6 30 Rn
   0.00000   3.42495293966094e+00   8.23923139039665e+00
   0.00000   3.76509058040054e+00   3.57226478539043e+01
   0.00000   1.06685268263565e+01   1.40437289146178e+02
   0.00000   2.74987313303908e+01   8.05533218293611e+03
   0.00000   7.08795353931043e+01   4.55078773645855e+04
   0.00000   2.66816294286686e+02   9.69322108984562e+05
   0.00000   9.13656637613760e+02   9.37359907829750e+05
   0.00000   2.58888070295088e+03   1.05329943245197e+06
   0.00000   2.84598665154974e+03   8.51402238735556e+04
   0.00000   6.67298644467041e+03   1.63940515641458e+06
   0.00000   1.72000000000000e+04   3.08269823030870e+06
   7.00000   6.64508210678078e+00   2.81649123297107e+01
   9.00000   7.30501600664484e+00   0.00000000000000e+00
   9.00000   3.02296750142410e+01   8.69949881016276e+09
   9.00000   7.79186972064388e+01   8.27239740427994e+14
   9.00000   2.20785581029290e+02   1.97382025172456e+19
  10.00000   8.82800992488420e+00   2.04898162257242e+02
  10.00000   1.41731673429382e+01   5.08564327480827e+05
  10.00000   1.55807276180034e+01   1.48174901157172e+06
  10.00000   3.65321404920938e+01   3.06515979729272e+11
  10.00000   4.01602067157945e+01   5.47054132092502e+11
  10.00000   8.56569296155313e+01   1.42988020782287e+15
  10.00000   1.03515204360015e+02   2.90800960342925e+16
  10.00000   2.20785581029290e+02   4.58108219428952e+20
  10.00000   3.22443769040493e+02   3.78902876374775e+22
  10.00000   3.54466183597661e+02   0.00000000000000e+00
  10.00000   8.31117052834115e+02   9.71924284094793e+25
  10.00000   9.13656637613760e+02   5.51647565865349e+26
  10.00000   2.84598665154974e+03   0.00000000000000e+00
  10.00000   3.12862620960753e+03   2.85356276183545e+32
STATE 81 +5 30 Rn
   0.00000   3.11554327536105e+00   2.02077550717368e+01
   0.00000   3.42495293966094e+00   6.31916728077709e+00
   0.00000   8.03048901425676e+00   9.47346943285230e+00
   0.00000   8.82800992488420e+00   2.60361592439564e+02
   0.00000   2.74987313303908e+01   8.26094677704746e+03
   0.00000   7.08795353931043e+01   4.43344285880518e+04
   0.00000   2.66816294286686e+02   9.71529889112740e+05
   0.00000   9.13656637613760e+02   9.35552962849137e+05
   0.00000   2.58888070295088e+03   8.29660165958465e+05
   0.00000   2.84598665154974e+03   3.89908068211660e+05
   0.00000   7.33569156966467e+03   1.77634192437330e+06
   0.00000   1.72000000000000e+04   2.69630303218341e+06
   9.00000   3.02296750142410e+01   3.98827906410232e+09
   9.00000   2.20785581029290e+02   3.30243746109230e+19
   9.00000   8.31117052834115e+02   2.84338036987053e+24
  10.00000   6.04476652285110e+00   2.16526944937070e-01
  10.00000   6.64508210678078e+00   3.43158919418328e+00
  10.00000   1.41731673429382e+01   4.03428563252146e+05
  10.00000   1.55807276180034e+01   1.96440671960174e+06
  10.00000   3.32318331521237e+01   0.00000000000000e+00
  10.00000   3.65321404920938e+01   5.08168204022618e+11
  10.00000   8.56569296155313e+01   1.73351233788608e+16
  10.00000   9.41636584569817e+01   0.00000000000000e+00
  10.00000   1.03515204360015e+02   2.20798708508933e+16
  10.00000   2.20785581029290e+02   1.96655757579738e+20
  10.00000   3.22443769040493e+02   2.48435435103944e+22
  10.00000   3.54466183597661e+02   2.13753473574127e+22
  10.00000   8.31117052834115e+02   1.20669790633287e+26
  10.00000   9.13656637613760e+02   0.00000000000000e+00
  10.00000   3.12862620960753e+03   2.46797099939757e+32
STATE 82 +4 32 Rn
   0.00000   2.57805481524826e+00   1.92201325899280e-01
   0.00000   2.83408562735125e+00   1.61959998708195e+01
   0.00000   7.30501600664484e+00   4.01512764680671e+01
   0.00000   8.03048901425676e+00   2.05441937998253e+02
   0.00000   2.74987313303908e+01   8.39266247444952e+03
   0.00000   6.44762902571628e+01   0.00000000000000e+00
   0.00000   7.08795353931043e+01   4.39377137541194e+04
   0.00000   2.66816294286686e+02   9.74672479563421e+05
   0.00000   9.13656637613760e+02   4.68373627619302e+05
   0.00000   1.00439336265465e+03   5.60197620524184e+05
   0.00000   2.58888070295088e+03   0.00000000000000e+00
   0.00000   2.84598665154974e+03   1.09813832383659e+06
   0.00000   6.67298644467041e+03   1.59964176912895e+06
   0.00000   7.33569156966467e+03   0.00000000000000e+00
   0.00000   1.72000000000000e+04   2.96640582787092e+06
   9.00000   3.02296750142410e+01   3.66511277820390e+09
   9.00000   2.20785581029290e+02   3.49774187170280e+19
   9.00000   8.31117052834115e+02   1.78123537461560e+24
  10.00000   6.04476652285110e+00   1.83506505761227e+00
  10.00000   6.64508210678078e+00   0.00000000000000e+00
  10.00000   1.41731673429382e+01   4.45030296601962e+05
  10.00000   1.55807276180034e+01   2.25120205521133e+06
  10.00000   3.32318331521237e+01   0.00000000000000e+00
  10.00000   3.65321404920938e+01   5.10177437420550e+11
  10.00000   8.56569296155313e+01   1.74341749337636e+16
  10.00000   1.03515204360015e+02   2.14408625169410e+16
  10.00000   2.20785581029290e+02   1.63316766757532e+20
  10.00000   3.22443769040493e+02   2.22528963486559e+22
  10.00000   3.54466183597661e+02   2.72927366249093e+22
  10.00000   8.31117052834115e+02   1.99672397275682e+26
  10.00000   9.13656637613760e+02   0.00000000000000e+00
  10.00000   3.12862620960753e+03   5.69822881407359e+32
STATE 83 +3 29 Rn
   0.00000   2.34515378303389e+00   5.19196779621503e-01
   0.00000   2.57805481524826e+00   1.06901896094454e+01
   0.00000   7.30501600664484e+00   2.19787817122457e+02
   0.00000   8.03048901425676e+00   0.00000000000000e+00
   0.00000   2.74987313303908e+01   8.17958448556486e+03
   0.00000   7.08795353931043e+01   4.51710476003401e+04
   0.00000   2.66816294286686e+02   9.69441410307650e+05
   0.00000   9.13656637613760e+02   9.36028596759238e+05
   0.00000   2.58888070295088e+03   1.12670423202241e+06
   0.00000   2.84598665154974e+03   0.00000000000000e+00
   0.00000   6.67298644467041e+03   1.66745181893299e+06
   0.00000   1.72000000000000e+04   3.04545302810389e+06
   9.00000   3.02296750142410e+01   3.16006269612985e+09
   9.00000   7.79186972064388e+01   1.97509132132517e+14
   9.00000   2.20785581029290e+02   2.54220256614471e+19
  10.00000   5.49868334636467e+00   3.18483990545205e-01
  10.00000   6.04476652285110e+00   1.43620796053484e+00
  10.00000   1.41731673429382e+01   5.22576784769349e+05
  10.00000   1.55807276180034e+01   2.20649289829722e+06
  10.00000   3.32318331521237e+01   0.00000000000000e+00
  10.00000   3.65321404920938e+01   5.22822591854703e+11
  10.00000   8.56569296155313e+01   1.34311245785923e+16
  10.00000   1.03515204360015e+02   2.59909496979515e+16
  10.00000   2.20785581029290e+02   3.31649108788737e+20
  10.00000   3.22443769040493e+02   3.37408123130067e+22
  10.00000   3.54466183597661e+02   3.32973142203232e+21
  10.00000   8.31117052834115e+02   6.01495117334518e+25
  10.00000   9.13656637613760e+02   6.64018625123591e+26
  10.00000   3.12862620960753e+03   3.10679297629610e+32
STATE 84 +2 31 Rn
   0.00000   2.13329299033875e+00   2.69980308779130e-01
   0.00000   2.34515378303389e+00   7.64308072069760e+00
   0.00000   6.04476652285110e+00   7.49211864497853e+01
   0.00000   8.03048901425676e+00   1.50219148460728e+02
   0.00000   2.74987313303908e+01   8.15664351370806e+03
   0.00000   7.08795353931043e+01   4.52869463646670e+04
   0.00000   2.66816294286686e+02   9.68742796132896e+05
   0.00000   9.13656637613760e+02   9.44934588465593e+05
   0.00000   2.58888070295088e+03   6.93701638322365e+05
   0.00000   2.84598665154974e+03   5.03764865708301e+05
   0.00000   6.67298644467041e+03   1.47948660811334e+06
   0.00000   1.72000000000000e+04   3.33865039398556e+06
   9.00000   4.55005943609563e+00   6.32682865649247e-02
   9.00000   3.02296750142410e+01   3.06746207965984e+09
   9.00000   7.79186972064388e+01   2.11994675360518e+14
   9.00000   2.20785581029290e+02   2.48269436163830e+19
  10.00000   5.49868334636467e+00   2.02788237449264e-01
  10.00000   6.04476652285110e+00   1.63971664738125e+00
  10.00000   1.41731673429382e+01   5.58471232531868e+05
  10.00000   1.55807276180034e+01   2.14387061795014e+06
  10.00000   3.32318331521237e+01   0.00000000000000e+00
  10.00000   3.65321404920938e+01   5.25945293839373e+11
  10.00000   8.56569296155313e+01   1.31425639916018e+16
  10.00000   1.03515204360015e+02   2.62512454982219e+16
  10.00000   2.20785581029290e+02   3.41900907274073e+20
  10.00000   3.22443769040493e+02   3.45162858183802e+22
  10.00000   3.54466183597661e+02   1.55165543208079e+21
  10.00000   8.31117052834115e+02   3.92440425254989e+25
  10.00000   9.13656637613760e+02   7.19108324570779e+26
  10.00000   2.84598665154974e+03   6.09672343716531e+31
  10.00000   3.12862620960753e+03   1.01222124269413e+32
STATE 85 +1 31 Rn
   0.00000   1.94057166551395e+00   7.12018232697690e-01
   0.00000   2.13329299033875e+00   4.89929127348111e+00
   0.00000   5.49868334636467e+00   5.95041497522860e+01
   0.00000   8.03048901425676e+00   1.68884481191815e+02
   0.00000   2.74987313303908e+01   8.15065193030000e+03
   0.00000   7.08795353931043e+01   4.53069490713342e+04
   0.00000   2.66816294286686e+02   9.68677462596101e+05
   0.00000   9.13656637613760e+02   9.45167431568768e+05
   0.00000   2.58888070295088e+03   6.85075449449919e+05
   0.00000   2.84598665154974e+03   5.13649427591244e+05
   0.00000   6.67298644467041e+03   1.47599954311782e+06
   0.00000   1.72000000000000e+04   3.34395847708070e+06
   9.00000   3.02296750142410e+01   3.03932378573893e+09
   9.00000   7.79186972064388e+01   2.15213615729388e+14
   9.00000   2.20785581029290e+02   2.47437129030954e+19
  10.00000   4.13900784284184e+00   4.18854948477799e-03
  10.00000   5.49868334636467e+00   6.66634948117616e-01
  10.00000   6.04476652285110e+00   4.16429169263217e-01
  10.00000   1.41731673429382e+01   5.72123762132380e+05
  10.00000   1.55807276180034e+01   2.14112936586367e+06
  10.00000   3.32318331521237e+01   0.00000000000000e+00
  10.00000   3.65321404920938e+01   5.27116270222309e+11
  10.00000   8.56569296155313e+01   1.30804880445283e+16
  10.00000   1.03515204360015e+02   2.63030545685517e+16
  10.00000   2.20785581029290e+02   3.43496663003321e+20
  10.00000   3.22443769040493e+02   3.46140508614158e+22
  10.00000   3.54466183597661e+02   1.37569568090378e+21
  10.00000   8.31117052834115e+02   3.80995163460317e+25
  10.00000   9.13656637613760e+02   7.20753843279909e+26
  10.00000   2.84598665154974e+03   6.24223305036821e+31
  10.00000   3.12862620960753e+03   9.73300149516846e+31
STATE 86 +0 30 Rn
   0.00000   1.76526075229715e+00   2.88588113842519e+00
   0.00000   1.94057166551395e+00   4.79120405814210e-01
   0.00000   5.00193323088468e+00   6.17386866008280e+01
   0.00000   8.82800992488420e+00   1.91931448459084e+02
   0.00000   2.74987313303908e+01   8.11056782721616e+03
   0.00000   7.08795353931043e+01   4.53102891014606e+04
   0.00000   2.66816294286686e+02   9.68770912603886e+05
   0.00000   9.13656637613760e+02   9.44420709315585e+05
   0.00000   2.58888070295088e+03   7.14472273944160e+05
   0.00000   2.84598665154974e+03   4.79696396017831e+05
   0.00000   6.67298644467041e+03   1.48828079228699e+06
   0.00000   1.72000000000000e+04   3.32472837966252e+06
   9.00000   3.02296750142410e+01   3.22605568953557e+09
   9.00000   7.79186972064388e+01   1.89014022361608e+14
   9.00000   2.20785581029290e+02   2.52049967949751e+19
  10.00000   5.00193323088468e+00   3.38870973915594e-03
  10.00000   5.49868334636467e+00   4.57126552508347e-01
  10.00000   1.41731673429382e+01   5.50414415714626e+05
  10.00000   1.55807276180034e+01   2.08471815527237e+06
  10.00000   3.32318331521237e+01   0.00000000000000e+00
  10.00000   3.65321404920938e+01   5.26014074262446e+11
  10.00000   8.56569296155313e+01   1.35685757232236e+16
  10.00000   1.03515204360015e+02   2.60072571543933e+16
  10.00000   2.20785581029290e+02   3.35590545425963e+20
  10.00000   3.22443769040493e+02   3.41193437834838e+22
  10.00000   3.54466183597661e+02   2.42500251734800e+21
  10.00000   8.31117052834115e+02   4.31210948837614e+25
  10.00000   9.13656637613760e+02   7.10787348438199e+26
  10.00000   2.84598665154974e+03   5.74232932330415e+31
  10.00000   3.12862620960753e+03   1.11537365252974e+32
STATE 87 -1 33 Rn
   0.00000   1.76526075229715e+00   0.00000000000000e+00
   0.00000   1.94057166551395e+00   4.03026237600611e+00
   0.00000   5.00193323088468e+00   5.71422496511375e+01
   0.00000   5.49868334636467e+00   4.27233667015510e+00
   0.00000   8.82800992488420e+00   2.12211106776188e+02
   0.00000   2.74987313303908e+01   8.27104249466594e+03
   0.00000   7.08795353931043e+01   4.45011445877950e+04
   0.00000   2.66816294286686e+02   9.71327015669701e+05
   0.00000   9.13656637613760e+02   9.34798822034217e+05
   0.00000   2.58888070295088e+03   9.82060844445853e+05
   0.00000   2.84598665154974e+03   1.76573779087751e+05
   0.00000   6.67298644467041e+03   1.58858231718297e+06
   0.00000   7.33569156966467e+03   0.00000000000000e+00
   0.00000   1.72000000000000e+04   3.17041042849176e+06
   9.00000   3.76509058040054e+00   1.60326581747935e-02
   9.00000   2.20785581029290e+02   3.20245958054205e+19
  10.00000   1.60578739707373e+00   4.36668897324171e-08
  10.00000   1.76526075229715e+00   1.15781094733089e-07
  10.00000   5.49868334636467e+00   0.00000000000000e+00
  10.00000   6.04476652285110e+00   2.54402217154559e+00
  10.00000   1.41731673429382e+01   5.69635076909567e+05
  10.00000   1.55807276180034e+01   1.94885644860379e+06
  10.00000   3.32318331521237e+01   2.82983864377232e+10
  10.00000   3.65321404920938e+01   5.06996298171062e+11
  10.00000   8.56569296155313e+01   1.73304368415134e+16
  10.00000   9.41636584569817e+01   0.00000000000000e+00
  10.00000   1.03515204360015e+02   2.28001884387827e+16
  10.00000   2.20785581029290e+02   2.12573494163731e+20
  10.00000   3.22443769040493e+02   2.61828871154948e+22
  10.00000   3.54466183597661e+02   1.81999960657939e+22
  10.00000   8.31117052834115e+02   1.26078737518480e+26
  10.00000   9.13656637613760e+02   5.80263029086808e+26
  10.00000   3.12862620960753e+03   2.31086427398588e+32
# orbitals: 1s2
CORE 2 9 Rn
   0.00000   1.37520234781468e+02   0.00000000000000e+00
   0.00000   1.51177592717941e+02   2.90078532702925e+04
   0.00000   1.82696011578907e+02   1.75130608617825e+05
   0.00000   2.00839849303326e+02   2.53761816053026e+05
   0.00000   3.22443769040493e+02   1.04709192218297e+05
   0.00000   3.54466183597661e+02   2.87379798638966e+05
   0.00000   6.87734090243258e+02   4.40436095261335e+05
   0.00000   1.61253049420734e+03   0.00000000000000e+00
   0.00000   1.77267351736218e+03   1.16191687977446e+06
# orbitals: 1s2 2s2
CORE 4 16 Rn
   0.00000   5.86515131944607e+01   4.38303474570415e+03
   0.00000   6.44762902571628e+01   2.33355754872144e+03
   0.00000   2.20785581029290e+02   3.78599089053096e+05
   0.00000   2.42712155777514e+02   4.63198723808220e+05
   0.00000   6.87734090243258e+02   5.39302185755309e+05
   0.00000   7.56034080062882e+02   2.57205634763398e+05
   0.00000   2.14225121349738e+03   1.20596892443529e+06
   0.00000   6.07014998761603e+03   0.00000000000000e+00
   0.00000   6.67298644467041e+03   1.75854079098268e+06
   0.00000   1.72000000000000e+04   2.98844926255831e+06
   4.00000   1.03515204360015e+02   1.75180389822531e+10
   5.00000   1.13795467479536e+02   0.00000000000000e+00
   9.00000   2.00839849303326e+02   6.11527232317930e+17
  10.00000   2.42712155777514e+02   2.23235664863482e+20
  10.00000   6.87734090243258e+02   3.13513575637652e+25
  10.00000   7.56034080062882e+02   1.89070186880814e+25
# orbitals: 1s2 2s2 2p6
CORE 10 18 Rn
   0.00000   5.86515131944607e+01   2.21213726219485e+04
   0.00000   6.44762902571628e+01   1.11362878875687e+04
   0.00000   2.42712155777514e+02   5.22980646536146e+05
   0.00000   2.66816294286686e+02   3.90409913325521e+05
   0.00000   9.13656637613760e+02   9.93509593073060e+05
   0.00000   2.84598665154974e+03   8.12026098823845e+05
   0.00000   3.12862620960753e+03   5.27724466302115e+05
   0.00000   1.07133266004697e+04   3.38367382970650e+06
   0.00000   1.17772844704185e+04   0.00000000000000e+00
   3.00000   9.41636584569817e+01   2.00411368466046e+09
   4.00000   1.03515204360015e+02   0.00000000000000e+00
   9.00000   2.20785581029290e+02   6.75813517208273e+18
  10.00000   1.37520234781468e+02   4.58513105471627e+16
  10.00000   2.66816294286686e+02   3.38301066142901e+20
  10.00000   7.56034080062882e+02   1.33424511658437e+26
  10.00000   8.31117052834115e+02   1.18270113473785e+26
  10.00000   3.12862620960753e+03   6.84534588778566e+32
  10.00000   3.43933516136244e+03   0.00000000000000e+00
# orbitals: 1s2 2s2 2p6 3s2
CORE 12 20 Rn
   0.00000   2.74987313303908e+01   0.00000000000000e+00
   0.00000   4.85330495032374e+01   9.76192625517297e+03
   0.00000   5.33529454979436e+01   2.64801596114205e+04
   0.00000   2.42712155777514e+02   1.70666003592667e+05
   0.00000   2.66816294286686e+02   8.13679470600003e+05
   0.00000   1.00439336265465e+03   1.09442509702196e+06
   0.00000   1.10414129927351e+03   0.00000000000000e+00
   0.00000   3.43933516136244e+03   1.56747057846303e+06
   0.00000   1.17772844704185e+04   0.00000000000000e+00
   0.00000   1.29469057249761e+04   3.65657897651018e+06
   7.00000   1.66191285059320e+02   4.60004442139607e+15
   8.00000   7.56034080062882e+02   5.63283838164383e+21
   9.00000   5.86515131944607e+01   8.10249331135694e+11
  10.00000   5.86515131944607e+01   2.35909891301198e+12
  10.00000   7.79186972064388e+01   6.68750769909425e+14
  10.00000   8.56569296155313e+01   6.93862379564078e+14
  10.00000   2.00839849303326e+02   7.44506391282011e+19
  10.00000   2.93314253951656e+02   9.36527676980246e+21
  10.00000   8.31117052834115e+02   4.09875822254118e+26
  10.00000   3.43933516136244e+03   2.38316007315418e+33
# orbitals: 1s2 2s2 2p6 3s2 3p6
CORE 18 21 Rn
   0.00000   2.50145006330629e+01   6.68838716239326e+02
   0.00000   5.86515131944607e+01   4.69869183099441e+04
   0.00000   2.66816294286686e+02   9.78858036262140e+05
   0.00000   2.93314253951656e+02   0.00000000000000e+00
   0.00000   9.13656637613760e+02   5.53278129574077e+05
   0.00000   1.00439336265465e+03   4.42323677851417e+05
   0.00000   3.12862620960753e+03   7.87383950555277e+05
   0.00000   3.43933516136244e+03   8.79233844727188e+05
   0.00000   1.17772844704185e+04   0.00000000000000e+00
   0.00000   1.29469057249761e+04   3.56487680942713e+06
   7.00000   5.33529454979436e+01   1.28547108703525e+11
   7.00000   1.82696011578907e+02   1.08312638780380e+16
   8.00000   5.33529454979436e+01   1.27438573592675e+11
   8.00000   1.82696011578907e+02   1.74085286012018e+17
   9.00000   5.86515131944607e+01   0.00000000000000e+00
   9.00000   2.00839849303326e+02   0.00000000000000e+00
  10.00000   7.79186972064388e+01   5.06219036252149e+14
  10.00000   8.56569296155313e+01   5.90523847117269e+15
  10.00000   3.22443769040493e+02   2.14093054003207e+22
  10.00000   8.31117052834115e+02   2.96921160279251e+26
  10.00000   9.13656637613760e+02   5.16129787651580e+26
# orbitals: 1s2 2s2 2p6 3s2 3p6 3d10
CORE 28 19 Rn
   0.00000   2.50145006330629e+01   2.23017454225195e+03
   0.00000   2.74987313303908e+01   5.01088384869314e+03
   0.00000   6.44762902571628e+01   3.95437200211279e+04
   0.00000   2.66816294286686e+02   9.83772061734921e+05
   0.00000   2.93314253951656e+02   1.91307110285031e+03
   0.00000   1.00439336265465e+03   1.06188291020204e+06
   0.00000   3.43933516136244e+03   1.66527476145899e+06
   0.00000   3.78090112390509e+03   0.00000000000000e+00
   0.00000   1.29469057249761e+04   0.00000000000000e+00
   0.00000   1.42326839665327e+04   3.90071616602870e+06
   7.00000   5.33529454979436e+01   2.73869904531038e+11
   8.00000   2.00839849303326e+02   5.20205120641039e+17
  10.00000   8.56569296155313e+01   8.64505608725399e+15
  10.00000   9.41636584569817e+01   5.93502353124111e+15
  10.00000   2.20785581029290e+02   2.39906575170997e+20
  10.00000   3.22443769040493e+02   2.30460163121468e+22
  10.00000   8.31117052834115e+02   3.85037267808354e+26
  10.00000   9.13656637613760e+02   2.96426804669477e+26
  10.00000   3.78090112390509e+03   5.33996541794261e+33
# orbitals: 1s2 2s2 2p6 3s2 3p6 3d10 4s2
CORE 30 24 Rn
   0.00000   1.88290919449780e+01   1.20974076142249e+03
   0.00000   2.06990396564545e+01   2.93556063183193e+03
   0.00000   6.44762902571628e+01   4.36773731170752e+04
   0.00000   2.42712155777514e+02   1.58996865586272e+05
   0.00000   2.66816294286686e+02   7.97685049917307e+05
   0.00000   9.13656637613760e+02   9.72726745638593e+05
   0.00000   2.58888070295088e+03   7.04158502799309e+05
   0.00000   2.84598665154974e+03   4.96803665086638e+05
   0.00000   8.06421101727673e+03   2.25999525515422e+06
   0.00000   8.86508091481006e+03   0.00000000000000e+00
   0.00000   1.72000000000000e+04   1.72623985847998e+06
   8.00000   2.00839849303326e+02   3.27314983254721e+17
   9.00000   7.08795353931043e+01   1.61076239302272e+14
  10.00000   1.88290919449780e+01   0.00000000000000e+00
  10.00000   2.06990396564545e+01   2.76307037430034e+05
  10.00000   3.32318331521237e+01   1.01513143413726e+10
  10.00000   3.65321404920938e+01   9.42661887748105e+09
  10.00000   8.56569296155313e+01   2.60273310042610e+15
  10.00000   9.41636584569817e+01   1.39131837105236e+16
  10.00000   2.20785581029290e+02   5.34768427968552e+20
  10.00000   3.22443769040493e+02   3.62103051454928e+22
  10.00000   8.31117052834115e+02   2.10176844650854e+26
  10.00000   9.13656637613760e+02   0.00000000000000e+00
  10.00000   3.12862620960753e+03   6.09681934686922e+32
# orbitals: 1s2 2s2 2p6 3s2 3p6 3d10 4s2 4p6
CORE 36 23 Rn
   0.00000   2.06990396564545e+01   2.38917030531552e+01
   0.00000   2.27546949131421e+01   5.39519582721805e+03
   0.00000   6.44762902571628e+01   0.00000000000000e+00
   0.00000   7.08795353931043e+01   5.06879131307511e+04
   0.00000   2.66816294286686e+02   9.59059914439464e+05
   0.00000   8.31117052834115e+02   3.35191030885951e+05
   0.00000   9.13656637613760e+02   5.60630532128891e+05
   0.00000   2.58888070295088e+03   8.90154978867734e+05
   0.00000   2.84598665154974e+03   4.65449269369511e+05
   0.00000   8.06421101727673e+03   1.79656943355552e+06
   0.00000   1.72000000000000e+04   2.66879073274142e+06
   9.00000   2.50145006330629e+01   7.53971715094694e+07
   9.00000   7.79186972064388e+01   0.00000000000000e+00
   9.00000   2.20785581029290e+02   1.73700568387418e+19
  10.00000   2.74987313303908e+01   8.06484293342138e+08
  10.00000   3.32318331521237e+01   1.52637671438911e+10
  10.00000   3.65321404920938e+01   1.68773361953072e+11
  10.00000   7.79186972064388e+01   3.68245609106508e+15
  10.00000   9.41636584569817e+01   2.58855115430448e+16
  10.00000   2.20785581029290e+02   5.67872146052600e+20
  10.00000   3.22443769040493e+02   4.19227438927802e+22
  10.00000   8.31117052834115e+02   3.52666751646913e+25
  10.00000   9.13656637613760e+02   6.16812790287474e+26
# orbitals: 1s2 2s2 2p6 3s2 3p6 3d10 4s2 4p6 4d10
CORE 46 25 Rn
   0.00000   9.70473393282724e+00   7.12138018323280e+01
   0.00000   2.50145006330629e+01   2.03202531413204e+03
   0.00000   2.74987313303908e+01   6.10476961147206e+03
   0.00000   6.44762902571628e+01   0.00000000000000e+00
   0.00000   7.08795353931043e+01   4.50799515627000e+04
   0.00000   2.66816294286686e+02   9.69986016903804e+05
   0.00000   9.13656637613760e+02   6.64710599536545e+05
   0.00000   1.00439336265465e+03   3.27727380765468e+05
   0.00000   2.84598665154974e+03   1.24904548616342e+06
   0.00000   8.06421101727673e+03   1.97590094765240e+06
   0.00000   1.72000000000000e+04   2.16185763575940e+06
   8.00000   2.27546949131421e+01   9.17494287922667e+06
   9.00000   2.50145006330629e+01   5.38260089287541e+08
   9.00000   7.79186972064388e+01   8.97789496951381e+14
   9.00000   2.20785581029290e+02   2.08080121314244e+19
  10.00000   3.32318331521237e+01   3.30044297513949e+10
  10.00000   3.65321404920938e+01   2.98129233687444e+11
  10.00000   9.41636584569817e+01   0.00000000000000e+00
  10.00000   1.03515204360015e+02   1.91300924427851e+16
  10.00000   2.20785581029290e+02   4.25920193111598e+20
  10.00000   3.22443769040493e+02   3.61220630869044e+22
  10.00000   3.54466183597661e+02   0.00000000000000e+00
  10.00000   8.31117052834115e+02   1.17992201518483e+26
  10.00000   9.13656637613760e+02   5.23360813233854e+26
  10.00000   3.12862620960753e+03   4.40473766699877e+32
# orbitals: 1s2 2s2 2p6 3s2 3p6 3d10 4s2 4p6 4d10 4f14
CORE 60 28 Rn
   0.00000   8.82800992488420e+00   3.01411953324084e+02
   0.00000   9.70473393282724e+00   6.80925639109201e+01
   0.00000   2.74987313303908e+01   6.71033401740406e+03
   0.00000   6.44762902571628e+01   4.16907668643612e+04
   0.00000   2.66816294286686e+02   9.83116695863200e+05
   0.00000   9.13656637613760e+02   1.53558976566283e+05
   0.00000   1.00439336265465e+03   9.20271892752927e+05
   0.00000   2.84598665154974e+03   0.00000000000000e+00
   0.00000   3.12862620960753e+03   1.25197241589322e+06
   0.00000   8.86508091481006e+03   2.46663566608068e+06
   0.00000   9.74548650298950e+03   0.00000000000000e+00
   0.00000   1.72000000000000e+04   1.00399036571888e+06
   7.00000   2.06990396564545e+01   1.75256235664791e+07
   8.00000   2.27546949131421e+01   0.00000000000000e+00
   8.00000   2.50145006330629e+01   2.35921953670819e+08
   9.00000   7.79186972064388e+01   7.23176709986980e+14
   9.00000   2.20785581029290e+02   2.11506916679487e+19
   9.00000   8.31117052834115e+02   2.28714176070688e+24
  10.00000   3.32318331521237e+01   1.59028077632815e+10
  10.00000   3.65321404920938e+01   3.69755733953794e+11
  10.00000   8.56569296155313e+01   2.63095627331533e+15
  10.00000   9.41636584569817e+01   0.00000000000000e+00
  10.00000   1.03515204360015e+02   2.36558549439804e+16
  10.00000   2.20785581029290e+02   3.69562160199935e+20
  10.00000   3.22443769040493e+02   3.20498145176035e+22
  10.00000   3.54466183597661e+02   0.00000000000000e+00
  10.00000   8.31117052834115e+02   2.26351276935301e+26
  10.00000   3.12862620960753e+03   6.55340392686397e+32
# orbitals: 1s2 2s2 2p6 3s2 3p6 3d10 4s2 4p6 4d10 4f14 5s2
CORE 62 27 Rn
   0.00000   7.30501600664484e+00   1.92541869501081e+01
   0.00000   8.03048901425676e+00   3.23127685231278e+02
   0.00000   3.02296750142410e+01   8.99438624151753e+03
   0.00000   6.44762902571628e+01   3.69670105550122e+04
   0.00000   7.08795353931043e+01   0.00000000000000e+00
   0.00000   2.66816294286686e+02   9.94354293904752e+05
   0.00000   9.13656637613760e+02   0.00000000000000e+00
   0.00000   1.00439336265465e+03   1.07350170920295e+06
   0.00000   2.84598665154974e+03   0.00000000000000e+00
   0.00000   3.12862620960753e+03   1.29273899971772e+06
   0.00000   9.74548650298950e+03   2.82809020861098e+06
   0.00000   1.72000000000000e+04   6.66362431657300e+05
   4.00000   1.28927658230041e+01   7.29037619183509e+03
   8.00000   2.27546949131421e+01   9.64285403181256e+07
   9.00000   7.79186972064388e+01   5.32311171000339e+14
   9.00000   2.20785581029290e+02   4.17958894542126e+19
  10.00000   1.55807276180034e+01   3.78304118706455e+05
  10.00000   3.32318331521237e+01   2.73345774256570e+10
  10.00000   3.65321404920938e+01   3.76213015784030e+11
  10.00000   8.56569296155313e+01   7.30650898335382e+15
  10.00000   1.03515204360015e+02   2.15226199963648e+16
  10.00000   2.42712155777514e+02   0.00000000000000e+00
  10.00000   3.22443769040493e+02   6.79837437290649e+21
  10.00000   3.54466183597661e+02   5.01116784981921e+22
  10.00000   8.31117052834115e+02   4.99882715620524e+26
  10.00000   9.13656637613760e+02   7.48729421372468e+25
  10.00000   3.43933516136244e+03   1.80071743514943e+33
# orbitals: 1s2 2s2 2p6 3s2 3p6 3d10 4s2 4p6 4d10 4f14 5s2 5p6
CORE 68 29 Rn
   0.00000   6.04476652285110e+00   1.02894646194321e+02
   0.00000   6.64508210678078e+00   1.25852513535562e+02
   0.00000   2.74987313303908e+01   0.00000000000000e+00
   0.00000   3.02296750142410e+01   9.66430814291896e+03
   0.00000   6.44762902571628e+01   0.00000000000000e+00
   0.00000   7.08795353931043e+01   4.27866361871794e+04
   0.00000   2.66816294286686e+02   9.72365081894326e+05
   0.00000   9.13656637613760e+02   7.38571629072893e+05
   0.00000   1.00439336265465e+03   2.36051904841785e+05
   0.00000   2.58888070295088e+03   5.44616766899383e+05
   0.00000   2.84598665154974e+03   5.96113456479496e+05
   0.00000   6.67298644467041e+03   1.56158890062829e+06
   0.00000   1.72000000000000e+04   3.16168775478510e+06
   9.00000   3.02296750142410e+01   0.00000000000000e+00
   9.00000   7.79186972064388e+01   5.84519522286080e+14
   9.00000   2.20785581029290e+02   2.31823663852365e+19
  10.00000   1.17280355579548e+01   5.56912215296323e+03
  10.00000   1.41731673429382e+01   9.49043117071762e+04
  10.00000   1.55807276180034e+01   1.54695633161620e+06
  10.00000   3.02296750142410e+01   7.22136246937452e+09
  10.00000   3.65321404920938e+01   4.78912056902263e+11
  10.00000   8.56569296155313e+01   6.53075683859743e+15
  10.00000   1.03515204360015e+02   2.78547363810270e+16
  10.00000   2.20785581029290e+02   3.58850447807511e+20
  10.00000   3.22443769040493e+02   3.46080070632237e+22
  10.00000   3.54466183597661e+02   0.00000000000000e+00
  10.00000   8.31117052834115e+02   9.50098573622797e+25
  10.00000   9.13656637613760e+02   6.13095553596988e+26
  10.00000   3.12862620960753e+03   3.96811903251777e+32
# orbitals: 1s2 2s2 2p6 3s2 3p6 3d10 4s2 4p6 4d10 4f14 5s2 5p6 5d10
CORE 78 32 Rn
   0.00000   4.13900784284184e+00   4.90456721940735e+01
   0.00000   9.70473393282724e+00   9.55112872917316e+01
   0.00000   2.74987313303908e+01   8.14545699576072e+03
   0.00000   7.08795353931043e+01   4.54101931418215e+04
   0.00000   2.66816294286686e+02   9.69183941534585e+05
   0.00000   8.31117052834115e+02   0.00000000000000e+00
   0.00000   9.13656637613760e+02   9.36820596612330e+05
   0.00000   2.58888070295088e+03   1.10365346372068e+06
   0.00000   2.84598665154974e+03   0.00000000000000e+00
   0.00000   6.07014998761603e+03   1.00508233207356e+06
   0.00000   6.67298644467041e+03   4.96751938710477e+05
   0.00000   1.72000000000000e+04   3.48627892890565e+06
   9.00000   9.70473393282724e+00   3.12076072675311e+03
   9.00000   3.02296750142410e+01   1.02765953017559e+10
   9.00000   7.79186972064388e+01   9.05346547348054e+14
   9.00000   2.20785581029290e+02   1.95276047748407e+19
  10.00000   4.13900784284184e+00   1.30491554922146e-05
  10.00000   4.55005943609563e+00   0.00000000000000e+00
  10.00000   9.70473393282724e+00   0.00000000000000e+00
  10.00000   1.41731673429382e+01   7.04353061780818e+05
  10.00000   1.55807276180034e+01   1.57607898213118e+06
  10.00000   3.65321404920938e+01   2.51726605680336e+11
  10.00000   4.01602067157945e+01   6.17460445703856e+11
  10.00000   8.56569296155313e+01   0.00000000000000e+00
  10.00000   1.03515204360015e+02   2.84473358241642e+16
  10.00000   2.20785581029290e+02   4.60917095786422e+20
  10.00000   3.22443769040493e+02   3.78224902944795e+22
  10.00000   3.54466183597661e+02   0.00000000000000e+00
  10.00000   8.31117052834115e+02   1.02411537805686e+26
  10.00000   9.13656637613760e+02   5.46805399075739e+26
  10.00000   2.84598665154974e+03   0.00000000000000e+00
  10.00000   3.12862620960753e+03   2.74926467185755e+32
# orbitals: 1s2 2s2 2p6 3s2 3p6 3d10 4s2 4p6 4d10 4f14 5s2 5p6 5d10 6s2
CORE 80 32 Rn
   0.00000   2.34515378303389e+00   0.00000000000000e+00
   0.00000   2.57805481524826e+00   5.89555329160946e-01
   0.00000   3.42495293966094e+00   3.42350975812259e+01
   0.00000   8.82800992488420e+00   0.00000000000000e+00
   0.00000   9.70473393282724e+00   1.18546087403488e+02
   0.00000   2.74987313303908e+01   8.11231421326772e+03
   0.00000   7.08795353931043e+01   4.54560526503786e+04
   0.00000   2.66816294286686e+02   9.69342817935482e+05
   0.00000   2.93314253951656e+02   0.00000000000000e+00
   0.00000   9.13656637613760e+02   9.37265252554058e+05
   0.00000   2.58888070295088e+03   1.10410557460253e+06
   0.00000   2.84598665154974e+03   0.00000000000000e+00
   0.00000   6.07014998761603e+03   9.88463270556396e+05
   0.00000   6.67298644467041e+03   5.16640051532167e+05
   0.00000   1.72000000000000e+04   3.48032047824821e+06
   9.00000   3.02296750142410e+01   1.00252906060586e+10
   9.00000   7.79186972064388e+01   9.05599703709714e+14
   9.00000   2.20785581029290e+02   1.94746813687095e+19
  10.00000   5.00193323088468e+00   1.57527447374762e-02
  10.00000   5.49868334636467e+00   1.31799839378688e-01
  10.00000   1.41731673429382e+01   4.01018851242244e+05
  10.00000   1.55807276180034e+01   1.75303046828500e+06
  10.00000   3.65321404920938e+01   2.57016485438017e+11
  10.00000   4.01602067157945e+01   6.34811907315269e+11
  10.00000   8.56569296155313e+01   0.00000000000000e+00
  10.00000   1.03515204360015e+02   2.88729943371104e+16
  10.00000   2.20785581029290e+02   4.63758757937193e+20
  10.00000   3.22443769040493e+02   3.79704286665547e+22
  10.00000   3.54466183597661e+02   0.00000000000000e+00
  10.00000   8.31117052834115e+02   1.01220276803301e+26
  10.00000   9.13656637613760e+02   5.44732703786958e+26
  10.00000   3.12862620960753e+03   2.78429341961720e+32
