# Free-atom, free-ion and frozen-core density fits -- Pt (Z = 78)
#
#   rho(r) = sum_i c_i r^n_i exp(-alpha_i r)      r in bohr, rho in e/bohr^3
#
# All-electron B86BPBE densities (scalar-relativistic, spin-restricted),
# fitted with rhofit.py (monotone decay imposed).  Two kinds of block:
#
#   STATE <N> <q> <nterm> <symbol>
#     the atom or ion with N electrons (charge q), in order of increasing N;
#   CORE <N_core> <nterm> <symbol>
#     the frozen core of the neutral atom with N_core electrons, for a
#     pseudopotential with Z - N_core valence electrons, in order of
#     increasing N_core, each preceded by a '# orbitals:' comment.
#
# Each block header is followed by nterm lines:   n   alpha   c
#
# Generated 2026-09-23 by combine_fits.py from
#   /home/alberto/doc/manuals/critic2/atomic_density_fits/15_rhofit/rho_b86bpbe_mono/fit_078_Pt.dat
#     recipe: --npow 0,1,2,3,4,5,6,7,8,9,10 --amin 0.2 --ratio 1.1 --mom 3 --cusp none --targetz 1e-3 --besteffort --monotone --stats
#   /home/alberto/doc/manuals/critic2/atomic_density_fits/15_rhofit/core_b86bpbe_mono/core_078_Pt.dat
#     recipe: --npow 0,1,2,3,4,5,6,7,8,9,10 --amin 0.2 --ratio 1.1 --mom 3 --cusp none --besteffort --monotone --stats --target 1e-3*N_core
#
STATE 72 +6 28 Pt
   0.00000   3.76219407114511e+00   8.03857031666623e+00
   0.00000   4.13572100229900e+00   4.84650231278856e+01
   0.00000   7.29812782112293e+00   0.00000000000000e+00
   0.00000   8.02271757822794e+00   3.44738610272147e+01
   0.00000   2.27264671535681e+01   4.85790194128914e+03
   0.00000   2.49828492995477e+01   0.00000000000000e+00
   0.00000   5.85642136528012e+01   2.77058637716311e+04
   0.00000   2.20380344611538e+02   4.83724048949154e+05
   0.00000   2.42260660260521e+02   1.33360011901707e+05
   0.00000   8.29303311046460e+02   4.99207532821633e+05
   0.00000   2.58246154641105e+03   5.48783728318303e+05
   0.00000   2.83885952004357e+03   0.00000000000000e+00
   0.00000   8.04181962119062e+03   1.00766203622527e+06
   0.00000   1.56000000000000e+04   3.89630876099731e+05
   8.00000   1.82369740648108e+02   1.37556007627740e+17
   9.00000   2.49828492995477e+01   6.56024886810763e+08
   9.00000   7.07705211447970e+01   2.52700900139440e+14
  10.00000   8.02271757822794e+00   8.22385377897551e+01
  10.00000   1.17155224023018e+01   4.22859618388764e+04
  10.00000   1.28786902365610e+01   2.54185848952430e+04
  10.00000   3.01899257982498e+01   1.29093188019347e+10
  10.00000   3.31873124619718e+01   7.89144838981515e+10
  10.00000   7.07705211447970e+01   1.99761065673485e+14
  10.00000   2.00476198813592e+02   1.24729604971781e+20
  10.00000   2.92754091793387e+02   8.29038574445550e+21
  10.00000   7.54402919893683e+02   4.99020884538909e+25
  10.00000   8.29303311046460e+02   0.00000000000000e+00
  10.00000   2.83885952004357e+03   1.41715875779927e+32
STATE 73 +5 29 Pt
   0.00000   3.42240306372003e+00   4.48581679915069e+00
   0.00000   3.76219407114511e+00   3.95324209412828e+01
   0.00000   8.02271757822794e+00   5.42788161763375e+01
   0.00000   2.27264671535681e+01   4.87516218331531e+03
   0.00000   2.49828492995477e+01   0.00000000000000e+00
   0.00000   5.85642136528012e+01   2.76729273322081e+04
   0.00000   2.20380344611538e+02   4.82410613657914e+05
   0.00000   2.42260660260521e+02   1.34860069799393e+05
   0.00000   8.29303311046460e+02   4.98684959891085e+05
   0.00000   2.58246154641105e+03   5.50253331631986e+05
   0.00000   2.83885952004357e+03   0.00000000000000e+00
   0.00000   8.04181962119062e+03   9.97827672209192e+05
   0.00000   8.84024632305459e+03   0.00000000000000e+00
   0.00000   1.56000000000000e+04   4.10748622535157e+05
   8.00000   1.82369740648108e+02   0.00000000000000e+00
   9.00000   2.49828492995477e+01   6.83646677343111e+08
   9.00000   7.07705211447970e+01   2.50106687270376e+14
   9.00000   2.00476198813592e+02   4.66597651825118e+18
  10.00000   7.29812782112293e+00   7.50890519527551e+00
  10.00000   8.02271757822794e+00   4.88136846083095e+01
  10.00000   1.17155224023018e+01   4.22492521992761e+04
  10.00000   3.01899257982498e+01   1.26738618598161e+10
  10.00000   3.31873124619718e+01   7.99174924634366e+10
  10.00000   7.07705211447970e+01   2.08918127445017e+14
  10.00000   2.00476198813592e+02   1.54094726766556e+20
  10.00000   2.92754091793387e+02   9.45180944322785e+21
  10.00000   7.54402919893683e+02   5.13387062872509e+25
  10.00000   8.29303311046460e+02   0.00000000000000e+00
  10.00000   2.83885952004357e+03   1.41582348468674e+32
STATE 74 +4 28 Pt
   0.00000   3.11330104430131e+00   3.28849478209992e+00
   0.00000   3.42240306372003e+00   3.08587089581149e+01
   0.00000   8.02271757822794e+00   7.40421122668234e+01
   0.00000   2.27264671535681e+01   4.82665257185073e+03
   0.00000   2.49828492995477e+01   0.00000000000000e+00
   0.00000   5.85642136528012e+01   2.77159772029167e+04
   0.00000   2.20380344611538e+02   4.83594768976233e+05
   0.00000   2.42260660260521e+02   1.33507482170321e+05
   0.00000   8.29303311046460e+02   4.99110647134596e+05
   0.00000   2.58246154641105e+03   5.48928482642646e+05
   0.00000   2.83885952004357e+03   0.00000000000000e+00
   0.00000   8.04181962119062e+03   1.00687649798732e+06
   0.00000   8.84024632305459e+03   0.00000000000000e+00
   0.00000   1.56000000000000e+04   3.91088902386121e+05
   8.00000   1.82369740648108e+02   1.36303362818037e+17
   9.00000   7.29812782112293e+00   7.09101567235108e+00
   9.00000   2.49828492995477e+01   7.41333698743366e+08
   9.00000   7.07705211447970e+01   2.52049335960130e+14
  10.00000   7.29812782112293e+00   1.00022696450808e+01
  10.00000   1.17155224023018e+01   3.55067927154734e+04
  10.00000   3.01899257982498e+01   1.16167063101253e+10
  10.00000   3.31873124619718e+01   8.15212255780523e+10
  10.00000   7.07705211447970e+01   1.97790558814130e+14
  10.00000   2.00476198813592e+02   1.25799709764256e+20
  10.00000   2.92754091793387e+02   8.31512926667398e+21
  10.00000   7.54402919893683e+02   5.02164750146511e+25
  10.00000   8.29303311046460e+02   0.00000000000000e+00
  10.00000   2.83885952004357e+03   1.41436426853270e+32
STATE 75 +3 30 Pt
   0.00000   2.83211626800966e+00   3.10497813311270e+00
   0.00000   3.11330104430131e+00   2.31227302026672e+01
   0.00000   7.29812782112293e+00   0.00000000000000e+00
   0.00000   8.02271757822794e+00   8.50536996663308e+01
   0.00000   2.27264671535681e+01   4.84079654299495e+03
   0.00000   2.49828492995477e+01   0.00000000000000e+00
   0.00000   5.85642136528012e+01   2.74996072642864e+04
   0.00000   2.20380344611538e+02   5.17009641869760e+05
   0.00000   2.42260660260521e+02   9.39891039332440e+04
   0.00000   8.29303311046460e+02   5.23431427700098e+05
   0.00000   2.58246154641105e+03   0.00000000000000e+00
   0.00000   2.83885952004357e+03   5.91482564453467e+05
   0.00000   8.04181962119062e+03   8.83117617448014e+05
   0.00000   1.56000000000000e+04   4.42898001475444e+05
   8.00000   1.82369740648108e+02   1.36869417563022e+17
   9.00000   2.49828492995477e+01   8.82853971589818e+08
   9.00000   7.07705211447970e+01   2.50116535942016e+14
  10.00000   6.63898101535979e+00   4.19945172845416e-02
  10.00000   7.29812782112293e+00   2.06012480744932e+00
  10.00000   1.17155224023018e+01   2.15168556958347e+04
  10.00000   1.28786902365610e+01   3.33826570868514e+04
  10.00000   3.01899257982498e+01   7.78106258258824e+09
  10.00000   3.31873124619718e+01   8.86659632389168e+10
  10.00000   7.07705211447970e+01   2.11137695536977e+14
  10.00000   2.00476198813592e+02   1.25540956921990e+20
  10.00000   2.92754091793387e+02   8.42401019797628e+21
  10.00000   7.54402919893683e+02   3.46518936106821e+25
  10.00000   8.29303311046460e+02   0.00000000000000e+00
  10.00000   2.58246154641105e+03   6.16992229253832e+31
  10.00000   2.83885952004357e+03   0.00000000000000e+00
STATE 76 +2 29 Pt
   0.00000   2.57632732632994e+00   2.84806061719320e+00
   0.00000   2.83211626800966e+00   1.48303643658443e+01
   0.00000   6.63898101535979e+00   5.14880228775967e+01
   0.00000   7.29812782112293e+00   7.41917365918043e+01
   0.00000   2.49828492995477e+01   5.85041658995630e+03
   0.00000   5.85642136528012e+01   2.59956683851833e+04
   0.00000   2.20380344611538e+02   4.91821287587733e+05
   0.00000   2.42260660260521e+02   1.25606382542680e+05
   0.00000   8.29303311046460e+02   4.99762813939788e+05
   0.00000   2.58246154641105e+03   5.47479468218226e+05
   0.00000   2.83885952004357e+03   0.00000000000000e+00
   0.00000   8.04181962119062e+03   1.01635604165386e+06
   0.00000   8.84024632305459e+03   0.00000000000000e+00
   0.00000   1.56000000000000e+04   3.70512792630606e+05
   8.00000   1.82369740648108e+02   0.00000000000000e+00
   9.00000   2.49828492995477e+01   6.65587428076019e+08
   9.00000   7.07705211447970e+01   2.60477687965181e+14
   9.00000   2.00476198813592e+02   5.53070385480736e+18
  10.00000   4.13572100229900e+00   5.10531581546128e-04
  10.00000   1.17155224023018e+01   2.83481896033493e+04
  10.00000   1.28786902365610e+01   3.07126349857271e+04
  10.00000   3.01899257982498e+01   1.38238091334546e+10
  10.00000   3.31873124619718e+01   7.17010771295173e+10
  10.00000   7.07705211447970e+01   2.09133444420757e+14
  10.00000   2.00476198813592e+02   1.31458568861147e+20
  10.00000   2.92754091793387e+02   8.74508353930707e+21
  10.00000   7.54402919893683e+02   5.11543178246573e+25
  10.00000   8.29303311046460e+02   0.00000000000000e+00
  10.00000   2.83885952004357e+03   1.41271234227849e+32
STATE 77 +1 33 Pt
   0.00000   2.13196937846528e+00   2.72254597921396e+00
   0.00000   2.83211626800966e+00   4.19224076892313e+00
   0.00000   3.11330104430131e+00   1.27569153117254e+01
   0.00000   6.63898101535979e+00   7.29022097726052e+01
   0.00000   2.27264671535681e+01   4.92599663368278e+03
   0.00000   2.49828492995477e+01   0.00000000000000e+00
   0.00000   5.85642136528012e+01   2.71276141199988e+04
   0.00000   2.20380344611538e+02   5.63264822794345e+05
   0.00000   2.42260660260521e+02   3.78458853563600e+04
   0.00000   7.54402919893683e+02   4.57589424977208e+05
   0.00000   8.29303311046460e+02   0.00000000000000e+00
   0.00000   2.34922073163713e+03   5.86194921815391e+05
   0.00000   2.58246154641105e+03   0.00000000000000e+00
   0.00000   7.31550462017224e+03   0.00000000000000e+00
   0.00000   8.04181962119062e+03   9.88978753773340e+05
   0.00000   1.56000000000000e+04   5.29918109429682e+05
   8.00000   1.82369740648108e+02   0.00000000000000e+00
   9.00000   2.49828492995477e+01   8.63627845969814e+08
   9.00000   7.07705211447970e+01   2.47525431096264e+14
   9.00000   2.00476198813592e+02   4.57071526208282e+18
  10.00000   3.76219407114511e+00   0.00000000000000e+00
  10.00000   4.13572100229900e+00   1.17684571599070e-03
  10.00000   1.17155224023018e+01   2.45473345655271e+04
  10.00000   1.28786902365610e+01   3.53216875692789e+04
  10.00000   3.01899257982498e+01   7.96598718901171e+09
  10.00000   3.31873124619718e+01   8.81397730538860e+10
  10.00000   7.07705211447970e+01   2.25716422463617e+14
  10.00000   2.00476198813592e+02   1.56289411060152e+20
  10.00000   2.92754091793387e+02   9.79774554434065e+21
  10.00000   7.54402919893683e+02   1.94831421936863e+25
  10.00000   8.29303311046460e+02   0.00000000000000e+00
  10.00000   2.58246154641105e+03   3.11060735088032e+31
  10.00000   2.83885952004357e+03   0.00000000000000e+00
STATE 78 +0 35 Pt
   0.00000   9.99771271681315e-01   0.00000000000000e+00
   0.00000   1.60491060414972e+00   8.78710220648579e-01
   0.00000   1.76425308393889e+00   3.79898381826256e-01
   0.00000   2.83211626800966e+00   0.00000000000000e+00
   0.00000   3.11330104430131e+00   1.95212905036171e+01
   0.00000   6.03936653380317e+00   3.04675757936534e+01
   0.00000   6.63898101535979e+00   2.05680385266041e+01
   0.00000   2.27264671535681e+01   4.79079165587864e+03
   0.00000   2.49828492995477e+01   0.00000000000000e+00
   0.00000   5.85642136528012e+01   2.73780640471673e+04
   0.00000   2.20380344611538e+02   5.60108460514594e+05
   0.00000   2.42260660260521e+02   4.13085335240445e+04
   0.00000   7.54402919893683e+02   4.56720535030583e+05
   0.00000   8.29303311046460e+02   0.00000000000000e+00
   0.00000   2.34922073163713e+03   5.86206970030025e+05
   0.00000   2.58246154641105e+03   0.00000000000000e+00
   0.00000   7.31550462017224e+03   7.30581399379341e+05
   0.00000   1.56000000000000e+04   1.02846711180389e+06
   8.00000   1.82369740648108e+02   8.83616065666344e+16
   9.00000   2.49828492995477e+01   9.99894394061258e+08
   9.00000   7.07705211447970e+01   1.89407746521125e+14
   9.00000   2.00476198813592e+02   0.00000000000000e+00
  10.00000   1.93941577564499e+00   2.05127120870403e-09
  10.00000   1.17155224023018e+01   2.00026449764654e+04
  10.00000   1.28786902365610e+01   5.42430760460446e+04
  10.00000   3.01899257982498e+01   2.43141104340002e+09
  10.00000   3.31873124619718e+01   1.02288599521496e+11
  10.00000   7.07705211447970e+01   5.35750760984656e+14
  10.00000   9.40118306830388e+01   4.95173340036970e+15
  10.00000   2.00476198813592e+02   1.69541180840353e+20
  10.00000   2.92754091793387e+02   9.81729063032611e+21
  10.00000   7.54402919893683e+02   2.45178734503298e+25
  10.00000   8.29303311046460e+02   0.00000000000000e+00
  10.00000   2.58246154641105e+03   3.16156430189359e+31
  10.00000   2.83885952004357e+03   0.00000000000000e+00
STATE 79 -1 33 Pt
   0.00000   1.09903289612306e+00   0.00000000000000e+00
   0.00000   1.20814964479761e+00   2.08881187393537e-02
   0.00000   1.60491060414972e+00   1.48440915994230e+00
   0.00000   3.11330104430131e+00   1.11080314493949e+01
   0.00000   3.42240306372003e+00   8.28892767797419e+00
   0.00000   6.03936653380317e+00   0.00000000000000e+00
   0.00000   6.63898101535979e+00   8.70106895470639e+01
   0.00000   2.49828492995477e+01   5.66184131828032e+03
   0.00000   5.85642136528012e+01   2.59045996572862e+04
   0.00000   2.20380344611538e+02   5.66401769654772e+05
   0.00000   2.42260660260521e+02   3.54968998544236e+04
   0.00000   7.54402919893683e+02   4.56833313380381e+05
   0.00000   8.29303311046460e+02   0.00000000000000e+00
   0.00000   2.34922073163713e+03   5.86360251799446e+05
   0.00000   2.58246154641105e+03   0.00000000000000e+00
   0.00000   7.31550462017224e+03   7.30224795181963e+05
   0.00000   1.56000000000000e+04   1.02917422060514e+06
   8.00000   1.82369740648108e+02   9.09531930443351e+16
   9.00000   2.49828492995477e+01   8.48499209552835e+08
   9.00000   7.07705211447970e+01   1.79006229207024e+14
   9.00000   2.00476198813592e+02   0.00000000000000e+00
  10.00000   1.17155224023018e+01   2.19766490816971e+04
  10.00000   1.28786902365610e+01   5.95652782536110e+04
  10.00000   3.01899257982498e+01   6.13883273939603e+09
  10.00000   3.31873124619718e+01   9.17527699039097e+10
  10.00000   7.07705211447970e+01   6.41647335662464e+14
  10.00000   9.40118306830388e+01   6.86424305612194e+15
  10.00000   2.00476198813592e+02   1.62477695703381e+20
  10.00000   2.92754091793387e+02   9.49823178175569e+21
  10.00000   7.54402919893683e+02   2.74379072269591e+25
  10.00000   8.29303311046460e+02   0.00000000000000e+00
  10.00000   2.58246154641105e+03   3.12732161131398e+31
  10.00000   2.83885952004357e+03   0.00000000000000e+00
STATE 80 -2 34 Pt
   0.00000   1.20814964479761e+00   5.19423165976996e-02
   0.00000   1.32809997714678e+00   0.00000000000000e+00
   0.00000   1.45995949830598e+00   4.69277091947071e-01
   0.00000   1.60491060414972e+00   8.67592142234507e-01
   0.00000   2.83211626800966e+00   0.00000000000000e+00
   0.00000   3.11330104430131e+00   1.76048217576136e+01
   0.00000   6.03936653380317e+00   0.00000000000000e+00
   0.00000   6.63898101535979e+00   8.97807165456647e+01
   0.00000   2.49828492995477e+01   5.66328200307624e+03
   0.00000   5.85642136528012e+01   2.58990444256445e+04
   0.00000   2.20380344611538e+02   5.66317427481141e+05
   0.00000   2.42260660260521e+02   3.56006979311232e+04
   0.00000   7.54402919893683e+02   4.56777775041073e+05
   0.00000   8.29303311046460e+02   0.00000000000000e+00
   0.00000   2.34922073163713e+03   5.86408154421049e+05
   0.00000   2.58246154641105e+03   0.00000000000000e+00
   0.00000   7.31550462017224e+03   7.30164650309811e+05
   0.00000   1.56000000000000e+04   1.02911917676569e+06
   8.00000   1.82369740648108e+02   9.11314533500775e+16
   9.00000   2.49828492995477e+01   8.65244829464107e+08
   9.00000   7.07705211447970e+01   1.79069792811920e+14
   9.00000   2.00476198813592e+02   0.00000000000000e+00
  10.00000   1.17155224023018e+01   2.22156899303373e+04
  10.00000   1.28786902365610e+01   5.80246554769855e+04
  10.00000   3.01899257982498e+01   5.79945149453245e+09
  10.00000   3.31873124619718e+01   9.23464939508496e+10
  10.00000   7.07705211447970e+01   6.41001111628473e+14
  10.00000   9.40118306830388e+01   6.84938995218609e+15
  10.00000   2.00476198813592e+02   1.62262790238339e+20
  10.00000   2.92754091793387e+02   9.49014723865645e+21
  10.00000   7.54402919893683e+02   2.75237082616552e+25
  10.00000   8.29303311046460e+02   0.00000000000000e+00
  10.00000   2.58246154641105e+03   3.11721080206167e+31
  10.00000   2.83885952004357e+03   0.00000000000000e+00
# orbitals: 1s2
CORE 2 8 Pt
   0.00000   1.50915102536404e+02   1.12592104446171e+05
   0.00000   1.65898607918953e+02   7.14950129042956e+04
   0.00000   1.82369740648108e+02   0.00000000000000e+00
   0.00000   2.00476198813592e+02   2.12842512928812e+05
   0.00000   3.88895654069521e+02   2.57808483355145e+05
   0.00000   4.27506899916140e+02   0.00000000000000e+00
   0.00000   1.00215172114851e+03   0.00000000000000e+00
   0.00000   1.10164968692922e+03   4.84253429663117e+05
# orbitals: 1s2 2s2
CORE 4 16 Pt
   0.00000   4.84632169622381e+01   3.21185416501650e+02
   0.00000   5.32748551614978e+01   4.29644401377701e+03
   0.00000   2.00476198813592e+02   5.31805384110081e+05
   0.00000   2.20380344611538e+02   2.93789281459838e+04
   0.00000   6.24285550908352e+02   2.93045247375748e+05
   0.00000   6.86267325794181e+02   1.16691044671003e+05
   0.00000   1.94403351310211e+03   5.30508382910230e+05
   0.00000   6.05374622969440e+03   0.00000000000000e+00
   0.00000   6.65478838977466e+03   1.03303411025345e+06
   4.00000   8.55209410442854e+01   1.43805634710384e+09
   5.00000   9.40118306830388e+01   0.00000000000000e+00
   5.00000   1.03345732641081e+02   1.63645274899479e+11
  10.00000   2.00476198813592e+02   1.37625452026703e+19
  10.00000   2.20380344611538e+02   6.51635325089512e+19
  10.00000   6.24285550908352e+02   7.11090791571452e+24
  10.00000   6.86267325794181e+02   9.00550433277650e+24
# orbitals: 1s2 2s2 2p6
CORE 10 18 Pt
   0.00000   5.32748551614978e+01   2.41183207343628e+04
   0.00000   2.20380344611538e+02   6.06239448230725e+05
   0.00000   2.42260660260521e+02   0.00000000000000e+00
   0.00000   8.29303311046460e+02   0.00000000000000e+00
   0.00000   9.11640137619755e+02   5.56248008610183e+05
   0.00000   2.83885952004357e+03   0.00000000000000e+00
   0.00000   3.12071379561956e+03   5.56670465173091e+05
   0.00000   1.06827839103245e+04   1.45808742081690e+06
   0.00000   1.17434169916448e+04   0.00000000000000e+00
   3.00000   7.77969251737981e+01   1.04512539605310e+08
   3.00000   8.55209410442854e+01   5.65645664174912e+08
   4.00000   9.40118306830388e+01   8.58197819403605e+09
   9.00000   2.00476198813592e+02   2.83341570225380e+18
  10.00000   1.24885675072158e+02   1.75658432856438e+16
  10.00000   2.42260660260521e+02   3.46366083655329e+19
  10.00000   6.86267325794181e+02   3.67071060447969e+25
  10.00000   7.54402919893683e+02   5.61646484728985e+25
  10.00000   3.12071379561956e+03   6.46928383497661e+32
# orbitals: 1s2 2s2 2p6 3s2
CORE 12 19 Pt
   0.00000   4.40861526738861e+01   1.19481429076370e+04
   0.00000   4.84632169622381e+01   1.25028861851484e+04
   0.00000   2.20380344611538e+02   5.34006317146134e+05
   0.00000   2.42260660260521e+02   9.50462265691805e+04
   0.00000   9.11640137619755e+02   5.61760975580043e+05
   0.00000   3.43055178511292e+03   7.44355125692829e+05
   0.00000   3.77115183291103e+03   0.00000000000000e+00
   0.00000   1.17434169916448e+04   0.00000000000000e+00
   0.00000   1.29093543216174e+04   1.26257377571118e+06
   7.00000   1.50915102536404e+02   1.65627957467759e+15
   8.00000   4.84632169622381e+01   3.84854838602667e+10
   8.00000   1.50915102536404e+02   1.78313566886326e+16
   9.00000   4.84632169622381e+01   1.72066969825643e+10
   9.00000   7.54402919893683e+02   0.00000000000000e+00
  10.00000   6.43787225769817e+01   4.79951886010081e+12
  10.00000   7.07705211447970e+01   2.06970653618969e+14
  10.00000   2.66313348467243e+02   2.21258164766068e+21
  10.00000   7.54402919893683e+02   1.09790042050651e+26
  10.00000   3.12071379561956e+03   6.31472416669969e+32
# orbitals: 1s2 2s2 2p6 3s2 3p6
CORE 18 21 Pt
   0.00000   2.06738752289380e+01   2.82880076214272e+02
   0.00000   2.27264671535681e+01   2.60390125406451e+02
   0.00000   5.32748551614978e+01   3.43129307455867e+04
   0.00000   2.20380344611538e+02   1.73895098808288e+05
   0.00000   2.42260660260521e+02   4.84439992408092e+05
   0.00000   1.10164968692922e+03   6.57999029544657e+05
   0.00000   4.55715809851916e+03   0.00000000000000e+00
   0.00000   5.00961250335131e+03   9.13094941602121e+05
   0.00000   1.56000000000000e+04   1.07540686149231e+06
   7.00000   6.86267325794181e+02   0.00000000000000e+00
   8.00000   4.84632169622381e+01   1.64623771841593e+11
   8.00000   5.32748551614978e+01   2.86869510417076e+11
   8.00000   1.65898607918953e+02   7.58955401801134e+16
   8.00000   6.86267325794181e+02   1.49318132419520e+22
  10.00000   7.07705211447970e+01   2.91282425201948e+14
  10.00000   7.77969251737981e+01   1.23498864622114e+15
  10.00000   1.82369740648108e+02   2.65738027629092e+19
  10.00000   2.66313348467243e+02   3.54496289148231e+21
  10.00000   2.92754091793387e+02   0.00000000000000e+00
  10.00000   3.43055178511292e+03   2.45857362356478e+33
  10.00000   3.77115183291103e+03   0.00000000000000e+00
# orbitals: 1s2 2s2 2p6 3s2 3p6 3d10
CORE 28 19 Pt
   0.00000   2.27264671535681e+01   4.29434536679000e+03
   0.00000   5.32748551614978e+01   2.50707248211358e+04
   0.00000   2.20380344611538e+02   3.77027901734151e+05
   0.00000   2.42260660260521e+02   2.67171215427869e+05
   0.00000   1.00215172114851e+03   6.01105964816263e+05
   0.00000   1.10164968692922e+03   0.00000000000000e+00
   0.00000   4.55715809851916e+03   1.12850042870400e+06
   0.00000   5.00961250335131e+03   0.00000000000000e+00
   0.00000   1.29093543216174e+04   0.00000000000000e+00
   7.00000   4.84632169622381e+01   7.77615199503400e+10
   7.00000   1.65898607918953e+02   4.42956440860297e+15
   8.00000   4.84632169622381e+01   1.35570664278275e+11
   9.00000   1.82369740648108e+02   1.32986194529808e+18
   9.00000   7.54402919893683e+02   0.00000000000000e+00
  10.00000   7.07705211447970e+01   6.65919264846404e+13
  10.00000   7.77969251737981e+01   2.65686700995099e+15
  10.00000   2.92754091793387e+02   3.25409307878281e+21
  10.00000   7.54402919893683e+02   1.52426279342455e+26
  10.00000   3.77115183291103e+03   6.09372952528119e+33
# orbitals: 1s2 2s2 2p6 3s2 3p6 3d10 4s2
CORE 30 26 Pt
   0.00000   1.71081013161070e+01   1.24734001398221e+03
   0.00000   1.88066677541032e+01   1.67428842478105e+03
   0.00000   5.85642136528012e+01   3.07934561934163e+04
   0.00000   2.20380344611538e+02   4.19192032432733e+05
   0.00000   2.42260660260521e+02   2.06902991515075e+05
   0.00000   9.11640137619755e+02   5.70402166472482e+05
   0.00000   3.12071379561956e+03   0.00000000000000e+00
   0.00000   3.43055178511292e+03   6.76975281400407e+05
   0.00000   1.06827839103245e+04   1.20109542015203e+06
   0.00000   1.17434169916448e+04   0.00000000000000e+00
   0.00000   1.56000000000000e+04   0.00000000000000e+00
   7.00000   1.65898607918953e+02   0.00000000000000e+00
   8.00000   5.85642136528012e+01   3.63979180318205e+12
   9.00000   1.88066677541032e+01   1.54424623709542e+05
   9.00000   1.82369740648108e+02   5.09446313468467e+18
   9.00000   7.54402919893683e+02   2.90680114651807e+23
  10.00000   1.88066677541032e+01   0.00000000000000e+00
  10.00000   2.74632548431938e+01   2.98993354483919e+08
  10.00000   3.01899257982498e+01   2.93011190191381e+09
  10.00000   7.77969251737981e+01   1.27116987653527e+15
  10.00000   8.55209410442854e+01   6.27917498475845e+14
  10.00000   2.66313348467243e+02   1.50303189009223e+21
  10.00000   2.92754091793387e+02   6.61352788872112e+21
  10.00000   7.54402919893683e+02   4.52963129106753e+25
  10.00000   2.83885952004357e+03   2.22420421481238e+32
  10.00000   3.12071379561956e+03   0.00000000000000e+00
# orbitals: 1s2 2s2 2p6 3s2 3p6 3d10 4s2 4p6
CORE 36 26 Pt
   0.00000   1.06574086834693e+01   0.00000000000000e+00
   0.00000   1.17155224023018e+01   1.19361693724422e+02
   0.00000   2.06738752289380e+01   3.27965195860530e+03
   0.00000   5.85642136528012e+01   3.18196770426887e+04
   0.00000   2.20380344611538e+02   3.71618759687726e+05
   0.00000   2.42260660260521e+02   2.55631039218622e+05
   0.00000   8.29303311046460e+02   4.69108676735009e+05
   0.00000   2.58246154641105e+03   5.75986689828725e+05
   0.00000   2.83885952004357e+03   2.74476157041475e+04
   0.00000   8.84024632305459e+03   1.05698916614273e+06
   0.00000   9.71794428792595e+03   0.00000000000000e+00
   0.00000   1.56000000000000e+04   3.56109552818241e+05
   9.00000   6.43787225769817e+01   4.33646823538292e+13
   9.00000   1.82369740648108e+02   4.77721035845840e+18
  10.00000   2.27264671535681e+01   9.14397118853997e+07
  10.00000   3.01899257982498e+01   1.48206830699229e+10
  10.00000   3.31873124619718e+01   1.07036838263241e+10
  10.00000   7.07705211447970e+01   5.08086240992567e+14
  10.00000   7.77969251737981e+01   0.00000000000000e+00
  10.00000   8.55209410442854e+01   5.45114668936865e+15
  10.00000   2.00476198813592e+02   0.00000000000000e+00
  10.00000   2.66313348467243e+02   2.11743271759456e+21
  10.00000   2.92754091793387e+02   5.05913696413056e+21
  10.00000   7.54402919893683e+02   0.00000000000000e+00
  10.00000   8.29303311046460e+02   2.24972618883841e+26
  10.00000   2.83885952004357e+03   3.65823643522964e+31
# orbitals: 1s2 2s2 2p6 3s2 3p6 3d10 4s2 4p6 4d10
CORE 46 27 Pt
   0.00000   8.02271757822794e+00   4.58715727776179e+01
   0.00000   2.27264671535681e+01   3.59724599242736e+03
   0.00000   2.49828492995477e+01   1.86438435721687e+03
   0.00000   5.85642136528012e+01   2.66956428379466e+04
   0.00000   2.20380344611538e+02   5.06311308659905e+05
   0.00000   2.42260660260521e+02   1.05099507738205e+05
   0.00000   7.54402919893683e+02   2.01961926667278e+05
   0.00000   8.29303311046460e+02   2.79054414899297e+05
   0.00000   2.58246154641105e+03   6.03101158188145e+05
   0.00000   7.31550462017224e+03   6.08540852977726e+05
   0.00000   1.56000000000000e+04   1.12836766797249e+06
   6.00000   1.55629447209394e+01   7.65165539072592e+04
   7.00000   1.88066677541032e+01   0.00000000000000e+00
   8.00000   1.82369740648108e+02   0.00000000000000e+00
   9.00000   2.06738752289380e+01   0.00000000000000e+00
  10.00000   2.27264671535681e+01   2.91594308490435e+08
  10.00000   3.01899257982498e+01   2.57774776253043e+10
  10.00000   3.31873124619718e+01   2.90134245940325e+10
  10.00000   7.07705211447970e+01   1.20833857903803e+15
  10.00000   8.55209410442854e+01   6.54443499884765e+15
  10.00000   2.00476198813592e+02   2.03798791159231e+20
  10.00000   2.66313348467243e+02   1.61098394291999e+21
  10.00000   2.92754091793387e+02   6.66508067463202e+21
  10.00000   7.54402919893683e+02   2.12727985337620e+25
  10.00000   8.29303311046460e+02   6.47365207488322e+25
  10.00000   2.58246154641105e+03   3.02961483287739e+31
  10.00000   2.83885952004357e+03   0.00000000000000e+00
# orbitals: 1s2 2s2 2p6 3s2 3p6 3d10 4s2 4p6 4d10 5s2
CORE 48 29 Pt
   0.00000   5.49390758088273e+00   4.41551765676649e+01
   0.00000   6.03936653380317e+00   2.04136157238778e+00
   0.00000   2.49828492995477e+01   3.94215124000088e+03
   0.00000   2.74632548431938e+01   2.45369721777338e+03
   0.00000   5.85642136528012e+01   2.50372213885194e+04
   0.00000   2.20380344611538e+02   4.92204403408065e+05
   0.00000   2.42260660260521e+02   1.26598232263773e+05
   0.00000   8.29303311046460e+02   4.97382830072747e+05
   0.00000   2.58246154641105e+03   5.53245403027310e+05
   0.00000   2.83885952004357e+03   0.00000000000000e+00
   0.00000   8.04181962119062e+03   9.84244661896571e+05
   0.00000   8.84024632305459e+03   0.00000000000000e+00
   0.00000   1.56000000000000e+04   4.36394639795001e+05
   8.00000   1.82369740648108e+02   9.68566364083997e+16
   9.00000   2.06738752289380e+01   0.00000000000000e+00
   9.00000   7.07705211447970e+01   1.49847945860142e+14
   9.00000   2.00476198813592e+02   0.00000000000000e+00
  10.00000   1.17155224023018e+01   0.00000000000000e+00
  10.00000   1.28786902365610e+01   2.60219123100351e+04
  10.00000   2.27264671535681e+01   1.90222123702800e+08
  10.00000   3.01899257982498e+01   2.35848206401697e+10
  10.00000   3.31873124619718e+01   3.12518896554303e+10
  10.00000   7.07705211447970e+01   8.36513889941157e+14
  10.00000   9.40118306830388e+01   8.74478596686566e+15
  10.00000   2.00476198813592e+02   1.52294443121211e+20
  10.00000   2.92754091793387e+02   8.70625118313634e+21
  10.00000   7.54402919893683e+02   6.38876406572823e+25
  10.00000   8.29303311046460e+02   0.00000000000000e+00
  10.00000   2.83885952004357e+03   1.35245481355591e+32
# orbitals: 1s2 2s2 2p6 3s2 3p6 3d10 4s2 4p6 4d10 4f14
CORE 60 26 Pt
   0.00000   6.63898101535979e+00   1.88412090104839e+02
   0.00000   7.29812782112293e+00   6.88162529533579e-01
   0.00000   2.49828492995477e+01   5.64068743464744e+03
   0.00000   5.85642136528012e+01   2.68175271146551e+04
   0.00000   2.20380344611538e+02   3.58508051518912e+05
   0.00000   2.42260660260521e+02   2.83631844727349e+05
   0.00000   1.00215172114851e+03   6.11281768818502e+05
   0.00000   3.77115183291103e+03   7.14130136520782e+05
   0.00000   4.14556812947223e+03   0.00000000000000e+00
   0.00000   1.29093543216174e+04   0.00000000000000e+00
   0.00000   1.41910509623928e+04   1.53933394105263e+06
   9.00000   2.06738752289380e+01   3.39542307155821e+07
   9.00000   7.07705211447970e+01   2.34574512892335e+14
   9.00000   2.00476198813592e+02   5.41483515724483e+18
   9.00000   7.54402919893683e+02   0.00000000000000e+00
  10.00000   8.81924774648633e+00   2.73134238644720e+00
  10.00000   9.69486088167696e+00   0.00000000000000e+00
  10.00000   2.27264671535681e+01   2.09982455581892e+08
  10.00000   3.01899257982498e+01   2.97042179321826e+10
  10.00000   3.31873124619718e+01   2.85037599750380e+10
  10.00000   7.07705211447970e+01   2.82151988929093e+14
  10.00000   7.77969251737981e+01   0.00000000000000e+00
  10.00000   2.00476198813592e+02   1.31766376297653e+20
  10.00000   2.92754091793387e+02   8.11755801979520e+21
  10.00000   7.54402919893683e+02   1.13947238852050e+26
  10.00000   3.43055178511292e+03   2.62526312618492e+33
# orbitals: 1s2 2s2 2p6 3s2 3p6 3d10 4s2 4p6 4d10 4f14 5s2
CORE 62 27 Pt
   0.00000   5.49390758088273e+00   2.45316134958390e+01
   0.00000   6.03936653380317e+00   1.38924132158837e+02
   0.00000   2.74632548431938e+01   6.86941720925394e+03
   0.00000   5.85642136528012e+01   2.41882702471920e+04
   0.00000   2.20380344611538e+02   4.95528820381741e+05
   0.00000   2.42260660260521e+02   1.23347684044237e+05
   0.00000   8.29303311046460e+02   4.97736292447746e+05
   0.00000   2.58246154641105e+03   5.52812597142438e+05
   0.00000   2.83885952004357e+03   0.00000000000000e+00
   0.00000   8.04181962119062e+03   9.85516787296435e+05
   0.00000   8.84024632305459e+03   0.00000000000000e+00
   0.00000   1.56000000000000e+04   4.34370056946665e+05
   9.00000   2.06738752289380e+01   1.46923687478423e+07
   9.00000   7.07705211447970e+01   1.88029572183782e+14
   9.00000   2.00476198813592e+02   3.84395308310941e+18
  10.00000   1.17155224023018e+01   0.00000000000000e+00
  10.00000   1.28786902365610e+01   1.83613326779207e+04
  10.00000   2.27264671535681e+01   2.03428593141233e+08
  10.00000   3.01899257982498e+01   2.66442014280635e+10
  10.00000   3.31873124619718e+01   3.81392260676677e+10
  10.00000   7.07705211447970e+01   5.95285424002359e+14
  10.00000   9.40118306830388e+01   5.88219335850500e+15
  10.00000   2.00476198813592e+02   1.60079676225101e+20
  10.00000   2.92754091793387e+02   9.19056520781850e+21
  10.00000   7.54402919893683e+02   6.39023673071364e+25
  10.00000   8.29303311046460e+02   0.00000000000000e+00
  10.00000   2.83885952004357e+03   1.36448331602085e+32
# orbitals: 1s2 2s2 2p6 3s2 3p6 3d10 4s2 4p6 4d10 4f14 5s2 5p6
CORE 68 31 Pt
   0.00000   4.13572100229900e+00   0.00000000000000e+00
   0.00000   4.54633330588686e+00   7.76614122763846e+01
   0.00000   2.27264671535681e+01   0.00000000000000e+00
   0.00000   2.49828492995477e+01   5.33524660027176e+03
   0.00000   5.85642136528012e+01   2.84281727847819e+04
   0.00000   2.20380344611538e+02   3.76361673138071e+05
   0.00000   2.42260660260521e+02   2.54180930141095e+05
   0.00000   8.29303311046460e+02   4.64370132244288e+05
   0.00000   2.34922073163713e+03   2.90300513852959e+05
   0.00000   2.58246154641105e+03   2.30521170401173e+05
   0.00000   6.05374622969440e+03   5.96722495469244e+05
   0.00000   6.65478838977466e+03   0.00000000000000e+00
   0.00000   1.56000000000000e+04   1.21162635775909e+06
   9.00000   2.49828492995477e+01   8.90252937046349e+08
   9.00000   1.82369740648108e+02   4.40309596583289e+18
   9.00000   7.54402919893683e+02   1.32199716922082e+24
  10.00000   8.81924774648633e+00   1.01380348860497e+02
  10.00000   1.17155224023018e+01   1.10572808168632e+04
  10.00000   1.28786902365610e+01   6.99433965030297e+04
  10.00000   3.01899257982498e+01   3.02577013443320e+09
  10.00000   3.31873124619718e+01   9.37099823787697e+10
  10.00000   7.07705211447970e+01   1.34025416146802e+15
  10.00000   8.55209410442854e+01   4.93101751601494e+15
  10.00000   9.40118306830388e+01   8.24415624029520e+15
  10.00000   2.00476198813592e+02   0.00000000000000e+00
  10.00000   2.66313348467243e+02   2.20688117631723e+21
  10.00000   2.92754091793387e+02   4.18746045832662e+21
  10.00000   7.54402919893683e+02   0.00000000000000e+00
  10.00000   8.29303311046460e+02   0.00000000000000e+00
  10.00000   2.58246154641105e+03   0.00000000000000e+00
  10.00000   2.83885952004357e+03   3.68390211615743e+31
