# Free-atom, free-ion and frozen-core density fits -- Ce (Z = 58)
#
#   rho(r) = sum_i c_i r^n_i exp(-alpha_i r)      r in bohr, rho in e/bohr^3
#
# All-electron B86BPBE densities (scalar-relativistic, spin-restricted),
# fitted with rhofit.py (monotone decay imposed).  Two kinds of block:
#
#   STATE <N> <q> <nterm> <symbol>
#     the atom or ion with N electrons (charge q), in order of increasing N;
#   CORE <N_core> <nterm> <symbol>
#     the frozen core of the neutral atom with N_core electrons, for a
#     pseudopotential with Z - N_core valence electrons, in order of
#     increasing N_core, each preceded by a '# orbitals:' comment.
#
# Each block header is followed by nterm lines:   n   alpha   c
#
# Generated 2026-09-23 by combine_fits.py from
#   /home/alberto/doc/manuals/critic2/atomic_density_fits/15_rhofit/rho_b86bpbe_mono/fit_058_Ce.dat
#     recipe: --npow 0,1,2,3,4,5,6,7,8,9,10 --amin 0.2 --ratio 1.1 --mom 3 --cusp none --targetz 1e-3 --besteffort --monotone --stats
#   /home/alberto/doc/manuals/critic2/atomic_density_fits/15_rhofit/core_b86bpbe_mono/core_058_Ce.dat
#     recipe: --npow 0,1,2,3,4,5,6,7,8,9,10 --amin 0.2 --ratio 1.1 --mom 3 --cusp none --besteffort --monotone --stats --target 1e-3*N_core
#
STATE 54 +4 29 Ce
   0.00000   3.10375186879264e+00   4.75438429012166e+00
   0.00000   3.41154440507275e+00   8.75054120348896e+00
   0.00000   1.70231377619621e+01   1.69570745149848e+03
   0.00000   3.98672173256503e+01   8.73420218471840e+03
   0.00000   1.49800204269229e+02   1.90624482821543e+05
   0.00000   1.64655575045128e+02   1.60647025440208e+03
   0.00000   6.80043911065707e+02   4.60638267700918e+04
   0.00000   7.47482433543400e+02   3.79222564856196e+04
   0.00000   3.39332566360313e+03   1.11940038453780e+05
   0.00000   1.16000000000000e+04   1.44873756416739e+04
   8.00000   1.23989336710154e+02   0.00000000000000e+00
   8.00000   5.12088299735411e+02   2.28449383181546e+20
   9.00000   6.01637966978877e+00   3.79685293369358e+00
   9.00000   1.54872953032185e+01   8.09836011866962e+05
   9.00000   4.38207653068764e+01   0.00000000000000e+00
  10.00000   6.61301137105575e+00   3.27297166446831e+00
  10.00000   7.98964233944290e+00   2.02946474269228e+02
  10.00000   8.78195834393865e+00   6.85176504341687e+02
  10.00000   1.70231377619621e+01   0.00000000000000e+00
  10.00000   2.05668453570840e+01   1.99074659151967e+08
  10.00000   4.81663783151692e+01   9.41765072115536e+12
  10.00000   5.81931761389158e+01   2.17276124058263e+13
  10.00000   6.39640708609088e+01   7.30352863592079e+13
  10.00000   1.36285098108294e+02   1.47435026970911e+18
  10.00000   1.80984121655238e+02   1.03870982378028e+19
  10.00000   1.98931935844509e+02   5.90998145275803e+19
  10.00000   5.62871017954518e+02   5.28840040963714e+22
  10.00000   2.32471331973070e+03   4.11399143084420e+30
  10.00000   2.55525024376721e+03   0.00000000000000e+00
STATE 55 +3 28 Ce
   0.00000   2.82372864580329e+00   3.65322457790233e+00
   0.00000   3.10375186879264e+00   8.51589762158909e+00
   0.00000   1.54872953032185e+01   0.00000000000000e+00
   0.00000   1.70231377619621e+01   1.74508811210137e+03
   0.00000   3.98672173256503e+01   8.54174731771027e+03
   0.00000   1.49800204269229e+02   1.92666063103449e+05
   0.00000   1.64655575045128e+02   0.00000000000000e+00
   0.00000   6.80043911065707e+02   0.00000000000000e+00
   0.00000   7.47482433543400e+02   8.92307998517449e+04
   0.00000   3.39332566360313e+03   8.54686012915976e+04
   0.00000   1.16000000000000e+04   1.30639983057122e+05
   8.00000   1.23989336710154e+02   1.99892503374065e+15
   8.00000   5.12088299735411e+02   1.43537396274586e+20
   9.00000   1.54872953032185e+01   9.38724239164278e+05
   9.00000   4.38207653068764e+01   1.91208899342301e+11
  10.00000   6.01637966978877e+00   2.36431656257010e+00
  10.00000   7.26880978162205e+00   0.00000000000000e+00
  10.00000   7.98964233944290e+00   3.46266533215998e+02
  10.00000   1.70231377619621e+01   0.00000000000000e+00
  10.00000   2.05668453570840e+01   1.93633003493993e+08
  10.00000   4.81663783151692e+01   6.89358850038544e+12
  10.00000   5.81931761389158e+01   3.01887886723620e+13
  10.00000   6.39640708609088e+01   4.64960772997941e+13
  10.00000   1.36285098108294e+02   8.67933959283413e+17
  10.00000   1.98931935844509e+02   6.55296513500130e+19
  10.00000   5.62871017954518e+02   7.02341888060664e+23
  10.00000   2.32471331973070e+03   1.09016065557336e+30
  10.00000   2.55525024376721e+03   1.58799496809718e+31
STATE 56 +2 30 Ce
   0.00000   2.33719468908980e+00   1.44703868266314e-01
   0.00000   2.56896936423971e+00   7.56937769571126e+00
   0.00000   1.54872953032185e+01   0.00000000000000e+00
   0.00000   1.70231377619621e+01   1.77635761896628e+03
   0.00000   3.98672173256503e+01   8.48647828772885e+03
   0.00000   1.49800204269229e+02   1.92718544789897e+05
   0.00000   6.80043911065707e+02   0.00000000000000e+00
   0.00000   7.47482433543400e+02   8.88214432218239e+04
   0.00000   2.80864902904621e+03   0.00000000000000e+00
   0.00000   3.08717683819967e+03   6.91181510106164e+04
   0.00000   1.05534377991562e+04   1.71575357411231e+05
   8.00000   1.23989336710154e+02   2.05414759260179e+15
   8.00000   5.12088299735411e+02   1.43792969426286e+20
   9.00000   1.54872953032185e+01   1.48335535373388e+06
   9.00000   4.38207653068764e+01   4.79709376969722e+11
   9.00000   5.62871017954518e+02   0.00000000000000e+00
  10.00000   1.45671542395910e+00   7.18042325540197e-12
  10.00000   5.47357660527793e+00   4.28166196165943e-01
  10.00000   7.26880978162205e+00   3.45875680748616e+01
  10.00000   7.98964233944290e+00   1.88808119867147e+02
  10.00000   2.05668453570840e+01   1.62388357738547e+08
  10.00000   2.26064160970606e+01   9.19637834643638e+07
  10.00000   4.81663783151692e+01   3.53294122493385e+12
  10.00000   5.81931761389158e+01   3.56717960889944e+13
  10.00000   6.39640708609088e+01   2.98047610370234e+13
  10.00000   1.36285098108294e+02   8.37150286162065e+17
  10.00000   1.98931935844509e+02   6.45392180187029e+19
  10.00000   5.62871017954518e+02   7.20072742965124e+23
  10.00000   2.32471331973070e+03   6.64105890680022e+29
  10.00000   2.55525024376721e+03   1.72531958438103e+31
STATE 57 +1 31 Ce
   0.00000   1.32528927739861e+00   1.22006715930838e-01
   0.00000   1.45671542395910e+00   4.87214905399813e-02
   0.00000   2.12633092895065e+00   4.18704788826184e+00
   0.00000   1.54872953032185e+01   1.44491458909198e+03
   0.00000   3.98672173256503e+01   9.11936543828225e+03
   0.00000   1.49800204269229e+02   1.91903301467007e+05
   0.00000   6.80043911065707e+02   4.46967669881068e+04
   0.00000   7.47482433543400e+02   3.93863821248797e+04
   0.00000   2.80864902904621e+03   0.00000000000000e+00
   0.00000   3.08717683819967e+03   9.00278412545473e+04
   0.00000   1.05534377991562e+04   9.08741206018167e+04
   8.00000   1.23989336710154e+02   0.00000000000000e+00
   8.00000   5.12088299735411e+02   0.00000000000000e+00
   9.00000   1.54872953032185e+01   1.49507637410176e+06
   9.00000   4.38207653068764e+01   1.81210339343452e+11
   9.00000   5.62871017954518e+02   2.86644821900447e+22
  10.00000   2.82372864580329e+00   1.39281075492835e-05
  10.00000   3.10375186879264e+00   0.00000000000000e+00
  10.00000   7.26880978162205e+00   1.85251379720713e+01
  10.00000   7.98964233944290e+00   1.84562375601252e+02
  10.00000   2.05668453570840e+01   1.73112030850578e+08
  10.00000   2.26064160970606e+01   9.30692512611535e+07
  10.00000   4.81663783151692e+01   6.74033982323669e+12
  10.00000   5.81931761389158e+01   2.81990954400521e+13
  10.00000   6.39640708609088e+01   4.59686477571683e+13
  10.00000   1.36285098108294e+02   1.49944903052710e+18
  10.00000   1.80984121655238e+02   1.03330300493764e+19
  10.00000   1.98931935844509e+02   6.08675497271818e+19
  10.00000   5.62871017954518e+02   0.00000000000000e+00
  10.00000   2.32471331973070e+03   3.04127238396120e+30
  10.00000   2.55525024376721e+03   4.02933247522989e+30
STATE 58 +0 34 Ce
   0.00000   9.97972515711638e-01   4.10419037268467e-02
   0.00000   1.09693934834965e+00   1.41299171958160e-01
   0.00000   2.56896936423971e+00   6.53604960760203e+00
   0.00000   2.82372864580329e+00   0.00000000000000e+00
   0.00000   1.54872953032185e+01   0.00000000000000e+00
   0.00000   1.70231377619621e+01   1.75560921309790e+03
   0.00000   3.98672173256503e+01   8.62880286511625e+03
   0.00000   1.49800204269229e+02   1.92264860825524e+05
   0.00000   6.80043911065707e+02   4.40961760108790e+04
   0.00000   7.47482433543400e+02   3.96056371119730e+04
   0.00000   2.80864902904621e+03   0.00000000000000e+00
   0.00000   3.08717683819967e+03   9.14346090820063e+04
   0.00000   1.05534377991562e+04   8.39125324723066e+04
   8.00000   1.23989336710154e+02   0.00000000000000e+00
   8.00000   5.12088299735411e+02   0.00000000000000e+00
   9.00000   2.12633092895065e+00   1.97131253951921e-06
   9.00000   1.54872953032185e+01   1.36412376513223e+06
   9.00000   4.38207653068764e+01   4.75175435517760e+11
   9.00000   5.62871017954518e+02   3.04052756685383e+22
  10.00000   2.82372864580329e+00   6.04083533711571e-05
  10.00000   3.10375186879264e+00   8.41783182157489e-05
  10.00000   7.26880978162205e+00   8.75573789591144e-01
  10.00000   7.98964233944290e+00   2.80415088003410e+02
  10.00000   2.05668453570840e+01   1.67483488890266e+08
  10.00000   2.26064160970606e+01   1.02615267742834e+08
  10.00000   4.81663783151692e+01   3.69788288673380e+12
  10.00000   5.81931761389158e+01   3.39667361372131e+13
  10.00000   6.39640708609088e+01   3.77094480359727e+13
  10.00000   1.36285098108294e+02   1.43704589474653e+18
  10.00000   1.80984121655238e+02   1.14060429651553e+19
  10.00000   1.98931935844509e+02   5.56662492965544e+19
  10.00000   5.62871017954518e+02   1.79540757674662e+22
  10.00000   2.32471331973070e+03   2.56656352103099e+30
  10.00000   2.55525024376721e+03   4.55969676109913e+30
STATE 59 -1 36 Ce
   0.00000   9.07934557743987e-01   2.40465603489427e-02
   0.00000   9.97972515711638e-01   1.35035881153182e-01
   0.00000   2.33719468908980e+00   4.66827322497673e+00
   0.00000   2.56896936423971e+00   4.07237062882102e-01
   0.00000   1.54872953032185e+01   0.00000000000000e+00
   0.00000   1.70231377619621e+01   1.77054512862032e+03
   0.00000   3.98672173256503e+01   8.65532379091166e+03
   0.00000   1.49800204269229e+02   1.84950854512916e+05
   0.00000   1.64655575045128e+02   8.13700801952291e+03
   0.00000   6.80043911065707e+02   2.89373775710606e+04
   0.00000   7.47482433543400e+02   5.48052451198745e+04
   0.00000   2.80864902904621e+03   0.00000000000000e+00
   0.00000   3.08717683819967e+03   8.88904681784503e+04
   0.00000   1.05534377991562e+04   1.03640121074043e+04
   0.00000   1.16000000000000e+04   9.87791548548969e+04
   8.00000   1.93449148268127e+00   5.49912148420400e-06
   8.00000   1.23989336710154e+02   0.00000000000000e+00
   8.00000   5.12088299735411e+02   2.56359894519613e+20
   9.00000   1.54872953032185e+01   1.51580555702218e+06
   9.00000   4.38207653068764e+01   5.82893867475021e+11
   9.00000   5.62871017954518e+02   0.00000000000000e+00
  10.00000   2.56896936423971e+00   0.00000000000000e+00
  10.00000   2.82372864580329e+00   7.94718839804593e-05
  10.00000   7.26880978162205e+00   0.00000000000000e+00
  10.00000   7.98964233944290e+00   2.64146903008993e+02
  10.00000   2.05668453570840e+01   1.60524034391478e+08
  10.00000   2.26064160970606e+01   1.30985308773866e+08
  10.00000   4.81663783151692e+01   2.39405990577968e+12
  10.00000   5.81931761389158e+01   3.70969766736451e+13
  10.00000   6.39640708609088e+01   2.91034191746665e+13
  10.00000   1.36285098108294e+02   1.41997609583836e+18
  10.00000   1.80984121655238e+02   1.19455988028623e+19
  10.00000   1.98931935844509e+02   5.32478544933796e+19
  10.00000   5.62871017954518e+02   8.83235879926524e+22
  10.00000   2.32471331973070e+03   1.77068574403470e+30
  10.00000   2.55525024376721e+03   6.72774751215643e+30
# orbitals: 1s2
CORE 2 6 Ce
   0.00000   1.12802909718038e+02   6.52154863240432e+04
   0.00000   1.23989336710154e+02   4.56145645532493e+04
   0.00000   1.64655575045128e+02   1.39710358739974e+04
   0.00000   1.80984121655238e+02   3.82021155221593e+04
   0.00000   4.23854486253637e+02   0.00000000000000e+00
   0.00000   4.65887243011494e+02   6.45440112999426e+04
# orbitals: 1s2 2s2
CORE 4 19 Ce
   0.00000   3.29980179720109e+01   0.00000000000000e+00
   0.00000   3.62703619199736e+01   9.45731780590426e+02
   0.00000   1.36285098108294e+02   1.84794858389171e+05
   0.00000   5.62871017954518e+02   6.57758252466209e+04
   0.00000   6.18689751390248e+02   1.49552672639772e+04
   0.00000   2.55525024376721e+03   9.20388273026659e+04
   0.00000   1.05534377991562e+04   0.00000000000000e+00
   0.00000   1.16000000000000e+04   1.09362193376688e+05
   4.00000   5.81931761389158e+01   1.36672528813495e+08
   4.00000   6.39640708609088e+01   1.80142941349983e+08
   5.00000   7.03072530588909e+01   0.00000000000000e+00
   6.00000   8.49431180880553e+01   2.31198419328919e+11
   6.00000   3.50823531039781e+02   0.00000000000000e+00
   9.00000   4.23854486253637e+02   2.01998626938815e+21
  10.00000   1.49800204269229e+02   4.62910441274292e+17
  10.00000   1.64655575045128e+02   5.39627415583921e+17
  10.00000   6.80043911065707e+02   1.93120422071145e+24
  10.00000   1.92416067762250e+03   6.63381295396534e+29
  10.00000   2.11497563971103e+03   0.00000000000000e+00
# orbitals: 1s2 2s2 2p6
CORE 10 16 Ce
   0.00000   3.62703619199736e+01   4.48196629220218e+03
   0.00000   3.98672173256503e+01   4.05597816666436e+03
   0.00000   1.49800204269229e+02   1.91291592012417e+05
   0.00000   8.21608692268663e+02   9.25694546156412e+04
   0.00000   4.09971446776954e+03   0.00000000000000e+00
   0.00000   4.50627451747798e+03   1.18205024439448e+05
   3.00000   5.81931761389158e+01   6.59721143972409e+07
   4.00000   6.39640708609088e+01   7.00220665670221e+08
   4.00000   7.03072530588909e+01   0.00000000000000e+00
   5.00000   3.50823531039781e+02   1.40668143435707e+14
   6.00000   3.85613961773369e+02   0.00000000000000e+00
   8.00000   1.23989336710154e+02   8.05644139609648e+14
  10.00000   1.64655575045128e+02   1.95380527724349e+18
  10.00000   5.12088299735411e+02   6.61237396602268e+23
  10.00000   2.80864902904621e+03   6.50672662471800e+31
  10.00000   3.08717683819967e+03   0.00000000000000e+00
# orbitals: 1s2 2s2 2p6 3s2
CORE 12 20 Ce
   0.00000   1.40900179016966e+01   0.00000000000000e+00
   0.00000   3.00209077726773e+01   1.09037710500395e+03
   0.00000   3.29980179720109e+01   7.22716398275588e+03
   0.00000   1.49800204269229e+02   1.75486697835721e+05
   0.00000   1.64655575045128e+02   2.24350981026286e+04
   0.00000   9.03085895960697e+02   1.00726127210210e+05
   0.00000   4.50627451747798e+03   9.48248260582295e+04
   5.00000   3.85613961773369e+02   0.00000000000000e+00
   6.00000   4.23854486253637e+02   2.82630568640927e+16
   7.00000   3.00209077726773e+01   7.91586883246049e+07
   7.00000   1.02625732006307e+02   4.02948876164356e+13
   8.00000   3.00209077726773e+01   0.00000000000000e+00
   9.00000   1.12802909718038e+02   5.97658475122123e+15
   9.00000   5.12088299735411e+02   0.00000000000000e+00
  10.00000   4.38207653068764e+01   7.97371781805394e+10
  10.00000   4.81663783151692e+01   1.21607872745716e+12
  10.00000   1.80984121655238e+02   1.91086530468682e+19
  10.00000   5.12088299735411e+02   4.96090187409688e+23
  10.00000   3.08717683819967e+03   2.91393783820323e+32
  10.00000   3.39332566360313e+03   0.00000000000000e+00
# orbitals: 1s2 2s2 2p6 3s2 3p6
CORE 18 18 Ce
   0.00000   1.40900179016966e+01   1.00312229457584e+02
   0.00000   1.54872953032185e+01   7.89425773936999e+01
   0.00000   3.62703619199736e+01   1.03214521372696e+04
   0.00000   1.49800204269229e+02   1.62880853655258e+05
   0.00000   1.64655575045128e+02   3.18253780523107e+04
   0.00000   8.21608692268663e+02   9.06382747256400e+04
   0.00000   9.03085895960697e+02   0.00000000000000e+00
   0.00000   4.09971446776954e+03   1.22562761607703e+05
   6.00000   4.23854486253637e+02   1.54008083413261e+16
   7.00000   1.12802909718038e+02   6.16279132398715e+13
   8.00000   3.29980179720109e+01   3.28689197191722e+09
   8.00000   1.12802909718038e+02   1.23891228998104e+15
   9.00000   5.12088299735411e+02   9.45843458934791e+21
  10.00000   4.81663783151692e+01   2.56086294769883e+12
  10.00000   5.29429366135681e+01   8.05654938855442e+12
  10.00000   1.80984121655238e+02   3.97705900013020e+18
  10.00000   1.98931935844509e+02   4.24593226147601e+19
  10.00000   3.08717683819967e+03   2.03795892202268e+32
# orbitals: 1s2 2s2 2p6 3s2 3p6 3d10
CORE 28 20 Ce
   0.00000   1.40900179016966e+01   2.18579131253191e+02
   0.00000   1.54872953032185e+01   1.18101645759247e+03
   0.00000   3.62703619199736e+01   0.00000000000000e+00
   0.00000   3.98672173256503e+01   8.71040647688183e+03
   0.00000   1.49800204269229e+02   1.92325349617429e+05
   0.00000   1.64655575045128e+02   0.00000000000000e+00
   0.00000   8.21608692268663e+02   9.80238827966521e+04
   0.00000   3.72983462326782e+03   0.00000000000000e+00
   0.00000   4.09971446776954e+03   9.56046761561298e+04
   6.00000   4.23854486253637e+02   3.57845404544453e+15
   7.00000   3.00209077726773e+01   2.88167455777320e+08
   7.00000   3.29980179720109e+01   1.49912800523253e+09
   7.00000   1.12802909718038e+02   7.74542143314943e+13
   9.00000   5.12088299735411e+02   1.18914450556341e+22
  10.00000   4.81663783151692e+01   4.66020663881548e+11
  10.00000   5.29429366135681e+01   1.59421027232641e+13
  10.00000   1.36285098108294e+02   7.97348115666451e+17
  10.00000   1.98931935844509e+02   5.34941291395447e+19
  10.00000   2.80864902904621e+03   1.00895430401197e+32
  10.00000   3.08717683819967e+03   0.00000000000000e+00
# orbitals: 1s2 2s2 2p6 3s2 3p6 3d10 4s2
CORE 30 24 Ce
   0.00000   1.16622803178942e+01   4.25876377389137e+02
   0.00000   1.28188040960822e+01   4.56175806685369e+02
   0.00000   3.98672173256503e+01   9.64276021441173e+03
   0.00000   1.49800204269229e+02   1.92149857442029e+05
   0.00000   1.64655575045128e+02   0.00000000000000e+00
   0.00000   6.80043911065707e+02   6.93372199564658e+03
   0.00000   7.47482433543400e+02   8.11306573836989e+04
   0.00000   3.08717683819967e+03   0.00000000000000e+00
   0.00000   3.39332566360313e+03   9.82430965726915e+04
   7.00000   1.12802909718038e+02   8.20148230124889e+13
   8.00000   3.98672173256503e+01   2.73115555209639e+10
   8.00000   5.12088299735411e+02   1.38742571949750e+20
   9.00000   3.98672173256503e+01   6.98187096203797e+10
   9.00000   1.23989336710154e+02   2.91031836191443e+16
  10.00000   1.16622803178942e+01   0.00000000000000e+00
  10.00000   1.28188040960822e+01   1.93184524753609e+03
  10.00000   1.87112864828320e+01   5.27853538335732e+06
  10.00000   2.05668453570840e+01   1.07670910069409e+07
  10.00000   5.29429366135681e+01   1.00458948748801e+13
  10.00000   5.81931761389158e+01   1.05344526218743e+13
  10.00000   1.36285098108294e+02   0.00000000000000e+00
  10.00000   1.98931935844509e+02   5.70374647386903e+19
  10.00000   5.62871017954518e+02   6.87472119578828e+23
  10.00000   2.55525024376721e+03   1.87828908289963e+31
# orbitals: 1s2 2s2 2p6 3s2 3p6 3d10 4s2 4p6
CORE 36 24 Ce
   0.00000   6.61301137105575e+00   1.35685568339249e+01
   0.00000   1.28188040960822e+01   4.33614700728067e+02
   0.00000   1.40900179016966e+01   5.81517875177757e+02
   0.00000   3.98672173256503e+01   9.74564485649762e+03
   0.00000   1.49800204269229e+02   1.91584178829527e+05
   0.00000   1.64655575045128e+02   0.00000000000000e+00
   0.00000   7.47482433543400e+02   8.96276266423113e+04
   0.00000   8.21608692268663e+02   0.00000000000000e+00
   0.00000   3.08717683819967e+03   0.00000000000000e+00
   0.00000   3.39332566360313e+03   9.40457428512561e+04
   8.00000   1.40900179016966e+01   1.63602405516450e+05
   8.00000   1.23989336710154e+02   1.48136355648132e+15
   8.00000   5.12088299735411e+02   1.19656126239952e+20
   9.00000   1.40900179016966e+01   7.33074541283797e+04
   9.00000   4.38207653068764e+01   6.64158972841761e+11
  10.00000   1.87112864828320e+01   0.00000000000000e+00
  10.00000   2.05668453570840e+01   1.00910793028667e+08
  10.00000   5.29429366135681e+01   2.48308365876182e+12
  10.00000   5.81931761389158e+01   2.74457859154880e+13
  10.00000   1.36285098108294e+02   1.18936117084127e+18
  10.00000   1.98931935844509e+02   7.71173227163479e+19
  10.00000   5.62871017954518e+02   5.46371081277506e+23
  10.00000   2.55525024376721e+03   2.30333350180559e+31
  10.00000   2.80864902904621e+03   0.00000000000000e+00
# orbitals: 1s2 2s2 2p6 3s2 3p6 3d10 4s2 4p6 4d10
CORE 46 23 Ce
   0.00000   4.97974571057908e+00   1.16821672408439e+01
   0.00000   1.54872953032185e+01   1.49607489325994e+03
   0.00000   3.98672173256503e+01   8.86983036602125e+03
   0.00000   1.49800204269229e+02   1.92276607684295e+05
   0.00000   1.64655575045128e+02   0.00000000000000e+00
   0.00000   7.47482433543400e+02   8.91788283949943e+04
   0.00000   3.39332566360313e+03   3.27521760266103e+04
   0.00000   3.72983462326782e+03   7.44809918614096e+04
   5.00000   8.78195834393865e+00   3.66144741134907e+02
   6.00000   1.06100991320017e+01   0.00000000000000e+00
   7.00000   1.16622803178942e+01   3.30909971305729e+04
   7.00000   4.65887243011494e+02   1.09401429704418e+18
   8.00000   1.40900179016966e+01   3.76974567215729e+05
   8.00000   1.23989336710154e+02   2.11484215665236e+15
   9.00000   4.38207653068764e+01   4.80518195585407e+11
  10.00000   1.87112864828320e+01   0.00000000000000e+00
  10.00000   2.05668453570840e+01   1.69476936301178e+08
  10.00000   4.81663783151692e+01   2.60520557198570e+12
  10.00000   5.81931761389158e+01   4.09003960566813e+13
  10.00000   1.36285098108294e+02   8.28723384034373e+17
  10.00000   1.98931935844509e+02   6.47317247482083e+19
  10.00000   5.62871017954518e+02   7.26812847899426e+23
  10.00000   2.55525024376721e+03   2.13890562169051e+31
# orbitals: 1s2 2s2 2p6 3s2 3p6 3d10 4s2 4p6 4d10 4f1
CORE 47 26 Ce
   0.00000   1.32528927739861e+00   0.00000000000000e+00
   0.00000   1.45671542395910e+00   4.46049513036196e-03
   0.00000   4.12172580572884e+00   1.18234442693869e+01
   0.00000   1.54872953032185e+01   1.49705040859987e+03
   0.00000   3.98672173256503e+01   8.87112725746550e+03
   0.00000   1.49800204269229e+02   1.92053253628612e+05
   0.00000   1.64655575045128e+02   2.33863323111328e+02
   0.00000   7.47482433543400e+02   8.91247951591417e+04
   0.00000   3.39332566360313e+03   3.64144387867974e+04
   0.00000   3.72983462326782e+03   7.03900015028026e+04
   7.00000   4.65887243011494e+02   1.13248633394244e+18
   8.00000   1.28188040960822e+01   7.76978585781956e+04
   8.00000   1.23989336710154e+02   2.18116450128687e+15
   9.00000   1.40900179016966e+01   3.99884470285754e+05
   9.00000   4.38207653068764e+01   4.08420154316447e+11
  10.00000   4.97974571057908e+00   0.00000000000000e+00
  10.00000   5.47357660527793e+00   3.09781345050715e-02
  10.00000   1.87112864828320e+01   7.62392936027662e+06
  10.00000   2.05668453570840e+01   1.71532472003320e+08
  10.00000   4.81663783151692e+01   3.37392015218493e+12
  10.00000   5.81931761389158e+01   4.07446624388148e+13
  10.00000   1.36285098108294e+02   8.01920429422984e+17
  10.00000   1.98931935844509e+02   6.39671213570616e+19
  10.00000   5.62871017954518e+02   6.98072671281522e+23
  10.00000   2.55525024376721e+03   2.15086566218127e+31
  10.00000   2.80864902904621e+03   0.00000000000000e+00
# orbitals: 1s2 2s2 2p6 3s2 3p6 3d10 4s2 4p6 4d10 5s2
CORE 48 29 Ce
   0.00000   3.41154440507275e+00   9.65215337833255e+00
   0.00000   3.74986007896004e+00   4.13176530080578e+00
   0.00000   1.70231377619621e+01   0.00000000000000e+00
   0.00000   1.87112864828320e+01   1.91167883870411e+03
   0.00000   3.62703619199736e+01   7.50509126331959e+03
   0.00000   3.98672173256503e+01   0.00000000000000e+00
   0.00000   1.49800204269229e+02   1.94071706575633e+05
   0.00000   1.64655575045128e+02   0.00000000000000e+00
   0.00000   6.80043911065707e+02   0.00000000000000e+00
   0.00000   7.47482433543400e+02   8.78502771767525e+04
   0.00000   3.39332566360313e+03   9.06594062326282e+04
   0.00000   1.16000000000000e+04   1.04904107324090e+05
   7.00000   1.12802909718038e+02   0.00000000000000e+00
   7.00000   4.65887243011494e+02   1.62152637620614e+18
   8.00000   1.16000000000000e+04   0.00000000000000e+00
   9.00000   4.38207653068764e+01   7.40447058145306e+11
   9.00000   2.32471331973070e+03   2.20439589469028e+28
  10.00000   7.98964233944290e+00   3.74620000132069e+01
  10.00000   8.78195834393865e+00   7.68149890596713e+00
  10.00000   1.54872953032185e+01   1.73570163411219e+06
  10.00000   2.05668453570840e+01   1.87109636605537e+08
  10.00000   4.81663783151692e+01   9.86501139060279e+11
  10.00000   5.81931761389158e+01   3.71269344248387e+13
  10.00000   6.39640708609088e+01   4.07820927565246e+13
  10.00000   1.36285098108294e+02   1.26773932230389e+18
  10.00000   1.80984121655238e+02   1.31881091620866e+19
  10.00000   1.98931935844509e+02   4.14609881993362e+19
  10.00000   5.62871017954518e+02   7.60107739248963e+23
  10.00000   2.32471331973070e+03   1.08179511416039e+30
# orbitals: 1s2 2s2 2p6 3s2 3p6 3d10 4s2 4p6 4d10 4f1 5s2
CORE 49 28 Ce
   0.00000   3.10375186879264e+00   2.65470711551417e+00
   0.00000   3.41154440507275e+00   1.06817497984642e+01
   0.00000   1.70231377619621e+01   1.75052409665066e+03
   0.00000   3.98672173256503e+01   8.46996414260293e+03
   0.00000   1.49800204269229e+02   1.92759876616746e+05
   0.00000   1.64655575045128e+02   0.00000000000000e+00
   0.00000   6.80043911065707e+02   0.00000000000000e+00
   0.00000   7.47482433543400e+02   8.90353051758332e+04
   0.00000   3.39332566360313e+03   1.75052509695497e+04
   0.00000   3.72983462326782e+03   9.24071807887254e+04
   7.00000   4.65887243011494e+02   1.02551572059004e+18
   8.00000   1.23989336710154e+02   1.91958467751530e+15
   9.00000   1.54872953032185e+01   0.00000000000000e+00
   9.00000   4.38207653068764e+01   3.52662520749361e+11
   9.00000   1.36285098108294e+02   0.00000000000000e+00
  10.00000   3.10375186879264e+00   0.00000000000000e+00
  10.00000   3.41154440507275e+00   1.09560804706463e-05
  10.00000   7.98964233944290e+00   2.82484417474630e+01
  10.00000   1.54872953032185e+01   1.71212937599273e+06
  10.00000   1.87112864828320e+01   2.09567281886422e+06
  10.00000   2.05668453570840e+01   1.82985466247197e+08
  10.00000   4.81663783151692e+01   5.01860040494512e+12
  10.00000   5.81931761389158e+01   3.00425033300487e+13
  10.00000   6.39640708609088e+01   4.06095353496171e+13
  10.00000   1.36285098108294e+02   8.96747606869944e+17
  10.00000   1.98931935844509e+02   6.57945330916477e+19
  10.00000   5.62871017954518e+02   8.82618535957324e+23
  10.00000   2.55525024376721e+03   1.95377517194315e+31
# orbitals: 1s2 2s2 2p6 3s2 3p6 3d10 4s2 4p6 4d10 5s2 5p6
CORE 54 30 Ce
   0.00000   2.56896936423971e+00   3.40137327750826e+00
   0.00000   2.82372864580329e+00   4.03112508134608e+00
   0.00000   1.54872953032185e+01   0.00000000000000e+00
   0.00000   1.70231377619621e+01   1.74703261252871e+03
   0.00000   3.98672173256503e+01   8.67202090266028e+03
   0.00000   1.49800204269229e+02   1.87598819943797e+05
   0.00000   1.64655575045128e+02   5.07331274750472e+03
   0.00000   6.80043911065707e+02   4.26517211829559e+04
   0.00000   7.47482433543400e+02   4.02074882620387e+04
   0.00000   3.08717683819967e+03   9.35964798736754e+04
   0.00000   3.39332566360313e+03   0.00000000000000e+00
   0.00000   1.16000000000000e+04   9.09497057905098e+04
   8.00000   1.23989336710154e+02   0.00000000000000e+00
   8.00000   5.12088299735411e+02   2.47023404046109e+20
   9.00000   5.47357660527793e+00   1.41830543541388e+00
   9.00000   1.54872953032185e+01   1.27538416559549e+06
   9.00000   4.38207653068764e+01   4.17559062169526e+11
  10.00000   7.26880978162205e+00   0.00000000000000e+00
  10.00000   7.98964233944290e+00   3.03313042962198e+02
  10.00000   2.05668453570840e+01   1.70898303924306e+08
  10.00000   2.26064160970606e+01   7.74356403057711e+07
  10.00000   4.81663783151692e+01   4.40472402087869e+12
  10.00000   5.81931761389158e+01   3.21031344398568e+13
  10.00000   6.39640708609088e+01   4.25076106813465e+13
  10.00000   1.36285098108294e+02   1.43847887134913e+18
  10.00000   1.80984121655238e+02   1.13661313662596e+19
  10.00000   1.98931935844509e+02   5.53591149523727e+19
  10.00000   5.62871017954518e+02   5.94803450683441e+22
  10.00000   2.32471331973070e+03   2.67898158846052e+30
  10.00000   2.55525024376721e+03   3.16297725471698e+30
# orbitals: 1s2 2s2 2p6 3s2 3p6 3d10 4s2 4p6 4d10 4f1 5s2 5p6
CORE 55 31 Ce
   0.00000   2.56896936423971e+00   5.56900124884335e+00
   0.00000   2.82372864580329e+00   2.05288580231119e+00
   0.00000   1.54872953032185e+01   0.00000000000000e+00
   0.00000   1.70231377619621e+01   1.74549917660722e+03
   0.00000   3.98672173256503e+01   8.64406063373046e+03
   0.00000   1.49800204269229e+02   1.92221527536618e+05
   0.00000   6.80043911065707e+02   4.52431580175872e+04
   0.00000   7.47482433543400e+02   3.83589240168706e+04
   0.00000   2.80864902904621e+03   0.00000000000000e+00
   0.00000   3.08717683819967e+03   9.18033859330149e+04
   0.00000   1.05534377991562e+04   8.26744725005903e+04
   8.00000   1.23989336710154e+02   0.00000000000000e+00
   8.00000   5.12088299735411e+02   2.74563132304626e+19
   9.00000   5.47357660527793e+00   1.20745079316933e+00
   9.00000   1.54872953032185e+01   1.35411874819889e+06
   9.00000   4.38207653068764e+01   4.19598167898434e+11
   9.00000   5.62871017954518e+02   2.65081197604352e+22
  10.00000   5.47357660527793e+00   0.00000000000000e+00
  10.00000   7.26880978162205e+00   1.00276654386809e-01
  10.00000   7.98964233944290e+00   2.94642491423940e+02
  10.00000   2.05668453570840e+01   1.68360576362402e+08
  10.00000   2.26064160970606e+01   8.82463691927540e+07
  10.00000   4.81663783151692e+01   4.39032940340861e+12
  10.00000   5.81931761389158e+01   3.18416701311825e+13
  10.00000   6.39640708609088e+01   4.30546107224670e+13
  10.00000   1.36285098108294e+02   1.44373427856395e+18
  10.00000   1.80984121655238e+02   1.11841216985715e+19
  10.00000   1.98931935844509e+02   5.63335834852737e+19
  10.00000   5.62871017954518e+02   3.09440848599447e+22
  10.00000   2.32471331973070e+03   2.72456088655132e+30
  10.00000   2.55525024376721e+03   4.04098117267322e+30
