# Free-atom, free-ion and frozen-core density fits -- Tb (Z = 65)
#
#   rho(r) = sum_i c_i r^n_i exp(-alpha_i r)      r in bohr, rho in e/bohr^3
#
# All-electron B86BPBE densities (scalar-relativistic, spin-restricted),
# fitted with rhofit.py (monotone decay imposed).  Two kinds of block:
#
#   STATE <N> <q> <nterm> <symbol>
#     the atom or ion with N electrons (charge q), in order of increasing N;
#   CORE <N_core> <nterm> <symbol>
#     the frozen core of the neutral atom with N_core electrons, for a
#     pseudopotential with Z - N_core valence electrons, in order of
#     increasing N_core, each preceded by a '# orbitals:' comment.
#
# Each block header is followed by nterm lines:   n   alpha   c
#
# Generated 2026-09-23 by combine_fits.py from
#   /home/alberto/doc/manuals/critic2/atomic_density_fits/15_rhofit/rho_b86bpbe_mono/fit_065_Tb.dat
#     recipe: --npow 0,1,2,3,4,5,6,7,8,9,10 --amin 0.2 --ratio 1.1 --mom 3 --cusp none --targetz 1e-3 --besteffort --monotone --stats
#   /home/alberto/doc/manuals/critic2/atomic_density_fits/15_rhofit/core_b86bpbe_mono/core_065_Tb.dat
#     recipe: --npow 0,1,2,3,4,5,6,7,8,9,10 --amin 0.2 --ratio 1.1 --mom 3 --cusp none --besteffort --monotone --stats --target 1e-3*N_core
#
STATE 61 +4 28 Tb
   0.00000   3.42854886455207e+00   1.38822325984431e+01
   0.00000   3.76917546195700e+00   1.67194777097242e+01
   0.00000   2.07345475880618e+01   3.07804829260095e+03
   0.00000   4.42366933677985e+01   1.15527199404178e+04
   0.00000   1.66604535051562e+02   1.75069347090950e+05
   0.00000   1.83156708617931e+02   1.22304933423539e+05
   0.00000   8.33679295800109e+02   1.93381224885690e+05
   0.00000   3.45174885907758e+03   0.00000000000000e+00
   0.00000   3.79468037775014e+03   1.54852845390424e+05
   0.00000   1.30000000000000e+04   5.42050715287332e+05
   6.00000   4.72261939626038e+02   0.00000000000000e+00
   7.00000   5.19181200203555e+02   0.00000000000000e+00
   9.00000   6.65368788210964e+00   0.00000000000000e+00
   9.00000   1.88607323558081e+01   1.34828781709509e+07
   9.00000   5.34631667881358e+01   9.38573462131460e+12
   9.00000   1.51548208685323e+02   4.85203062340228e+17
   9.00000   5.70761892983050e+02   3.99680590994929e+22
  10.00000   7.31473229273773e+00   2.85925357050554e+01
  10.00000   8.84037035331113e+00   2.66643128735666e+02
  10.00000   9.71866183819602e+00   3.16788341473694e+03
  10.00000   2.27945265099533e+01   2.28365510781235e+08
  10.00000   2.50591644985842e+01   1.89786088041574e+09
  10.00000   5.87747365831063e+01   7.66497695901000e+12
  10.00000   7.10334183150937e+01   2.67212291850660e+14
  10.00000   2.21357812162663e+02   1.08492012140992e+20
  10.00000   2.43349728085326e+02   4.29469380481293e+20
  10.00000   2.59795219406482e+03   5.64926384637460e+31
  10.00000   2.85605894740129e+03   7.16296979664131e+30
STATE 62 +3 29 Tb
   0.00000   3.11870525404460e+00   4.69007327935916e+00
   0.00000   3.42854886455207e+00   2.15316166581353e+01
   0.00000   1.88607323558081e+01   1.00199972459483e+03
   0.00000   2.07345475880618e+01   1.80007313823108e+03
   0.00000   4.42366933677985e+01   1.21422426977128e+04
   0.00000   1.66604535051562e+02   1.64422204984025e+05
   0.00000   1.83156708617931e+02   1.33409302633361e+05
   0.00000   8.33679295800109e+02   1.91644820781213e+05
   0.00000   3.45174885907758e+03   0.00000000000000e+00
   0.00000   3.79468037775014e+03   1.60443024465764e+05
   0.00000   1.30000000000000e+04   5.14136389782113e+05
   6.00000   4.72261939626038e+02   9.56375269285609e+15
   9.00000   6.05238314414961e+00   0.00000000000000e+00
   9.00000   1.88607323558081e+01   1.73797094400605e+07
   9.00000   5.34631667881358e+01   9.79597857196590e+12
   9.00000   1.51548208685323e+02   4.28688363819805e+17
   9.00000   5.70761892983050e+02   3.34677309306292e+22
  10.00000   6.65368788210964e+00   6.73134253193942e+00
  10.00000   8.84037035331113e+00   7.29827883546878e+02
  10.00000   9.71866183819602e+00   1.21783693123903e+03
  10.00000   2.27945265099533e+01   1.55916619888617e+08
  10.00000   2.50591644985842e+01   2.01563406205869e+09
  10.00000   5.87747365831063e+01   0.00000000000000e+00
  10.00000   7.10334183150937e+01   2.64714852986254e+14
  10.00000   1.51548208685323e+02   7.02041905318309e+17
  10.00000   2.21357812162663e+02   1.58942281985816e+20
  10.00000   2.43349728085326e+02   3.23872532272063e+20
  10.00000   2.59795219406482e+03   5.67762896649002e+31
  10.00000   2.85605894740129e+03   0.00000000000000e+00
STATE 63 +2 32 Tb
   0.00000   2.83686272118397e+00   1.43851864836141e+01
   0.00000   3.11870525404460e+00   3.22994817022080e+00
   0.00000   1.71562568937959e+01   0.00000000000000e+00
   0.00000   1.88607323558081e+01   2.32635492897400e+03
   0.00000   4.42366933677985e+01   1.36807862881535e+04
   0.00000   4.86316123080269e+01   0.00000000000000e+00
   0.00000   1.66604535051562e+02   9.60584662066916e+04
   0.00000   1.83156708617931e+02   2.07786557293635e+05
   0.00000   8.33679295800109e+02   1.71764442088393e+05
   0.00000   9.16505398934104e+02   0.00000000000000e+00
   0.00000   3.45174885907758e+03   2.02942515654300e+05
   0.00000   3.79468037775014e+03   0.00000000000000e+00
   0.00000   1.30000000000000e+04   2.26619650010808e+05
   6.00000   4.72261939626038e+02   5.50372064516546e+16
   9.00000   6.65368788210964e+00   0.00000000000000e+00
   9.00000   1.88607323558081e+01   2.47067480522173e+07
   9.00000   5.34631667881358e+01   7.84054416513209e+12
   9.00000   1.51548208685323e+02   2.66927496428054e+17
   9.00000   5.70761892983050e+02   2.77047177107638e+22
  10.00000   1.94220144968580e+00   0.00000000000000e+00
  10.00000   2.13515931536517e+00   1.90748155811800e-09
  10.00000   6.65368788210964e+00   2.44058392671667e+00
  10.00000   8.84037035331113e+00   6.41784665792427e+02
  10.00000   2.27945265099533e+01   0.00000000000000e+00
  10.00000   2.50591644985842e+01   2.37721516720013e+09
  10.00000   5.34631667881358e+01   6.85761498787333e+12
  10.00000   7.10334183150937e+01   3.76476979056497e+14
  10.00000   1.51548208685323e+02   2.59751977825072e+18
  10.00000   2.21357812162663e+02   2.89927236347333e+20
  10.00000   9.16505398934104e+02   0.00000000000000e+00
  10.00000   2.85605894740129e+03   8.46197471829980e+31
  10.00000   3.13980862683551e+03   0.00000000000000e+00
STATE 64 +1 31 Tb
   0.00000   1.20952323605111e+00   3.23690377897491e-02
   0.00000   1.32968946399610e+00   1.50798212728009e-01
   0.00000   2.83686272118397e+00   6.39054265730652e+00
   0.00000   3.11870525404460e+00   1.27268656792520e+01
   0.00000   4.55531462763092e+00   6.10680807113758e-01
   0.00000   1.88607323558081e+01   2.50848214718890e+03
   0.00000   4.42366933677985e+01   1.24861404994789e+04
   0.00000   4.86316123080269e+01   0.00000000000000e+00
   0.00000   1.66604535051562e+02   1.59930598357687e+05
   0.00000   1.83156708617931e+02   1.39020156409071e+05
   0.00000   8.33679295800109e+02   1.84627088166633e+05
   0.00000   3.45174885907758e+03   1.72949873117955e+05
   0.00000   3.79468037775014e+03   0.00000000000000e+00
   0.00000   1.18251685783912e+04   3.00505131735464e+05
   0.00000   1.30000000000000e+04   0.00000000000000e+00
   6.00000   4.72261939626038e+02   0.00000000000000e+00
   8.00000   1.71562568937959e+01   0.00000000000000e+00
   9.00000   1.88607323558081e+01   2.28679610288082e+07
   9.00000   5.34631667881358e+01   9.62130637277718e+12
   9.00000   1.51548208685323e+02   5.04727057785147e+17
   9.00000   5.70761892983050e+02   4.79954260704423e+22
  10.00000   3.11870525404460e+00   1.44821086650770e-04
  10.00000   8.04145151717812e+00   0.00000000000000e+00
  10.00000   8.84037035331113e+00   6.81230607060513e+02
  10.00000   2.27945265099533e+01   4.16416157622577e+07
  10.00000   2.50591644985842e+01   2.26279674554148e+09
  10.00000   6.46140112519509e+01   0.00000000000000e+00
  10.00000   7.10334183150937e+01   2.36895597670259e+14
  10.00000   2.21357812162663e+02   9.19161883811156e+19
  10.00000   2.43349728085326e+02   4.79962145829325e+20
  10.00000   2.85605894740129e+03   1.54449368136507e+32
STATE 65 +0 33 Tb
   0.00000   1.00078823849794e+00   3.38070692710604e-02
   0.00000   1.10021662813735e+00   9.29731982555782e-02
   0.00000   2.83686272118397e+00   4.38655350640602e+00
   0.00000   3.11870525404460e+00   1.55190640827159e+01
   0.00000   4.55531462763092e+00   1.28860854440277e+00
   0.00000   1.88607323558081e+01   2.44329380342500e+03
   0.00000   4.42366933677985e+01   1.29193633001671e+04
   0.00000   1.66604535051562e+02   1.39496762333312e+05
   0.00000   1.83156708617931e+02   1.60877404523510e+05
   0.00000   8.33679295800109e+02   1.80723895134174e+05
   0.00000   9.16505398934104e+02   0.00000000000000e+00
   0.00000   3.45174885907758e+03   1.83522555195712e+05
   0.00000   3.79468037775014e+03   0.00000000000000e+00
   0.00000   1.30000000000000e+04   3.12022684858492e+05
   6.00000   4.72261939626038e+02   1.88817651705260e+16
   8.00000   2.13515931536517e+00   2.47273383574559e-05
   9.00000   2.34728756006653e+00   0.00000000000000e+00
   9.00000   1.88607323558081e+01   2.10174140732632e+07
   9.00000   5.34631667881358e+01   9.59189190624772e+12
   9.00000   1.51548208685323e+02   4.04051774399279e+17
   9.00000   5.70761892983050e+02   3.78613596273550e+22
  10.00000   3.11870525404460e+00   2.31090833900617e-04
  10.00000   8.04145151717812e+00   0.00000000000000e+00
  10.00000   8.84037035331113e+00   6.94357935082014e+02
  10.00000   2.27945265099533e+01   8.58163648467238e+07
  10.00000   2.50591644985842e+01   2.16513318347997e+09
  10.00000   6.46140112519509e+01   0.00000000000000e+00
  10.00000   7.10334183150937e+01   2.55431972155283e+14
  10.00000   1.51548208685323e+02   1.05226083027072e+18
  10.00000   2.21357812162663e+02   1.82000884703703e+20
  10.00000   2.43349728085326e+02   2.64448682569124e+20
  10.00000   9.16505398934104e+02   0.00000000000000e+00
  10.00000   2.85605894740129e+03   1.35179409680283e+32
STATE 66 -1 31 Tb
   0.00000   9.10345356269947e-01   3.81099952362151e-02
   0.00000   1.00078823849794e+00   6.28504943241673e-02
   0.00000   2.83686272118397e+00   3.47335371482898e+00
   0.00000   3.11870525404460e+00   1.69755390235341e+01
   0.00000   4.55531462763092e+00   0.00000000000000e+00
   0.00000   1.88607323558081e+01   2.51269661844766e+03
   0.00000   4.42366933677985e+01   1.23849613930162e+04
   0.00000   1.66604535051562e+02   1.71595346207966e+05
   0.00000   1.83156708617931e+02   1.25675865430110e+05
   0.00000   8.33679295800109e+02   1.93080759118095e+05
   0.00000   3.45174885907758e+03   0.00000000000000e+00
   0.00000   3.79468037775014e+03   1.54798945189223e+05
   0.00000   1.30000000000000e+04   5.44569338465255e+05
   7.00000   5.19181200203555e+02   0.00000000000000e+00
   9.00000   1.88607323558081e+01   2.16563887530241e+07
   9.00000   5.34631667881358e+01   9.49855090238516e+12
   9.00000   1.51548208685323e+02   5.06755390197924e+17
   9.00000   5.70761892983050e+02   4.10586005896355e+22
  10.00000   1.20952323605111e+00   3.28948110327246e-10
  10.00000   1.32968946399610e+00   3.63783567833531e-09
  10.00000   2.58049076244261e+00   2.87787379240192e-05
  10.00000   8.04145151717812e+00   0.00000000000000e+00
  10.00000   8.84037035331113e+00   7.24403024937766e+02
  10.00000   2.27945265099533e+01   7.15130346348525e+07
  10.00000   2.50591644985842e+01   2.19624430103063e+09
  10.00000   6.46140112519509e+01   7.68769127572208e+12
  10.00000   7.10334183150937e+01   2.24540983744979e+14
  10.00000   2.21357812162663e+02   9.03799545451496e+19
  10.00000   2.43349728085326e+02   4.95596647536589e+20
  10.00000   2.59795219406482e+03   5.77466194992174e+31
  10.00000   2.85605894740129e+03   1.39142249186204e+30
# orbitals: 1s2
CORE 2 7 Tb
   0.00000   1.25394585483841e+02   6.02529617781566e+04
   0.00000   1.37852547342858e+02   9.93946885112933e+04
   0.00000   1.83156708617931e+02   0.00000000000000e+00
   0.00000   2.01353341920565e+02   7.75968752035709e+04
   0.00000   3.23324712515631e+02   4.01681241408420e+04
   0.00000   6.27467131617768e+02   0.00000000000000e+00
   0.00000   6.89806040138564e+02   1.25596230753044e+05
# orbitals: 1s2 2s2
CORE 4 18 Tb
   0.00000   4.02389504942165e+01   1.10843028268995e+03
   0.00000   4.42366933677985e+01   2.04969657730193e+02
   0.00000   1.51548208685323e+02   1.87050481614165e+05
   0.00000   1.66604535051562e+02   9.01384084135174e+04
   0.00000   5.70761892983050e+02   1.30136705606333e+05
   0.00000   6.27467131617768e+02   1.77380040846810e+04
   0.00000   2.14960731840801e+03   1.65902467299600e+05
   0.00000   7.36422896198508e+03   0.00000000000000e+00
   0.00000   8.09586568438005e+03   2.43251941726093e+05
   4.00000   7.10334183150937e+01   1.21485219744129e+09
   5.00000   8.58489005798012e+01   0.00000000000000e+00
   7.00000   1.14062470166454e+02   2.24064631507110e+13
   9.00000   5.19181200203555e+02   0.00000000000000e+00
  10.00000   1.66604535051562e+02   5.97787114879738e+17
  10.00000   1.83156708617931e+02   4.55282097596772e+18
  10.00000   5.19181200203555e+02   6.88253088315945e+23
  10.00000   1.95534376288600e+03   8.91050376714244e+29
  10.00000   2.14960731840801e+03   0.00000000000000e+00
# orbitals: 1s2 2s2 2p6
CORE 10 14 Tb
   0.00000   4.02389504942165e+01   1.73662528438914e+03
   0.00000   4.42366933677985e+01   1.10296522923543e+04
   0.00000   1.66604535051562e+02   1.91704305813294e+05
   0.00000   1.83156708617931e+02   1.00577194097447e+05
   0.00000   8.33679295800109e+02   1.78886669809015e+05
   0.00000   4.17168216957999e+03   2.60732087724941e+05
   3.00000   6.46140112519509e+01   1.39528574981981e+08
   4.00000   7.80905939712070e+01   2.62768646916970e+09
   8.00000   1.37852547342858e+02   8.72177128618495e+14
   9.00000   5.70761892983050e+02   7.77056738727150e+22
  10.00000   1.83156708617931e+02   1.20075194575503e+19
  10.00000   5.70761892983050e+02   7.12675134222437e+23
  10.00000   2.85605894740129e+03   6.74985328486944e+31
  10.00000   3.13980862683551e+03   1.06643054494633e+32
# orbitals: 1s2 2s2 2p6 3s2
CORE 12 20 Tb
   0.00000   3.66024902316651e+01   1.01257906092792e+04
   0.00000   4.02389504942165e+01   3.02489584867145e+03
   0.00000   1.66604535051562e+02   5.30160734216483e+04
   0.00000   1.83156708617931e+02   2.58936716835529e+05
   0.00000   9.16505398934104e+02   1.78376174670920e+05
   0.00000   1.00756028188178e+03   0.00000000000000e+00
   0.00000   4.17168216957999e+03   2.46573670940055e+05
   0.00000   4.58613911886559e+03   0.00000000000000e+00
   5.00000   4.29582849941221e+02   1.03464205622743e+15
   6.00000   4.72261939626038e+02   0.00000000000000e+00
   8.00000   1.25394585483841e+02   3.34868571249128e+15
   9.00000   3.66024902316651e+01   0.00000000000000e+00
  10.00000   4.02389504942165e+01   3.77242189886188e+10
  10.00000   5.34631667881358e+01   5.86025670847741e+12
  10.00000   5.87747365831063e+01   4.22002313184576e+12
  10.00000   1.37852547342858e+02   5.61872573626618e+17
  10.00000   2.01353341920565e+02   9.52765773552453e+19
  10.00000   5.70761892983050e+02   3.01269195678383e+24
  10.00000   3.13980862683551e+03   2.79770384916071e+32
  10.00000   3.45174885907758e+03   0.00000000000000e+00
# orbitals: 1s2 2s2 2p6 3s2 3p6
CORE 18 21 Tb
   0.00000   1.56058176879479e+01   5.49389919832519e+01
   0.00000   1.71562568937959e+01   1.14072031643165e+02
   0.00000   4.02389504942165e+01   1.52147265623896e+04
   0.00000   1.66604535051562e+02   1.36668595906154e+05
   0.00000   1.83156708617931e+02   1.61954871611303e+05
   0.00000   8.33679295800109e+02   1.80286581766252e+05
   0.00000   9.16505398934104e+02   0.00000000000000e+00
   0.00000   4.17168216957999e+03   2.75221032461600e+05
   0.00000   4.58613911886559e+03   0.00000000000000e+00
   6.00000   4.72261939626038e+02   0.00000000000000e+00
   7.00000   3.66024902316651e+01   3.69778534692151e+09
   7.00000   1.25394585483841e+02   2.36801971920903e+14
   7.00000   5.19181200203555e+02   3.66150749776669e+18
   8.00000   4.02389504942165e+01   0.00000000000000e+00
   9.00000   1.37852547342858e+02   0.00000000000000e+00
   9.00000   5.70761892983050e+02   2.74782445884826e+22
  10.00000   5.87747365831063e+01   5.37239948780292e+13
  10.00000   1.51548208685323e+02   3.56206828545660e+18
  10.00000   2.21357812162663e+02   2.70140867057482e+20
  10.00000   2.85605894740129e+03   1.23919194253934e+32
  10.00000   3.13980862683551e+03   0.00000000000000e+00
# orbitals: 1s2 2s2 2p6 3s2 3p6 3d10
CORE 28 19 Tb
   0.00000   1.71562568937959e+01   1.12206595151542e+03
   0.00000   1.88607323558081e+01   1.04002544620610e+03
   0.00000   4.42366933677985e+01   1.41720613234907e+04
   0.00000   1.83156708617931e+02   3.13024417419871e+05
   0.00000   1.00756028188178e+03   1.90739566878422e+05
   0.00000   4.58613911886559e+03   2.40525302251512e+05
   0.00000   5.04177239842479e+03   0.00000000000000e+00
   5.00000   4.29582849941221e+02   7.79967422524108e+14
   6.00000   4.72261939626038e+02   0.00000000000000e+00
   7.00000   3.66024902316651e+01   3.82706833786855e+09
   8.00000   4.02389504942165e+01   2.08222298884566e+10
   8.00000   1.37852547342858e+02   1.20911678491691e+16
   9.00000   1.51548208685323e+02   2.10200141495253e+16
  10.00000   5.87747365831063e+01   5.04527424063971e+13
  10.00000   6.46140112519509e+01   1.06831649772478e+14
  10.00000   2.21357812162663e+02   1.39989893432652e+20
  10.00000   6.27467131617768e+02   1.26145605374475e+25
  10.00000   3.45174885907758e+03   1.40962673241601e+32
  10.00000   3.79468037775014e+03   2.38100744370717e+33
# orbitals: 1s2 2s2 2p6 3s2 3p6 3d10 4s2
CORE 30 21 Tb
   0.00000   7.31473229273773e+00   8.35700586579050e+00
   0.00000   1.41954942279709e+01   1.33317306849098e+03
   0.00000   4.42366933677985e+01   1.47573271682857e+04
   0.00000   4.86316123080269e+01   0.00000000000000e+00
   0.00000   1.66604535051562e+02   9.49773940526212e+04
   0.00000   1.83156708617931e+02   2.09613538604302e+05
   0.00000   9.16505398934104e+02   1.93125971614484e+05
   0.00000   4.17168216957999e+03   1.29458333961862e+05
   0.00000   4.58613911886559e+03   1.07211214769300e+05
   6.00000   4.72261939626038e+02   4.25569331630748e+16
   8.00000   1.37852547342858e+02   8.66521406919104e+15
   9.00000   4.86316123080269e+01   1.86206593908734e+12
   9.00000   1.51548208685323e+02   0.00000000000000e+00
  10.00000   2.07345475880618e+01   2.90690699824161e+06
  10.00000   2.27945265099533e+01   8.56589864068835e+07
  10.00000   5.87747365831063e+01   2.79538853416918e+12
  10.00000   6.46140112519509e+01   1.63403014285349e+14
  10.00000   1.51548208685323e+02   2.60317707768575e+18
  10.00000   2.21357812162663e+02   2.67925112246268e+20
  10.00000   6.27467131617768e+02   5.86018264480193e+24
  10.00000   3.13980862683551e+03   4.77748857555529e+32
# orbitals: 1s2 2s2 2p6 3s2 3p6 3d10 4s2 4p6
CORE 36 25 Tb
   0.00000   8.04145151717812e+00   1.13474182314952e+01
   0.00000   8.84037035331113e+00   0.00000000000000e+00
   0.00000   1.56058176879479e+01   1.72832417745104e+03
   0.00000   4.86316123080269e+01   1.73461975161548e+04
   0.00000   1.83156708617931e+02   3.08854467034975e+05
   0.00000   9.16505398934104e+02   1.76384574093346e+05
   0.00000   3.79468037775014e+03   2.02842784373165e+05
   0.00000   4.17168216957999e+03   0.00000000000000e+00
   0.00000   1.30000000000000e+04   2.01375833709818e+05
   6.00000   4.72261939626038e+02   7.36376986360497e+16
   9.00000   1.71562568937959e+01   7.17179123857618e+05
   9.00000   5.34631667881358e+01   0.00000000000000e+00
   9.00000   1.51548208685323e+02   3.15089693603165e+17
   9.00000   5.70761892983050e+02   5.21047931535675e+22
  10.00000   1.71562568937959e+01   1.69695584917025e+06
  10.00000   2.27945265099533e+01   2.47026756518195e+08
  10.00000   2.50591644985842e+01   7.46739693427436e+08
  10.00000   5.34631667881358e+01   2.43699334609191e+13
  10.00000   6.46140112519509e+01   2.13242083826526e+14
  10.00000   1.51548208685323e+02   2.73152359286697e+18
  10.00000   2.21357812162663e+02   3.00982865237595e+20
  10.00000   2.43349728085326e+02   1.02713492750957e+19
  10.00000   6.27467131617768e+02   0.00000000000000e+00
  10.00000   1.00756028188178e+03   6.41045076326531e+26
  10.00000   3.13980862683551e+03   2.32684251835930e+32
# orbitals: 1s2 2s2 2p6 3s2 3p6 3d10 4s2 4p6 4d10
CORE 46 26 Tb
   0.00000   5.50541930619863e+00   6.54720447531742e+00
   0.00000   6.05238314414961e+00   1.67895972813535e+01
   0.00000   1.88607323558081e+01   2.58853605061776e+03
   0.00000   4.86316123080269e+01   1.51131057658873e+04
   0.00000   1.66604535051562e+02   6.60272673502033e+04
   0.00000   1.83156708617931e+02   2.38157518471617e+05
   0.00000   9.16505398934104e+02   1.94708095616021e+05
   0.00000   4.17168216957999e+03   0.00000000000000e+00
   0.00000   4.58613911886559e+03   2.06660855995410e+05
   0.00000   1.30000000000000e+04   2.86759389465585e+05
   6.00000   1.17456889124356e+01   0.00000000000000e+00
   6.00000   4.72261939626038e+02   6.30147250817393e+16
   7.00000   1.41954942279709e+01   4.73766446253551e+05
   9.00000   5.34631667881358e+01   7.44386861963633e+12
   9.00000   1.51548208685323e+02   2.52644539932081e+17
   9.00000   5.70761892983050e+02   2.41312605421710e+22
  10.00000   2.27945265099533e+01   3.41846392945928e+08
  10.00000   2.50591644985842e+01   1.32409791197914e+09
  10.00000   5.34631667881358e+01   7.64324182755494e+12
  10.00000   7.10334183150937e+01   3.26850358834743e+14
  10.00000   1.51548208685323e+02   3.20368556161364e+18
  10.00000   2.21357812162663e+02   3.17348889555004e+20
  10.00000   2.43349728085326e+02   0.00000000000000e+00
  10.00000   9.16505398934104e+02   0.00000000000000e+00
  10.00000   2.85605894740129e+03   1.41535672500375e+32
  10.00000   3.13980862683551e+03   0.00000000000000e+00
# orbitals: 1s2 2s2 2p6 3s2 3p6 3d10 4s2 4p6 4d10 5s2
CORE 48 28 Tb
   0.00000   3.76917546195700e+00   1.03528059746851e+01
   0.00000   4.14364333841129e+00   6.39322730217445e+00
   0.00000   1.88607323558081e+01   1.83331678421992e+02
   0.00000   2.07345475880618e+01   2.67164988609148e+03
   0.00000   4.42366933677985e+01   1.26828197126156e+04
   0.00000   1.66604535051562e+02   1.11555570441357e+05
   0.00000   1.83156708617931e+02   1.91486805614266e+05
   0.00000   8.33679295800109e+02   1.74488187396380e+05
   0.00000   9.16505398934104e+02   0.00000000000000e+00
   0.00000   3.45174885907758e+03   1.97193358605195e+05
   0.00000   3.79468037775014e+03   0.00000000000000e+00
   0.00000   1.30000000000000e+04   2.51353648863160e+05
   6.00000   4.72261939626038e+02   4.52937232733988e+16
   9.00000   1.71562568937959e+01   4.97971386611946e+06
   9.00000   5.34631667881358e+01   6.40863031272561e+12
   9.00000   1.51548208685323e+02   2.50033390500581e+17
   9.00000   5.70761892983050e+02   3.04734183598159e+22
  10.00000   8.84037035331113e+00   1.20237167622654e+02
  10.00000   1.71562568937959e+01   0.00000000000000e+00
  10.00000   2.27945265099533e+01   2.60901413205523e+08
  10.00000   2.50591644985842e+01   1.66702295396503e+09
  10.00000   5.34631667881358e+01   1.38619688097868e+13
  10.00000   7.10334183150937e+01   4.68842729937072e+14
  10.00000   1.51548208685323e+02   2.70132550620051e+18
  10.00000   2.21357812162663e+02   2.89332612382592e+20
  10.00000   2.43349728085326e+02   0.00000000000000e+00
  10.00000   9.16505398934104e+02   0.00000000000000e+00
  10.00000   2.85605894740129e+03   1.00234334577390e+32
# orbitals: 1s2 2s2 2p6 3s2 3p6 3d10 4s2 4p6 4d10 4f8
CORE 54 31 Tb
   0.00000   1.46179421607037e+00   0.00000000000000e+00
   0.00000   1.60702358557837e+00   1.07732084730899e-02
   0.00000   2.13515931536517e+00   0.00000000000000e+00
   0.00000   2.34728756006653e+00   1.00464121326207e+00
   0.00000   4.55531462763092e+00   3.52063102687159e+01
   0.00000   1.88607323558081e+01   2.61142991937772e+03
   0.00000   4.42366933677985e+01   0.00000000000000e+00
   0.00000   4.86316123080269e+01   1.47545293283400e+04
   0.00000   1.66604535051562e+02   8.61870755083405e+04
   0.00000   1.83156708617931e+02   2.15976625810855e+05
   0.00000   8.33679295800109e+02   1.71696818847443e+05
   0.00000   9.16505398934104e+02   0.00000000000000e+00
   0.00000   3.45174885907758e+03   2.02838369822420e+05
   0.00000   3.79468037775014e+03   0.00000000000000e+00
   0.00000   1.30000000000000e+04   2.24167554779352e+05
   6.00000   4.72261939626038e+02   5.25562520323858e+16
   9.00000   1.71562568937959e+01   8.99771056928222e+04
   9.00000   5.34631667881358e+01   9.21960111112756e+12
   9.00000   1.51548208685323e+02   3.41363211284420e+17
   9.00000   5.70761892983050e+02   2.50202008505918e+22
  10.00000   3.11870525404460e+00   1.03936408895401e-05
  10.00000   7.31473229273773e+00   0.00000000000000e+00
  10.00000   1.71562568937959e+01   8.21410731993864e+06
  10.00000   2.27945265099533e+01   5.09152107255980e+08
  10.00000   2.50591644985842e+01   1.27448460842433e+09
  10.00000   7.10334183150937e+01   2.07863261014596e+14
  10.00000   1.51548208685323e+02   2.14218040308310e+18
  10.00000   2.21357812162663e+02   2.53570581280459e+20
  10.00000   2.43349728085326e+02   1.37696178160987e+20
  10.00000   9.16505398934104e+02   0.00000000000000e+00
  10.00000   2.85605894740129e+03   8.75007432127429e+31
# orbitals: 1s2 2s2 2p6 3s2 3p6 3d10 4s2 4p6 4d10 4f9
CORE 55 30 Tb
   0.00000   1.46179421607037e+00   8.66113608556232e-03
   0.00000   2.13515931536517e+00   0.00000000000000e+00
   0.00000   2.34728756006653e+00   1.13211015823083e+00
   0.00000   4.14364333841129e+00   6.34539603568817e-01
   0.00000   4.55531462763092e+00   3.78417080239058e+01
   0.00000   1.88607323558081e+01   2.40696708550542e+03
   0.00000   4.42366933677985e+01   1.28512518041869e+04
   0.00000   1.66604535051562e+02   1.43570234583642e+05
   0.00000   1.83156708617931e+02   1.56231111936836e+05
   0.00000   8.33679295800109e+02   1.81308777901559e+05
   0.00000   9.16505398934104e+02   0.00000000000000e+00
   0.00000   3.45174885907758e+03   1.81702771661857e+05
   0.00000   3.79468037775014e+03   0.00000000000000e+00
   0.00000   1.30000000000000e+04   3.18949527082972e+05
   6.00000   4.72261939626038e+02   1.60958260655220e+16
   9.00000   5.34631667881358e+01   9.32808433391215e+12
   9.00000   1.51548208685323e+02   3.98968769761842e+17
   9.00000   5.70761892983050e+02   3.88219561201643e+22
  10.00000   2.83686272118397e+00   0.00000000000000e+00
  10.00000   3.11870525404460e+00   1.02398057347987e-05
  10.00000   7.31473229273773e+00   0.00000000000000e+00
  10.00000   1.71562568937959e+01   8.26222051635676e+06
  10.00000   2.27945265099533e+01   5.19680320400601e+08
  10.00000   2.50591644985842e+01   1.24308791982617e+09
  10.00000   6.46140112519509e+01   0.00000000000000e+00
  10.00000   7.10334183150937e+01   2.28118260337822e+14
  10.00000   1.51548208685323e+02   1.10364220936930e+18
  10.00000   2.21357812162663e+02   1.80639592932368e+20
  10.00000   2.43349728085326e+02   2.64709402592638e+20
  10.00000   2.85605894740129e+03   1.39255551226000e+32
# orbitals: 1s2 2s2 2p6 3s2 3p6 3d10 4s2 4p6 4d10 4f8 5s2
CORE 56 30 Tb
   0.00000   1.46179421607037e+00   0.00000000000000e+00
   0.00000   1.60702358557837e+00   8.58490780748147e-02
   0.00000   3.11870525404460e+00   7.51133351303223e-01
   0.00000   3.42854886455207e+00   5.56332678212752e+00
   0.00000   3.76917546195700e+00   2.10111676337200e+01
   0.00000   1.88607323558081e+01   2.45125816674475e+03
   0.00000   4.42366933677985e+01   1.27186645259908e+04
   0.00000   1.66604535051562e+02   1.49289489431378e+05
   0.00000   1.83156708617931e+02   1.50364029821388e+05
   0.00000   8.33679295800109e+02   1.83319251304708e+05
   0.00000   9.16505398934104e+02   0.00000000000000e+00
   0.00000   3.79468037775014e+03   2.20482894864655e+05
   0.00000   4.17168216957999e+03   0.00000000000000e+00
   0.00000   1.30000000000000e+04   1.47680279981216e+05
   6.00000   4.72261939626038e+02   1.14068501476640e+16
   9.00000   1.71562568937959e+01   5.28337560633366e+06
   9.00000   5.34631667881358e+01   9.47750008710953e+12
   9.00000   1.51548208685323e+02   4.16268723655375e+17
   9.00000   5.70761892983050e+02   3.99150601330708e+22
  10.00000   8.04145151717812e+00   9.82810684210253e+00
  10.00000   1.71562568937959e+01   4.15856946678338e+05
  10.00000   2.27945265099533e+01   3.14484064567167e+08
  10.00000   2.50591644985842e+01   1.65396323877919e+09
  10.00000   7.10334183150937e+01   2.33007032424128e+14
  10.00000   1.51548208685323e+02   9.38559664979644e+17
  10.00000   2.21357812162663e+02   1.68789853845407e+20
  10.00000   2.43349728085326e+02   2.99859996117794e+20
  10.00000   5.70761892983050e+02   0.00000000000000e+00
  10.00000   2.85605894740129e+03   1.43089414734116e+32
  10.00000   3.13980862683551e+03   0.00000000000000e+00
# orbitals: 1s2 2s2 2p6 3s2 3p6 3d10 4s2 4p6 4d10 4f9 5s2
CORE 57 30 Tb
   0.00000   1.46179421607037e+00   5.53080843114095e-03
   0.00000   1.60702358557837e+00   8.36994831423391e-02
   0.00000   2.83686272118397e+00   0.00000000000000e+00
   0.00000   3.11870525404460e+00   3.23367225918683e+00
   0.00000   3.76917546195700e+00   2.59416772477938e+01
   0.00000   1.88607323558081e+01   2.42759062275750e+03
   0.00000   4.42366933677985e+01   1.28705919759420e+04
   0.00000   1.66604535051562e+02   1.39536843227926e+05
   0.00000   1.83156708617931e+02   1.60935865619134e+05
   0.00000   8.33679295800109e+02   1.80572148832842e+05
   0.00000   9.16505398934104e+02   0.00000000000000e+00
   0.00000   3.45174885907758e+03   1.83746903535129e+05
   0.00000   3.79468037775014e+03   0.00000000000000e+00
   0.00000   1.30000000000000e+04   3.11292317027201e+05
   6.00000   4.72261939626038e+02   1.94952317740542e+16
   9.00000   1.71562568937959e+01   4.94329530843010e+06
   9.00000   5.34631667881358e+01   9.44771092632849e+12
   9.00000   1.51548208685323e+02   3.97644215736095e+17
   9.00000   5.70761892983050e+02   3.80919217935174e+22
  10.00000   8.04145151717812e+00   8.27203043910416e+00
  10.00000   1.71562568937959e+01   8.73562953261274e+05
  10.00000   2.27945265099533e+01   3.30015729438555e+08
  10.00000   2.50591644985842e+01   1.64143687698491e+09
  10.00000   6.46140112519509e+01   0.00000000000000e+00
  10.00000   7.10334183150937e+01   2.37821019203976e+14
  10.00000   1.51548208685323e+02   1.12811174814847e+18
  10.00000   2.21357812162663e+02   1.85145266332258e+20
  10.00000   2.43349728085326e+02   2.53410953337399e+20
  10.00000   5.70761892983050e+02   0.00000000000000e+00
  10.00000   2.85605894740129e+03   1.34034271107464e+32
# orbitals: 1s2 2s2 2p6 3s2 3p6 3d10 4s2 4p6 4d10 4f9 5s2 5p6
CORE 63 31 Tb
   0.00000   2.58049076244261e+00   3.37973187053509e+00
   0.00000   2.83686272118397e+00   1.21139908935422e+01
   0.00000   4.55531462763092e+00   0.00000000000000e+00
   0.00000   5.00788549157908e+00   2.79888414634371e+00
   0.00000   1.88607323558081e+01   2.76806183157850e+03
   0.00000   4.86316123080269e+01   1.36254918134965e+04
   0.00000   1.66604535051562e+02   1.46766158117901e+05
   0.00000   1.83156708617931e+02   1.51063532111826e+05
   0.00000   8.33679295800109e+02   1.84677405255408e+05
   0.00000   9.16505398934104e+02   0.00000000000000e+00
   0.00000   3.79468037775014e+03   2.16655307863413e+05
   0.00000   4.17168216957999e+03   0.00000000000000e+00
   0.00000   1.30000000000000e+04   1.64695848477115e+05
   6.00000   4.72261939626038e+02   0.00000000000000e+00
   8.00000   1.71562568937959e+01   3.75483833071994e+05
   9.00000   1.88607323558081e+01   2.35316903885311e+07
   9.00000   5.34631667881358e+01   9.35017570454000e+12
   9.00000   1.51548208685323e+02   5.45573836903307e+17
   9.00000   5.70761892983050e+02   4.44869795675934e+22
  10.00000   2.83686272118397e+00   1.54323388071978e-06
  10.00000   3.11870525404460e+00   5.00087805678723e-06
  10.00000   8.04145151717812e+00   1.42832414592104e+00
  10.00000   8.84037035331113e+00   5.82480791351346e+02
  10.00000   2.27945265099533e+01   0.00000000000000e+00
  10.00000   2.50591644985842e+01   2.35795207921219e+09
  10.00000   6.46140112519509e+01   1.34894280406191e+13
  10.00000   7.10334183150937e+01   1.73100580853404e+14
  10.00000   2.21357812162663e+02   7.63189876866878e+19
  10.00000   2.43349728085326e+02   5.88102032342037e+20
  10.00000   2.85605894740129e+03   1.51305582085208e+32
  10.00000   3.13980862683551e+03   0.00000000000000e+00
