# Free-atom, free-ion and frozen-core density fits -- Bi (Z = 83)
#
#   rho(r) = sum_i c_i r^n_i exp(-alpha_i r)      r in bohr, rho in e/bohr^3
#
# All-electron B86BPBE densities (scalar-relativistic, spin-restricted),
# fitted with rhofit.py (monotone decay imposed).  Two kinds of block:
#
#   STATE <N> <q> <nterm> <symbol>
#     the atom or ion with N electrons (charge q), in order of increasing N;
#   CORE <N_core> <nterm> <symbol>
#     the frozen core of the neutral atom with N_core electrons, for a
#     pseudopotential with Z - N_core valence electrons, in order of
#     increasing N_core, each preceded by a '# orbitals:' comment.
#
# Each block header is followed by nterm lines:   n   alpha   c
#
# Generated 2026-09-23 by combine_fits.py from
#   /home/alberto/doc/manuals/critic2/atomic_density_fits/15_rhofit/rho_b86bpbe_mono/fit_083_Bi.dat
#     recipe: --npow 0,1,2,3,4,5,6,7,8,9,10 --amin 0.2 --ratio 1.1 --mom 3 --cusp none --targetz 1e-3 --besteffort --monotone --stats
#   /home/alberto/doc/manuals/critic2/atomic_density_fits/15_rhofit/core_b86bpbe_mono/core_083_Bi.dat
#     recipe: --npow 0,1,2,3,4,5,6,7,8,9,10 --amin 0.2 --ratio 1.1 --mom 3 --cusp none --besteffort --monotone --stats --target 1e-3*N_core
#
STATE 78 +5 30 Bi
   0.00000   3.82358286879359e+00   3.76453392656082e+01
   0.00000   4.20539987845865e+00   4.97548826060671e+00
   0.00000   9.00537128870539e+00   1.54545101407034e+02
   0.00000   2.56570263945336e+01   6.87829798133861e+03
   0.00000   6.64621257630147e+01   3.79122968291294e+04
   0.00000   2.51935459239015e+02   8.28375044977799e+05
   0.00000   8.68295552607577e+02   2.38076831903240e+05
   0.00000   9.55002189492028e+02   5.55930852993530e+05
   0.00000   2.72087797350073e+03   7.73688161783075e+05
   0.00000   7.04817975707233e+03   1.54143083431185e+06
   0.00000   7.75199997250189e+03   0.00000000000000e+00
   0.00000   1.66000000000000e+04   1.07743652412778e+06
   9.00000   9.00537128870539e+00   9.17901660939761e+02
   9.00000   2.82190969527034e+01   2.94406582705423e+09
   9.00000   8.03984746585056e+01   0.00000000000000e+00
   9.00000   2.08264724514085e+02   1.86569151058151e+19
   9.00000   7.89461191789647e+02   1.61606805480476e+24
  10.00000   9.00537128870539e+00   4.20157725234484e+02
  10.00000   1.31779782410473e+01   2.93779441524052e+05
  10.00000   1.44939105532494e+01   3.00139404710285e+05
  10.00000   3.41363193727453e+01   1.35351057134668e+11
  10.00000   3.75451188760199e+01   1.90837827234042e+11
  10.00000   8.03984746585056e+01   7.36755066687266e+15
  10.00000   9.72571167895363e+01   1.61115939280516e+16
  10.00000   2.08264724514085e+02   5.65488273823359e+19
  10.00000   3.04763448395127e+02   1.10533698898553e+22
  10.00000   3.35196650058192e+02   1.40107711753761e+22
  10.00000   7.89461191789647e+02   6.29164126109151e+25
  10.00000   8.68295552607577e+02   0.00000000000000e+00
  10.00000   2.99258059566290e+03   2.83981013979570e+32
STATE 79 +4 31 Bi
   0.00000   3.16079933817729e+00   1.76111979417700e+01
   0.00000   3.47643182029345e+00   1.57775555055674e+01
   0.00000   9.00537128870539e+00   0.00000000000000e+00
   0.00000   9.90463359172483e+00   2.02130146758144e+02
   0.00000   2.56570263945336e+01   6.78097542120640e+03
   0.00000   6.64621257630147e+01   3.80348611927998e+04
   0.00000   2.51935459239015e+02   8.28219372281549e+05
   0.00000   8.68295552607577e+02   2.52277692355388e+05
   0.00000   9.55002189492028e+02   5.39691189001041e+05
   0.00000   2.72087797350073e+03   7.81435991455908e+05
   0.00000   7.04817975707233e+03   1.51769063256647e+06
   0.00000   7.75199997250189e+03   0.00000000000000e+00
   0.00000   1.66000000000000e+04   1.13273609205835e+06
   9.00000   2.82190969527034e+01   3.18282410500014e+09
   9.00000   8.03984746585056e+01   0.00000000000000e+00
   9.00000   2.08264724514085e+02   1.85280274980352e+19
   9.00000   7.89461191789647e+02   1.63229383208492e+24
  10.00000   4.20539987845865e+00   5.90030058670323e-05
  10.00000   9.00537128870539e+00   1.36552831404567e+02
  10.00000   1.31779782410473e+01   1.93582713672721e+05
  10.00000   1.44939105532494e+01   2.84536931441446e+05
  10.00000   3.41363193727453e+01   1.29256767098546e+11
  10.00000   3.75451188760199e+01   2.08766862481308e+11
  10.00000   8.03984746585056e+01   7.35482922842248e+15
  10.00000   9.72571167895363e+01   1.61358883233368e+16
  10.00000   2.08264724514085e+02   5.97175159024651e+19
  10.00000   3.04763448395127e+02   1.12436248149211e+22
  10.00000   3.35196650058192e+02   1.37688696671682e+22
  10.00000   7.89461191789647e+02   6.02486156762277e+25
  10.00000   8.68295552607577e+02   0.00000000000000e+00
  10.00000   2.99258059566290e+03   2.79080708443396e+32
STATE 80 +3 31 Bi
   0.00000   2.87382378618853e+00   1.24093922859805e+01
   0.00000   3.16079933817729e+00   1.19570695945580e+01
   0.00000   8.18775488223960e+00   1.60249252041768e+02
   0.00000   2.56570263945336e+01   6.90545473287230e+03
   0.00000   2.82190969527034e+01   0.00000000000000e+00
   0.00000   6.64621257630147e+01   3.78340087602708e+04
   0.00000   2.51935459239015e+02   8.29219355855789e+05
   0.00000   8.68295552607577e+02   1.41860700315876e+05
   0.00000   9.55002189492028e+02   6.74820791486878e+05
   0.00000   2.72087797350073e+03   0.00000000000000e+00
   0.00000   2.99258059566290e+03   9.15756931760378e+05
   0.00000   7.75199997250189e+03   1.35348081635962e+06
   0.00000   8.52610257469243e+03   0.00000000000000e+00
   0.00000   1.66000000000000e+04   1.34137366911413e+06
   9.00000   2.82190969527034e+01   2.92102879505507e+09
   9.00000   8.03984746585056e+01   0.00000000000000e+00
   9.00000   2.08264724514085e+02   1.88997386587620e+19
   9.00000   7.89461191789647e+02   1.45801417949691e+24
  10.00000   5.59522647455958e+00   1.91033005606338e-01
  10.00000   6.15395704591741e+00   0.00000000000000e+00
  10.00000   1.31779782410473e+01   1.36549598799796e+05
  10.00000   1.44939105532494e+01   4.85068684988285e+05
  10.00000   3.41363193727453e+01   1.32758022520894e+11
  10.00000   3.75451188760199e+01   2.00966222198963e+11
  10.00000   8.03984746585056e+01   7.39014414938459e+15
  10.00000   9.72571167895363e+01   1.61608238187735e+16
  10.00000   2.08264724514085e+02   5.32491400647795e+19
  10.00000   3.04763448395127e+02   1.07809137167063e+22
  10.00000   3.35196650058192e+02   1.47566718338096e+22
  10.00000   7.89461191789647e+02   7.34906413661962e+25
  10.00000   2.99258059566290e+03   3.14830610959585e+32
STATE 81 +2 32 Bi
   0.00000   1.96387106880548e+00   5.67307047258127e-01
   0.00000   2.15998016453840e+00   2.66781536380636e+00
   0.00000   3.47643182029345e+00   2.54336047482982e+01
   0.00000   3.82358286879359e+00   0.00000000000000e+00
   0.00000   8.18775488223960e+00   1.53595882132104e+02
   0.00000   2.56570263945336e+01   6.90521407077483e+03
   0.00000   2.82190969527034e+01   0.00000000000000e+00
   0.00000   6.64621257630147e+01   3.78468345561494e+04
   0.00000   2.51935459239015e+02   8.29291159676243e+05
   0.00000   8.68295552607577e+02   1.17025447443312e+05
   0.00000   9.55002189492028e+02   7.04385718873250e+05
   0.00000   2.72087797350073e+03   0.00000000000000e+00
   0.00000   2.99258059566290e+03   8.82407920159398e+05
   0.00000   7.04817975707233e+03   1.15698171833191e+06
   0.00000   7.75199997250189e+03   0.00000000000000e+00
   0.00000   1.66000000000000e+04   1.73176679213519e+06
   9.00000   2.82190969527034e+01   2.79097199006237e+09
   9.00000   2.08264724514085e+02   1.88358640121638e+19
   9.00000   7.89461191789647e+02   1.42761043397474e+24
  10.00000   4.62534453799351e+00   8.12018274212239e-03
  10.00000   5.08722421492712e+00   3.88152663615349e-02
  10.00000   1.31779782410473e+01   1.55731854502782e+05
  10.00000   1.44939105532494e+01   4.77261389232329e+05
  10.00000   3.41363193727453e+01   1.36566029943453e+11
  10.00000   3.75451188760199e+01   1.94466798960743e+11
  10.00000   8.03984746585056e+01   7.38799628128449e+15
  10.00000   9.72571167895363e+01   1.62274816114110e+16
  10.00000   2.08264724514085e+02   5.43772767465698e+19
  10.00000   3.04763448395127e+02   1.08464289003305e+22
  10.00000   3.35196650058192e+02   1.46595275316113e+22
  10.00000   7.89461191789647e+02   7.47234302226912e+25
  10.00000   2.99258059566290e+03   3.28540530925037e+32
STATE 82 +1 31 Bi
   0.00000   1.62345176959756e+00   3.51743367516461e-01
   0.00000   1.78556712612932e+00   1.32549079286680e+00
   0.00000   3.47643182029345e+00   2.72385862168098e+01
   0.00000   3.82358286879359e+00   9.72878112154516e-01
   0.00000   8.18775488223960e+00   1.51565852862499e+02
   0.00000   2.56570263945336e+01   6.90368346415995e+03
   0.00000   2.82190969527034e+01   0.00000000000000e+00
   0.00000   6.64621257630147e+01   3.78709254690719e+04
   0.00000   2.51935459239015e+02   8.29052365423825e+05
   0.00000   8.68295552607577e+02   1.50175098224341e+05
   0.00000   9.55002189492028e+02   6.65241923510695e+05
   0.00000   2.72087797350073e+03   0.00000000000000e+00
   0.00000   2.99258059566290e+03   9.21116317664115e+05
   0.00000   7.75199997250189e+03   1.33217034282496e+06
   0.00000   1.66000000000000e+04   1.38657290159928e+06
   9.00000   2.82190969527034e+01   2.75734658588635e+09
   9.00000   2.08264724514085e+02   1.87675871082068e+19
   9.00000   7.89461191789647e+02   1.47690538285819e+24
  10.00000   4.20539987845865e+00   0.00000000000000e+00
  10.00000   4.62534453799351e+00   2.46182424037316e-02
  10.00000   1.31779782410473e+01   1.62179487581568e+05
  10.00000   1.44939105532494e+01   4.85948767455495e+05
  10.00000   3.41363193727453e+01   1.37522452945440e+11
  10.00000   3.75451188760199e+01   1.92971672479645e+11
  10.00000   8.03984746585056e+01   7.38845599066842e+15
  10.00000   9.72571167895363e+01   1.62599856842546e+16
  10.00000   2.08264724514085e+02   5.53739241000730e+19
  10.00000   3.04763448395127e+02   1.09375455179961e+22
  10.00000   3.35196650058192e+02   1.44352959064861e+22
  10.00000   7.89461191789647e+02   7.13051989978100e+25
  10.00000   2.99258059566290e+03   3.11729870216467e+32
STATE 83 +0 31 Bi
   0.00000   1.34204107900655e+00   1.03984857035865e-01
   0.00000   1.47605520377316e+00   8.86737132348839e-01
   0.00000   3.47643182029345e+00   2.97725261488246e+01
   0.00000   3.82358286879359e+00   0.00000000000000e+00
   0.00000   8.18775488223960e+00   1.50953479876864e+02
   0.00000   2.56570263945336e+01   6.89856996984796e+03
   0.00000   6.64621257630147e+01   3.78761528589012e+04
   0.00000   2.51935459239015e+02   8.29189106147491e+05
   0.00000   8.68295552607577e+02   1.20742054602979e+05
   0.00000   9.55002189492028e+02   7.00119019330687e+05
   0.00000   2.72087797350073e+03   0.00000000000000e+00
   0.00000   2.99258059566290e+03   8.84855364431537e+05
   0.00000   7.04817975707233e+03   1.14917815369188e+06
   0.00000   1.66000000000000e+04   1.74884546141496e+06
   9.00000   2.82190969527034e+01   2.64523586503922e+09
   9.00000   2.08264724514085e+02   1.87505785707231e+19
   9.00000   7.89461191789647e+02   1.43374756924953e+24
  10.00000   2.37567240808590e+00   4.71743252640661e-07
  10.00000   4.62534453799351e+00   1.69808602575793e-02
  10.00000   1.31779782410473e+01   1.72250503337257e+05
  10.00000   1.44939105532494e+01   4.55643251581930e+05
  10.00000   3.41363193727453e+01   1.41396344979958e+11
  10.00000   3.75451188760199e+01   1.86018863479421e+11
  10.00000   8.03984746585056e+01   7.38184453189038e+15
  10.00000   9.72571167895363e+01   1.63054509373541e+16
  10.00000   2.08264724514085e+02   5.58933244693927e+19
  10.00000   3.04763448395127e+02   1.09391933744530e+22
  10.00000   3.35196650058192e+02   1.44936921945473e+22
  10.00000   7.89461191789647e+02   7.37779546939982e+25
  10.00000   8.68295552607577e+02   0.00000000000000e+00
  10.00000   2.99258059566290e+03   3.27348672956354e+32
STATE 84 -1 35 Bi
   0.00000   1.34204107900655e+00   6.14363592754052e-01
   0.00000   1.47605520377316e+00   1.60575356323463e-01
   0.00000   3.47643182029345e+00   3.32443931471273e+01
   0.00000   3.82358286879359e+00   0.00000000000000e+00
   0.00000   9.90463359172483e+00   6.09457485140863e+01
   0.00000   2.56570263945336e+01   6.03440357740418e+03
   0.00000   6.04278910057441e+01   3.49029069736773e+04
   0.00000   6.64621257630147e+01   0.00000000000000e+00
   0.00000   2.29061714421557e+02   1.26145174164612e+05
   0.00000   2.51935459239015e+02   6.87595357448457e+05
   0.00000   8.68295552607577e+02   7.48805035493466e+05
   0.00000   9.55002189492028e+02   0.00000000000000e+00
   0.00000   2.47384379802862e+03   4.11404490138884e+05
   0.00000   2.72087797350073e+03   4.05913258169995e+05
   0.00000   5.82644150159033e+03   9.92141727595119e+05
   0.00000   6.40826084419751e+03   0.00000000000000e+00
   0.00000   1.66000000000000e+04   2.48273317371730e+06
   9.00000   3.16079933817729e+00   3.30723177093569e-04
   9.00000   2.82190969527034e+01   4.88930759660227e+09
   9.00000   7.30989297726592e+01   4.09370679815517e+14
   9.00000   2.08264724514085e+02   1.10032402689524e+19
   9.00000   7.89461191789647e+02   1.55787776921579e+24
  10.00000   4.62534453799351e+00   1.27593266060639e-02
  10.00000   5.08722421492712e+00   1.70044222324973e-01
  10.00000   1.31779782410473e+01   9.22946979060123e+04
  10.00000   1.44939105532494e+01   6.84321276940675e+05
  10.00000   3.41363193727453e+01   5.31705779866610e+10
  10.00000   3.75451188760199e+01   4.16514002614142e+11
  10.00000   8.03984746585056e+01   0.00000000000000e+00
  10.00000   9.72571167895363e+01   2.21195797335371e+16
  10.00000   2.08264724514085e+02   1.67158296753016e+20
  10.00000   3.04763448395127e+02   1.74025489382643e+22
  10.00000   8.68295552607577e+02   0.00000000000000e+00
  10.00000   2.72087797350073e+03   8.89060375816991e+31
  10.00000   2.99258059566290e+03   0.00000000000000e+00
STATE 85 -2 32 Bi
   0.00000   1.34204107900655e+00   7.51504629594679e-01
   0.00000   1.47605520377316e+00   3.78032073652085e-01
   0.00000   3.47643182029345e+00   1.43384147806264e+01
   0.00000   3.82358286879359e+00   1.82527726782712e+01
   0.00000   8.18775488223960e+00   1.45217464057912e+02
   0.00000   2.56570263945336e+01   6.90405326364471e+03
   0.00000   6.04278910057441e+01   0.00000000000000e+00
   0.00000   6.64621257630147e+01   3.78870958022412e+04
   0.00000   2.51935459239015e+02   8.29116459410669e+05
   0.00000   8.68295552607577e+02   1.26022676523402e+05
   0.00000   9.55002189492028e+02   6.94021596931939e+05
   0.00000   2.72087797350073e+03   0.00000000000000e+00
   0.00000   2.99258059566290e+03   8.88514126956218e+05
   0.00000   7.04817975707233e+03   1.13777508769073e+06
   0.00000   1.66000000000000e+04   1.77379950782716e+06
   9.00000   2.82190969527034e+01   2.61524671130811e+09
   9.00000   2.08264724514085e+02   1.87111969085254e+19
   9.00000   7.89461191789647e+02   1.44563947367579e+24
  10.00000   2.37567240808590e+00   0.00000000000000e+00
  10.00000   4.62534453799351e+00   3.56544660546708e-02
  10.00000   1.31779782410473e+01   1.68179395779514e+05
  10.00000   1.44939105532494e+01   5.30766091810526e+05
  10.00000   3.41363193727453e+01   1.41705672614718e+11
  10.00000   3.75451188760199e+01   1.87813892934724e+11
  10.00000   8.03984746585056e+01   7.38812488593441e+15
  10.00000   9.72571167895363e+01   1.63643034389068e+16
  10.00000   2.08264724514085e+02   5.63966275553720e+19
  10.00000   3.04763448395127e+02   1.09975919525450e+22
  10.00000   3.35196650058192e+02   1.43596015108578e+22
  10.00000   7.89461191789647e+02   7.25560240656190e+25
  10.00000   8.68295552607577e+02   0.00000000000000e+00
  10.00000   2.99258059566290e+03   3.25174203908406e+32
STATE 86 -3 32 Bi
   0.00000   1.34204107900655e+00   8.91673912377443e-01
   0.00000   1.47605520377316e+00   4.16567153263681e-01
   0.00000   3.82358286879359e+00   3.59148968090825e+01
   0.00000   8.18775488223960e+00   1.40507167693477e+02
   0.00000   2.56570263945336e+01   6.89864917526909e+03
   0.00000   2.82190969527034e+01   0.00000000000000e+00
   0.00000   6.64621257630147e+01   3.79208060451142e+04
   0.00000   2.51935459239015e+02   8.28882111986189e+05
   0.00000   8.68295552607577e+02   1.57685439215892e+05
   0.00000   9.55002189492028e+02   6.56666606234694e+05
   0.00000   2.72087797350073e+03   0.00000000000000e+00
   0.00000   2.99258059566290e+03   9.25828380167083e+05
   0.00000   7.75199997250189e+03   1.31340644126196e+06
   0.00000   1.66000000000000e+04   1.42656862941642e+06
   9.00000   2.82190969527034e+01   2.44195520674626e+09
   9.00000   8.03984746585056e+01   0.00000000000000e+00
   9.00000   2.08264724514085e+02   1.86022823040661e+19
   9.00000   7.89461191789647e+02   1.49021471245817e+24
  10.00000   3.16079933817729e+00   2.46221718195884e-05
  10.00000   4.20539987845865e+00   4.23412889685727e-04
  10.00000   4.62534453799351e+00   3.86354629039518e-02
  10.00000   1.31779782410473e+01   1.80875911823561e+05
  10.00000   1.44939105532494e+01   5.13098089673219e+05
  10.00000   3.41363193727453e+01   1.47188137205519e+11
  10.00000   3.75451188760199e+01   1.78861851297086e+11
  10.00000   8.03984746585056e+01   7.38062813404873e+15
  10.00000   9.72571167895363e+01   1.64697353606725e+16
  10.00000   2.08264724514085e+02   5.82674020160322e+19
  10.00000   3.04763448395127e+02   1.11246784851263e+22
  10.00000   3.35196650058192e+02   1.40992774857415e+22
  10.00000   7.89461191789647e+02   6.92914974698366e+25
  10.00000   2.99258059566290e+03   3.09391408070182e+32
# orbitals: 1s2
CORE 2 9 Bi
   0.00000   1.42320858046904e+02   0.00000000000000e+00
   0.00000   1.56532796508062e+02   8.76253207258193e+04
   0.00000   1.89355936614983e+02   2.71273101107844e+05
   0.00000   2.08264724514085e+02   6.99514937320674e+04
   0.00000   3.35196650058192e+02   2.77629966530125e+05
   0.00000   3.68668863677389e+02   0.00000000000000e+00
   0.00000   5.93362934475557e+02   2.97590047686786e+05
   0.00000   1.39749907802943e+03   0.00000000000000e+00
   0.00000   1.53705115190699e+03   8.58806419799553e+05
# orbitals: 1s2 2s2
CORE 4 17 Bi
   0.00000   5.49415169840100e+01   2.39497571521496e+03
   0.00000   6.04278910057441e+01   3.75646962464414e+03
   0.00000   2.08264724514085e+02   2.23240308843102e+05
   0.00000   2.29061714421557e+02   5.15587817959899e+05
   0.00000   7.17784366705843e+02   6.54282966330965e+05
   0.00000   7.89461191789647e+02   0.00000000000000e+00
   0.00000   2.04502533562977e+03   0.00000000000000e+00
   0.00000   2.24923836961739e+03   9.18912366656208e+05
   0.00000   7.04817975707233e+03   1.41211681210000e+06
   0.00000   7.75199997250189e+03   0.00000000000000e+00
   0.00000   1.66000000000000e+04   1.40507371820009e+06
   4.00000   9.72571167895363e+01   9.36654139793399e+09
   5.00000   1.06969060475732e+02   0.00000000000000e+00
   6.00000   1.29399251064704e+02   4.30672295181046e+12
  10.00000   2.29061714421557e+02   1.46134727193853e+20
  10.00000   6.52615229786478e+02   1.46437321634260e+25
  10.00000   7.17784366705843e+02   2.78938030403099e+25
# orbitals: 1s2 2s2 2p6
CORE 10 16 Bi
   0.00000   5.49415169840100e+01   9.58276356517049e+03
   0.00000   6.04278910057441e+01   2.34523200112310e+04
   0.00000   2.29061714421557e+02   2.06694968125818e+05
   0.00000   2.51935459239015e+02   6.00015491099301e+05
   0.00000   9.55002189492028e+02   8.23167612203384e+05
   0.00000   1.05036721562797e+03   0.00000000000000e+00
   0.00000   3.98158716413036e+03   1.63818868432170e+06
   0.00000   1.37225400401216e+04   5.72203573767435e+05
   3.00000   8.84269406886999e+01   8.88360898241068e+08
   4.00000   9.72571167895363e+01   7.68226517674512e+09
   4.00000   1.06969060475732e+02   6.52672813267137e+09
   9.00000   2.08264724514085e+02   3.38673229160153e+18
   9.00000   7.89461191789647e+02   0.00000000000000e+00
  10.00000   2.51935459239015e+02   4.45123484098402e+20
  10.00000   7.89461191789647e+02   3.33950494799823e+26
  10.00000   3.62009057672707e+03   1.96555197034171e+33
# orbitals: 1s2 2s2 2p6 3s2
CORE 12 19 Bi
   0.00000   2.56570263945336e+01   6.47020980175458e+01
   0.00000   4.99532622811100e+01   3.23557219294886e+04
   0.00000   2.51935459239015e+02   8.58410415392448e+05
   0.00000   9.55002189492028e+02   0.00000000000000e+00
   0.00000   1.05036721562797e+03   9.05541962709080e+05
   0.00000   3.62009057672707e+03   1.08232088078844e+06
   0.00000   1.24766420626269e+04   2.56010791716575e+06
   0.00000   1.37225400401216e+04   0.00000000000000e+00
   8.00000   1.72163916933098e+02   9.91273259865220e+16
   9.00000   5.49415169840100e+01   5.00407822353381e+11
   9.00000   7.89461191789647e+02   2.63727454861899e+24
  10.00000   5.49415169840100e+01   3.31057495783255e+11
  10.00000   7.30989297726592e+01   2.42676932333592e+14
  10.00000   8.03984746585056e+01   4.70093177852091e+14
  10.00000   1.89355936614983e+02   3.60240913416677e+19
  10.00000   2.77093340466154e+02   5.24037058011136e+21
  10.00000   7.89461191789647e+02   1.82249639240078e+26
  10.00000   8.68295552607577e+02   0.00000000000000e+00
  10.00000   3.62009057672707e+03   4.10197316830844e+33
# orbitals: 1s2 2s2 2p6 3s2 3p6
CORE 18 20 Bi
   0.00000   2.12096127716533e+01   0.00000000000000e+00
   0.00000   2.33275715559967e+01   5.85874014418468e+02
   0.00000   5.49415169840100e+01   3.41292276636100e+04
   0.00000   6.04278910057441e+01   6.41671362841401e+03
   0.00000   2.51935459239015e+02   8.33075180353653e+05
   0.00000   8.68295552607577e+02   0.00000000000000e+00
   0.00000   9.55002189492028e+02   8.09173734121742e+05
   0.00000   2.99258059566290e+03   4.68389241977955e+05
   0.00000   3.29141501704898e+03   6.00807692771767e+05
   0.00000   1.13438617561892e+04   2.46024459907483e+06
   0.00000   1.24766420626269e+04   0.00000000000000e+00
   7.00000   4.99532622811100e+01   5.30589855861874e+10
   7.00000   1.72163916933098e+02   7.00524835621659e+15
   8.00000   5.49415169840100e+01   3.65492769988259e+11
   9.00000   1.89355936614983e+02   3.23394143063089e+18
  10.00000   8.03984746585056e+01   3.26326224153895e+15
  10.00000   3.04763448395127e+02   1.15016292362903e+22
  10.00000   7.89461191789647e+02   1.25309863741332e+26
  10.00000   8.68295552607577e+02   3.18619292239112e+26
  10.00000   3.29141501704898e+03   7.69481268957101e+32
# orbitals: 1s2 2s2 2p6 3s2 3p6 3d10
CORE 28 22 Bi
   0.00000   2.33275715559967e+01   1.29475937496123e+03
   0.00000   2.56570263945336e+01   4.72239984963986e+03
   0.00000   6.04278910057441e+01   3.50723168243350e+04
   0.00000   2.51935459239015e+02   6.70748031552668e+05
   0.00000   2.77093340466154e+02   1.93786226553011e+05
   0.00000   1.05036721562797e+03   8.74687755154636e+05
   0.00000   1.15525524423445e+03   0.00000000000000e+00
   0.00000   3.98158716413036e+03   1.44185549002590e+06
   0.00000   4.37918223579378e+03   0.00000000000000e+00
   0.00000   1.37225400401216e+04   0.00000000000000e+00
   0.00000   1.50928514425213e+04   1.87482569999815e+06
   7.00000   4.99532622811100e+01   4.62614265275805e+10
   7.00000   1.89355936614983e+02   0.00000000000000e+00
   8.00000   5.49415169840100e+01   1.15427115412197e+12
   8.00000   1.89355936614983e+02   3.96119370207463e+17
   9.00000   2.08264724514085e+02   0.00000000000000e+00
   9.00000   8.68295552607577e+02   0.00000000000000e+00
  10.00000   8.03984746585056e+01   3.24159163091242e+15
  10.00000   8.84269406886999e+01   6.38257997247598e+15
  10.00000   3.04763448395127e+02   7.45973449373056e+21
  10.00000   8.68295552607577e+02   1.07736420722554e+27
  10.00000   3.98158716413036e+03   8.44427157534612e+33
# orbitals: 1s2 2s2 2p6 3s2 3p6 3d10 4s2
CORE 30 25 Bi
   0.00000   1.75331181020775e+01   0.00000000000000e+00
   0.00000   1.92839478744558e+01   3.58314703163274e+03
   0.00000   6.04278910057441e+01   3.24796869923153e+04
   0.00000   6.64621257630147e+01   6.53850250822749e+03
   0.00000   2.51935459239015e+02   8.30735204460130e+05
   0.00000   8.68295552607577e+02   6.44917338051848e+05
   0.00000   9.55002189492028e+02   6.52763825490085e+04
   0.00000   2.72087797350073e+03   1.05496302319102e+06
   0.00000   2.99258059566290e+03   0.00000000000000e+00
   0.00000   1.03139289319676e+04   2.31629801229948e+06
   0.00000   1.13438617561892e+04   0.00000000000000e+00
   0.00000   1.66000000000000e+04   2.29923451998271e+05
   8.00000   1.89355936614983e+02   2.83101951421541e+17
   9.00000   6.64621257630147e+01   6.76411044074390e+13
   9.00000   2.08264724514085e+02   0.00000000000000e+00
  10.00000   1.75331181020775e+01   0.00000000000000e+00
  10.00000   1.92839478744558e+01   1.14288423176072e+05
  10.00000   3.10370118727294e+01   3.41016615964857e+09
  10.00000   3.41363193727453e+01   7.71641577964239e+09
  10.00000   8.03984746585056e+01   1.13297057586395e+15
  10.00000   8.84269406886999e+01   8.24074302538728e+15
  10.00000   2.08264724514085e+02   1.51389564643634e+20
  10.00000   3.04763448395127e+02   1.45706548534178e+22
  10.00000   8.68295552607577e+02   6.38978499851877e+26
  10.00000   3.29141501704898e+03   0.00000000000000e+00
# orbitals: 1s2 2s2 2p6 3s2 3p6 3d10 4s2 4p6
CORE 36 26 Bi
   0.00000   1.19815221629461e+01   0.00000000000000e+00
   0.00000   1.92839478744558e+01   0.00000000000000e+00
   0.00000   2.12096127716533e+01   4.45422360785922e+03
   0.00000   6.64621257630147e+01   4.38838333503059e+04
   0.00000   2.51935459239015e+02   7.21278075051886e+05
   0.00000   2.77093340466154e+02   1.16741548593327e+05
   0.00000   9.55002189492028e+02   7.97343899026626e+05
   0.00000   1.05036721562797e+03   1.10715753814083e+04
   0.00000   3.29141501704898e+03   1.20596505105225e+06
   0.00000   3.62009057672707e+03   0.00000000000000e+00
   0.00000   1.03139289319676e+04   5.94742796404153e+05
   0.00000   1.66000000000000e+04   2.74029278852961e+06
   9.00000   2.33275715559967e+01   2.02500290614234e+07
   9.00000   7.30989297726592e+01   1.42109368748986e+14
   9.00000   2.08264724514085e+02   1.17226278390906e+19
   9.00000   8.68295552607577e+02   0.00000000000000e+00
  10.00000   2.56570263945336e+01   3.80877535322020e+08
  10.00000   3.10370118727294e+01   3.31743661686771e+09
  10.00000   3.41363193727453e+01   7.94089594150836e+10
  10.00000   7.30989297726592e+01   8.36160983182778e+14
  10.00000   8.84269406886999e+01   9.74607993559602e+15
  10.00000   2.08264724514085e+02   2.07948720535170e+20
  10.00000   3.04763448395127e+02   1.94599837689877e+22
  10.00000   3.35196650058192e+02   0.00000000000000e+00
  10.00000   8.68295552607577e+02   5.14415974865649e+26
  10.00000   3.29141501704898e+03   7.48641445484345e+32
# orbitals: 1s2 2s2 2p6 3s2 3p6 3d10 4s2 4p6 4d10
CORE 46 26 Bi
   0.00000   9.00537128870539e+00   6.08631860937362e+01
   0.00000   9.90463359172483e+00   0.00000000000000e+00
   0.00000   2.56570263945336e+01   6.97524753103818e+03
   0.00000   6.64621257630147e+01   3.83260818833893e+04
   0.00000   2.51935459239015e+02   8.25891520965767e+05
   0.00000   8.68295552607577e+02   2.76334763394549e+05
   0.00000   9.55002189492028e+02   5.17324616319833e+05
   0.00000   2.72087797350073e+03   0.00000000000000e+00
   0.00000   2.99258059566290e+03   1.01871345094169e+06
   0.00000   9.37750585294639e+03   1.70200504114475e+06
   0.00000   1.66000000000000e+04   8.91940288864180e+05
   8.00000   2.12096127716533e+01   1.54499472388688e+06
   8.00000   2.33275715559967e+01   7.33269703417808e+07
   9.00000   2.33275715559967e+01   1.51295984681353e+08
   9.00000   7.30989297726592e+01   3.72466437096975e+14
   9.00000   2.08264724514085e+02   1.18873132283889e+19
  10.00000   3.10370118727294e+01   0.00000000000000e+00
  10.00000   3.41363193727453e+01   1.52798017931223e+11
  10.00000   8.84269406886999e+01   2.89920448146314e+15
  10.00000   9.72571167895363e+01   1.12706084784770e+16
  10.00000   2.08264724514085e+02   1.68383499100283e+20
  10.00000   3.04763448395127e+02   1.76713945511648e+22
  10.00000   3.35196650058192e+02   0.00000000000000e+00
  10.00000   7.89461191789647e+02   2.71014010918792e+25
  10.00000   8.68295552607577e+02   3.83144279921470e+26
  10.00000   2.99258059566290e+03   2.51241997352214e+32
# orbitals: 1s2 2s2 2p6 3s2 3p6 3d10 4s2 4p6 4d10 5s2
CORE 48 29 Bi
   0.00000   6.15395704591741e+00   1.50746356939850e+01
   0.00000   6.76848157892976e+00   4.49803018777921e+01
   0.00000   2.82190969527034e+01   7.70960159062092e+03
   0.00000   6.04278910057441e+01   3.27750537194468e+04
   0.00000   2.51935459239015e+02   8.39220397837341e+05
   0.00000   9.55002189492028e+02   8.30389014879356e+05
   0.00000   2.99258059566290e+03   0.00000000000000e+00
   0.00000   3.29141501704898e+03   1.11905307226188e+06
   0.00000   9.37750585294639e+03   1.09444737949628e+06
   0.00000   1.03139289319676e+04   0.00000000000000e+00
   0.00000   1.66000000000000e+04   1.74940519812938e+06
   3.00000   9.90463359172483e+00   5.63689470803883e+02
   8.00000   2.12096127716533e+01   0.00000000000000e+00
   8.00000   7.17784366705843e+02   1.15767497619850e+22
   9.00000   2.33275715559967e+01   1.68649622060380e+08
   9.00000   7.30989297726592e+01   4.01866918810044e+14
   9.00000   2.08264724514085e+02   1.24645943366983e+19
   9.00000   7.89461191789647e+02   0.00000000000000e+00
  10.00000   1.44939105532494e+01   1.50690356828644e+05
  10.00000   3.10370118727294e+01   1.78079570003017e+08
  10.00000   3.41363193727453e+01   1.59933982318318e+11
  10.00000   8.03984746585056e+01   3.79636987812132e+14
  10.00000   9.72571167895363e+01   2.11313640967194e+16
  10.00000   2.08264724514085e+02   1.22562605234142e+20
  10.00000   3.04763448395127e+02   1.49142515550283e+22
  10.00000   3.35196650058192e+02   0.00000000000000e+00
  10.00000   7.89461191789647e+02   7.16923001619636e+25
  10.00000   2.99258059566290e+03   2.71021045171755e+32
  10.00000   3.29141501704898e+03   1.03699287378864e+32
# orbitals: 1s2 2s2 2p6 3s2 3p6 3d10 4s2 4p6 4d10 4f14
CORE 60 26 Bi
   0.00000   8.18775488223960e+00   3.22952217081669e+02
   0.00000   2.56570263945336e+01   3.14951568316808e+03
   0.00000   2.82190969527034e+01   4.20875341767233e+03
   0.00000   6.04278910057441e+01   0.00000000000000e+00
   0.00000   6.64621257630147e+01   3.60989359999080e+04
   0.00000   2.51935459239015e+02   8.32830237018324e+05
   0.00000   8.68295552607577e+02   0.00000000000000e+00
   0.00000   9.55002189492028e+02   8.21846712058422e+05
   0.00000   2.99258059566290e+03   9.27134602347915e+05
   0.00000   9.37750585294639e+03   2.11360566957094e+06
   0.00000   1.66000000000000e+04   1.86748050785540e+05
   5.00000   1.44939105532494e+01   3.16344162875249e+04
   8.00000   2.12096127716533e+01   2.27448543152639e+07
   8.00000   2.33275715559967e+01   1.35898048675837e+08
   9.00000   2.08264724514085e+02   2.20242961156696e+19
   9.00000   7.89461191789647e+02   8.17651077960410e+23
  10.00000   3.10370118727294e+01   0.00000000000000e+00
  10.00000   3.41363193727453e+01   1.64481231955357e+11
  10.00000   8.03984746585056e+01   7.25022446574089e+15
  10.00000   9.72571167895363e+01   1.19423694615816e+16
  10.00000   3.04763448395127e+02   6.13805950392890e+21
  10.00000   3.35196650058192e+02   2.36536254775079e+22
  10.00000   7.89461191789647e+02   1.53322210439515e+26
  10.00000   8.68295552607577e+02   0.00000000000000e+00
  10.00000   2.99258059566290e+03   8.01510638082728e+31
  10.00000   3.29141501704898e+03   8.10012464532088e+32
# orbitals: 1s2 2s2 2p6 3s2 3p6 3d10 4s2 4p6 4d10 4f14 5s2
CORE 62 28 Bi
   0.00000   6.76848157892976e+00   9.71612454535187e+01
   0.00000   7.44437157141091e+00   1.81759653317831e+02
   0.00000   2.82190969527034e+01   8.15242416745826e+03
   0.00000   6.04278910057441e+01   0.00000000000000e+00
   0.00000   6.64621257630147e+01   3.49402141137737e+04
   0.00000   2.51935459239015e+02   8.34563323409838e+05
   0.00000   8.68295552607577e+02   0.00000000000000e+00
   0.00000   9.55002189492028e+02   8.30284757242430e+05
   0.00000   2.99258059566290e+03   2.54321233178910e+05
   0.00000   3.29141501704898e+03   8.16678486327745e+05
   0.00000   9.37750585294639e+03   1.31273582825480e+06
   0.00000   1.66000000000000e+04   1.44963441635740e+06
   8.00000   2.33275715559967e+01   0.00000000000000e+00
   9.00000   1.44939105532494e+01   9.53367167984721e+04
   9.00000   2.33275715559967e+01   2.48681874095612e+08
   9.00000   2.08264724514085e+02   2.15752517718955e+19
   9.00000   7.89461191789647e+02   1.07373696273851e+24
  10.00000   1.44939105532494e+01   4.10571375786624e+04
  10.00000   3.10370118727294e+01   2.33789473895151e+09
  10.00000   3.41363193727453e+01   1.78626982523431e+11
  10.00000   8.03984746585056e+01   7.44206946471299e+15
  10.00000   9.72571167895363e+01   1.39876923422025e+16
  10.00000   2.29061714421557e+02   0.00000000000000e+00
  10.00000   3.04763448395127e+02   6.93992177457943e+21
  10.00000   3.35196650058192e+02   2.09040845527665e+22
  10.00000   7.89461191789647e+02   1.34749903915386e+26
  10.00000   2.99258059566290e+03   1.50835966127518e+32
  10.00000   3.29141501704898e+03   5.23079484604284e+32
# orbitals: 1s2 2s2 2p6 3s2 3p6 3d10 4s2 4p6 4d10 4f14 5s2 5p6
CORE 68 29 Bi
   0.00000   5.08722421492712e+00   0.00000000000000e+00
   0.00000   5.59522647455958e+00   1.53964532629435e+02
   0.00000   7.44437157141091e+00   0.00000000000000e+00
   0.00000   2.56570263945336e+01   6.74012334867091e+03
   0.00000   2.82190969527034e+01   1.05102568414603e+02
   0.00000   6.64621257630147e+01   3.81055405448659e+04
   0.00000   2.51935459239015e+02   8.28362183952407e+05
   0.00000   8.68295552607577e+02   1.74103958721332e+05
   0.00000   9.55002189492028e+02   6.37716914051060e+05
   0.00000   2.72087797350073e+03   0.00000000000000e+00
   0.00000   2.99258059566290e+03   9.36035491119163e+05
   0.00000   7.75199997250189e+03   1.27224372538305e+06
   0.00000   8.52610257469243e+03   0.00000000000000e+00
   0.00000   1.66000000000000e+04   1.51322976501199e+06
   9.00000   2.08264724514085e+02   1.85582146960094e+19
   9.00000   7.89461191789647e+02   1.51241857196728e+24
  10.00000   9.90463359172483e+00   3.09010356530334e+02
  10.00000   1.31779782410473e+01   7.84686187273816e+04
  10.00000   1.44939105532494e+01   3.67149540445784e+05
  10.00000   2.82190969527034e+01   3.12007164433782e+09
  10.00000   3.41363193727453e+01   1.72355434314445e+11
  10.00000   3.75451188760199e+01   9.99560621471228e+10
  10.00000   8.03984746585056e+01   7.40668233041384e+15
  10.00000   9.72571167895363e+01   1.54204023503960e+16
  10.00000   2.08264724514085e+02   6.06449713115873e+19
  10.00000   3.04763448395127e+02   1.12547144015540e+22
  10.00000   3.35196650058192e+02   1.39577901960910e+22
  10.00000   7.89461191789647e+02   6.60026584519529e+25
  10.00000   2.99258059566290e+03   3.03473175755597e+32
# orbitals: 1s2 2s2 2p6 3s2 3p6 3d10 4s2 4p6 4d10 4f14 5s2 5p6 5d10
CORE 78 33 Bi
   0.00000   3.47643182029345e+00   3.45055803526776e+01
   0.00000   3.82358286879359e+00   1.24090919259956e+00
   0.00000   9.90463359172483e+00   1.96520362839412e+02
   0.00000   2.56570263945336e+01   6.80905271490766e+03
   0.00000   6.04278910057441e+01   0.00000000000000e+00
   0.00000   6.64621257630147e+01   3.79085607912266e+04
   0.00000   2.51935459239015e+02   8.29156120493352e+05
   0.00000   8.68295552607577e+02   1.09231625780935e+05
   0.00000   9.55002189492028e+02   7.13232537060321e+05
   0.00000   2.72087797350073e+03   0.00000000000000e+00
   0.00000   2.99258059566290e+03   8.76694271564374e+05
   0.00000   7.04817975707233e+03   1.17397463955655e+06
   0.00000   7.75199997250189e+03   0.00000000000000e+00
   0.00000   1.66000000000000e+04   1.69356043237538e+06
   9.00000   9.00537128870539e+00   6.83891431651266e+02
   9.00000   2.82190969527034e+01   3.41724492164312e+09
   9.00000   8.03984746585056e+01   0.00000000000000e+00
   9.00000   2.08264724514085e+02   1.89751323417909e+19
   9.00000   7.89461191789647e+02   1.40376870384186e+24
  10.00000   4.62534453799351e+00   8.17585046358736e-04
  10.00000   9.00537128870539e+00   0.00000000000000e+00
  10.00000   1.31779782410473e+01   2.06462445240545e+05
  10.00000   1.44939105532494e+01   3.25473458940740e+05
  10.00000   3.41363193727453e+01   1.22298072801873e+11
  10.00000   3.75451188760199e+01   2.14083592959683e+11
  10.00000   8.03984746585056e+01   7.37113929032046e+15
  10.00000   9.72571167895363e+01   1.58001842831149e+16
  10.00000   2.08264724514085e+02   5.23528174320396e+19
  10.00000   3.04763448395127e+02   1.06682847767266e+22
  10.00000   3.35196650058192e+02   1.50353658759318e+22
  10.00000   7.89461191789647e+02   7.70461941195089e+25
  10.00000   8.68295552607577e+02   0.00000000000000e+00
  10.00000   2.99258059566290e+03   3.31724419066818e+32
# orbitals: 1s2 2s2 2p6 3s2 3p6 3d10 4s2 4p6 4d10 4f14 5s2 5p6 5d10 6s2
CORE 80 31 Bi
   0.00000   2.15998016453840e+00   1.39748170710486e+00
   0.00000   2.37567240808590e+00   0.00000000000000e+00
   0.00000   3.16079933817729e+00   2.25650165750133e+01
   0.00000   3.47643182029345e+00   2.03644749691684e+00
   0.00000   8.18775488223960e+00   1.58706283023784e+02
   0.00000   2.56570263945336e+01   6.89981969699907e+03
   0.00000   6.64621257630147e+01   3.78652262170232e+04
   0.00000   2.51935459239015e+02   8.28908629509008e+05
   0.00000   8.68295552607577e+02   1.80579916467264e+05
   0.00000   9.55002189492028e+02   6.24523975421747e+05
   0.00000   2.72087797350073e+03   7.17882990785995e+05
   0.00000   6.40826084419751e+03   1.36840332900962e+06
   0.00000   7.04817975707233e+03   0.00000000000000e+00
   0.00000   1.66000000000000e+04   1.47885967131298e+06
   9.00000   2.82190969527034e+01   2.88433904831867e+09
   9.00000   2.08264724514085e+02   1.88113425000616e+19
   9.00000   7.89461191789647e+02   1.52674820114233e+24
  10.00000   4.62534453799351e+00   1.21281695143386e-02
  10.00000   5.08722421492712e+00   2.71611031937230e-02
  10.00000   1.31779782410473e+01   1.62129530397121e+05
  10.00000   1.44939105532494e+01   4.18521163715430e+05
  10.00000   3.41363193727453e+01   1.34210663862884e+11
  10.00000   3.75451188760199e+01   1.95521147082626e+11
  10.00000   8.03984746585056e+01   7.38610499751638e+15
  10.00000   9.72571167895363e+01   1.61466675443709e+16
  10.00000   2.08264724514085e+02   5.45523987855636e+19
  10.00000   3.04763448395127e+02   1.08927543379626e+22
  10.00000   3.35196650058192e+02   1.44651459235960e+22
  10.00000   7.89461191789647e+02   6.87658106217067e+25
  10.00000   8.68295552607577e+02   0.00000000000000e+00
  10.00000   2.99258059566290e+03   3.11912829516193e+32
