# Free-atom, free-ion and frozen-core density fits -- Te (Z = 52)
#
#   rho(r) = sum_i c_i r^n_i exp(-alpha_i r)      r in bohr, rho in e/bohr^3
#
# All-electron B86BPBE densities (scalar-relativistic, spin-restricted),
# fitted with rhofit.py (monotone decay imposed).  Two kinds of block:
#
#   STATE <N> <q> <nterm> <symbol>
#     the atom or ion with N electrons (charge q), in order of increasing N;
#   CORE <N_core> <nterm> <symbol>
#     the frozen core of the neutral atom with N_core electrons, for a
#     pseudopotential with Z - N_core valence electrons, in order of
#     increasing N_core, each preceded by a '# orbitals:' comment.
#
# Each block header is followed by nterm lines:   n   alpha   c
#
# Generated 2026-09-23 by combine_fits.py from
#   /home/alberto/doc/manuals/critic2/atomic_density_fits/15_rhofit/rho_b86bpbe_mono/fit_052_Te.dat
#     recipe: --npow 0,1,2,3,4,5,6,7,8,9,10 --amin 0.2 --ratio 1.1 --mom 3 --cusp none --targetz 1e-3 --besteffort --monotone --stats
#   /home/alberto/doc/manuals/critic2/atomic_density_fits/15_rhofit/core_b86bpbe_mono/core_052_Te.dat
#     recipe: --npow 0,1,2,3,4,5,6,7,8,9,10 --amin 0.2 --ratio 1.1 --mom 3 --cusp none --besteffort --monotone --stats --target 1e-3*N_core
#
STATE 46 +6 25 Te
   0.00000   3.83223345169708e+00   2.31041995262228e+00
   0.00000   4.21522156984263e+00   7.35673116981755e+00
   0.00000   1.32203152834838e+01   8.70168759692691e+02
   0.00000   3.42709636498392e+01   6.06734033068118e+03
   0.00000   1.30042293899784e+02   1.12139627929216e+05
   0.00000   1.43038541139876e+02   1.83788650440811e+04
   0.00000   7.94484043040264e+02   5.07686033335539e+04
   0.00000   4.41283090288478e+03   5.51816861718025e+04
   5.00000   7.46502231363450e+00   4.88860384151570e+02
   5.00000   3.37108051632396e+02   0.00000000000000e+00
   6.00000   3.70798164704508e+02   6.62122107940554e+15
   7.00000   9.93428148305098e+00   0.00000000000000e+00
   8.00000   1.09270998534029e+01   2.55676013445901e+04
   8.00000   1.07484965383825e+02   2.72934841767507e+14
   9.00000   3.76959564225196e+01   1.12692065874655e+11
   9.00000   1.18226864367839e+02   5.39478804626020e+15
  10.00000   1.59947962899127e+01   2.26360746019601e+06
  10.00000   1.75932941393802e+01   1.30602416201670e+07
  10.00000   4.14632382423587e+01   0.00000000000000e+00
  10.00000   5.01649192916892e+01   6.02746952576137e+12
  10.00000   1.18226864367839e+02   1.25280539966178e+17
  10.00000   1.73057319593345e+02   1.14639757108555e+19
  10.00000   4.93449742922448e+02   7.54281422652000e+22
  10.00000   7.94484043040264e+02   0.00000000000000e+00
  10.00000   2.74078541119091e+03   4.14120182448430e+31
STATE 47 +5 27 Te
   0.00000   3.16748857272411e+00   5.17108190436417e+00
   0.00000   3.48404300579967e+00   6.20683124906631e+00
   0.00000   1.45415353332357e+01   1.06385115665154e+03
   0.00000   3.42709636498392e+01   5.79553350153840e+03
   0.00000   1.30042293899784e+02   1.06929600915055e+05
   0.00000   1.43038541139876e+02   2.41169467096917e+04
   0.00000   7.94484043040264e+02   4.97846714741957e+04
   0.00000   3.64737473184508e+03   0.00000000000000e+00
   0.00000   4.01188832485241e+03   4.87257111592653e+04
   5.00000   3.37108051632396e+02   7.10210037101761e+13
   9.00000   1.09270998534029e+01   4.72521178015484e+03
   9.00000   3.76959564225196e+01   1.18304591507326e+11
   9.00000   1.18226864367839e+02   1.27562245783479e+16
   9.00000   4.48615708623194e+02   1.46020909313405e+21
  10.00000   6.78676263014171e+00   2.56653745691805e+00
  10.00000   7.46502231363450e+00   8.28901797790553e+00
  10.00000   1.20191391204235e+01   5.16591749306415e+04
  10.00000   1.59947962899127e+01   3.41605291464370e+06
  10.00000   1.75932941393802e+01   1.11413320229501e+07
  10.00000   4.14632382423587e+01   0.00000000000000e+00
  10.00000   5.01649192916892e+01   6.27953635985465e+12
  10.00000   1.18226864367839e+02   1.19042394631733e+17
  10.00000   1.73057319593345e+02   1.13230739092705e+19
  10.00000   4.93449742922448e+02   0.00000000000000e+00
  10.00000   7.94484043040264e+02   0.00000000000000e+00
  10.00000   2.74078541119091e+03   3.99383511297916e+31
  10.00000   3.01469571965815e+03   0.00000000000000e+00
STATE 48 +4 27 Te
   0.00000   2.87969575623394e+00   5.20981870162933e+00
   0.00000   3.16748857272411e+00   4.71196340848820e+00
   0.00000   1.45415353332357e+01   1.06538184598382e+03
   0.00000   3.42709636498392e+01   5.79934563472414e+03
   0.00000   1.30042293899784e+02   1.06915095287972e+05
   0.00000   1.43038541139876e+02   2.42655765957896e+04
   0.00000   7.94484043040264e+02   4.87043192808132e+04
   0.00000   8.73883680973571e+02   0.00000000000000e+00
   0.00000   4.41283090288478e+03   6.93508303816270e+04
   0.00000   4.85384312839050e+03   0.00000000000000e+00
   5.00000   3.37108051632396e+02   6.80205931540098e+13
   8.00000   3.76959564225196e+01   0.00000000000000e+00
   9.00000   1.09270998534029e+01   1.25780217678634e+03
   9.00000   3.76959564225196e+01   1.18593552570036e+11
   9.00000   1.18226864367839e+02   1.28190646104018e+16
  10.00000   6.17012850902822e+00   3.52578833817504e-01
  10.00000   6.78676263014171e+00   7.12288077442307e+00
  10.00000   1.20191391204235e+01   5.00543152297587e+04
  10.00000   1.59947962899127e+01   3.20300433550378e+06
  10.00000   1.75932941393802e+01   1.15755738099568e+07
  10.00000   4.14632382423587e+01   0.00000000000000e+00
  10.00000   5.01649192916892e+01   6.33467479607858e+12
  10.00000   1.18226864367839e+02   1.18947089801591e+17
  10.00000   1.73057319593345e+02   1.13111614099950e+19
  10.00000   4.93449742922448e+02   1.86130813807928e+23
  10.00000   7.94484043040264e+02   0.00000000000000e+00
  10.00000   3.01469571965815e+03   1.21206467150563e+32
STATE 49 +3 27 Te
   0.00000   2.38017947386628e+00   2.36783192703132e+00
   0.00000   2.61805132302021e+00   3.56647263169219e+00
   0.00000   1.32203152834838e+01   6.12080808369418e+02
   0.00000   1.45415353332357e+01   3.27695605528330e+02
   0.00000   3.42709636498392e+01   5.95006459093007e+03
   0.00000   1.30042293899784e+02   1.14372764108561e+05
   0.00000   1.43038541139876e+02   1.59591831876236e+04
   0.00000   7.22298525980475e+02   4.56020096703228e+04
   0.00000   7.94484043040264e+02   0.00000000000000e+00
   0.00000   4.41283090288478e+03   8.53047262572617e+04
   5.00000   3.37108051632396e+02   0.00000000000000e+00
   6.00000   3.70798164704508e+02   6.73026213653417e+15
   8.00000   1.07484965383825e+02   0.00000000000000e+00
   9.00000   1.20191391204235e+01   7.17371121371146e+04
   9.00000   3.76959564225196e+01   1.15516740676858e+11
   9.00000   1.18226864367839e+02   1.14547776729981e+16
  10.00000   5.60952075277280e+00   2.23794245818560e-01
  10.00000   6.17012850902822e+00   1.47784361275628e+00
  10.00000   1.59947962899127e+01   1.56748074903861e+06
  10.00000   1.75932941393802e+01   1.54865601921570e+07
  10.00000   4.14632382423587e+01   0.00000000000000e+00
  10.00000   5.01649192916892e+01   6.16514792421657e+12
  10.00000   1.18226864367839e+02   1.38639093286782e+17
  10.00000   1.73057319593345e+02   1.21617157722281e+19
  10.00000   4.93449742922448e+02   5.40542114262937e+22
  10.00000   7.94484043040264e+02   0.00000000000000e+00
  10.00000   2.74078541119091e+03   2.27478755567773e+31
STATE 50 +2 28 Te
   0.00000   1.96731002417539e+00   0.00000000000000e+00
   0.00000   2.16392027077562e+00   3.65198708802889e+00
   0.00000   3.48404300579967e+00   8.77165625558352e-01
   0.00000   1.32203152834838e+01   8.82997855248069e+02
   0.00000   3.42709636498392e+01   6.05346025764826e+03
   0.00000   1.30042293899784e+02   1.12954330934962e+05
   0.00000   1.43038541139876e+02   1.75633295597479e+04
   0.00000   7.94484043040264e+02   5.09113397414573e+04
   0.00000   4.01188832485241e+03   1.19931111156932e+04
   0.00000   4.41283090288478e+03   4.08040451811586e+04
   5.00000   3.37108051632396e+02   0.00000000000000e+00
   6.00000   3.70798164704508e+02   6.45549430861945e+15
   8.00000   1.20191391204235e+01   3.98185136439205e+04
   8.00000   1.07484965383825e+02   0.00000000000000e+00
   9.00000   4.21522156984263e+00   3.50103828312793e-03
   9.00000   1.20191391204235e+01   4.77902793444380e+04
   9.00000   3.76959564225196e+01   1.14282188841317e+11
   9.00000   1.18226864367839e+02   1.11389686909275e+16
  10.00000   5.09984889775734e+00   4.92725856035682e-03
  10.00000   5.60952075277280e+00   7.11549667052130e-01
  10.00000   1.59947962899127e+01   7.53414823496164e+05
  10.00000   1.75932941393802e+01   1.66768924501984e+07
  10.00000   4.14632382423587e+01   0.00000000000000e+00
  10.00000   5.01649192916892e+01   6.08215257627046e+12
  10.00000   1.18226864367839e+02   1.43944097689802e+17
  10.00000   1.73057319593345e+02   1.23212344030828e+19
  10.00000   4.93449742922448e+02   7.24932441249096e+22
  10.00000   2.74078541119091e+03   4.29724390518999e+31
STATE 51 +1 27 Te
   0.00000   1.78856346210654e+00   0.00000000000000e+00
   0.00000   1.96731002417539e+00   2.46614880264320e+00
   0.00000   3.48404300579967e+00   2.94594931212590e+00
   0.00000   1.32203152834838e+01   8.77363675767932e+02
   0.00000   3.42709636498392e+01   6.13331516422027e+03
   0.00000   1.30042293899784e+02   1.03344905921153e+05
   0.00000   1.43038541139876e+02   2.81304765218233e+04
   0.00000   8.73883680973571e+02   5.20099537134366e+04
   0.00000   4.01188832485241e+03   4.99092922051376e+04
   0.00000   4.41283090288478e+03   0.00000000000000e+00
   4.00000   3.06478966976420e+02   0.00000000000000e+00
   5.00000   3.37108051632396e+02   6.39352031087897e+13
   9.00000   1.20191391204235e+01   7.57786312211879e+04
   9.00000   3.76959564225196e+01   1.13810313850047e+11
   9.00000   1.18226864367839e+02   1.14207489009410e+16
  10.00000   3.83223345169708e+00   1.95674001139493e-03
  10.00000   5.09984889775734e+00   3.02387636618820e-02
  10.00000   5.60952075277280e+00   1.01819362674341e+00
  10.00000   1.59947962899127e+01   1.48009732522037e+06
  10.00000   1.75932941393802e+01   1.65266918361613e+07
  10.00000   4.14632382423587e+01   0.00000000000000e+00
  10.00000   5.01649192916892e+01   6.11593677465762e+12
  10.00000   1.18226864367839e+02   1.40434110528516e+17
  10.00000   1.73057319593345e+02   1.19644494204095e+19
  10.00000   4.93449742922448e+02   2.19438205162241e+23
  10.00000   7.94484043040264e+02   0.00000000000000e+00
  10.00000   3.31598024603324e+03   5.54454396438368e+32
STATE 52 +0 28 Te
   0.00000   1.47831660028580e+00   1.84252644036074e-01
   0.00000   1.62605751949208e+00   1.31238345223224e+00
   0.00000   3.48404300579967e+00   0.00000000000000e+00
   0.00000   3.83223345169708e+00   4.86213743670866e+00
   0.00000   1.32203152834838e+01   8.75434177832576e+02
   0.00000   3.42709636498392e+01   6.09910701396566e+03
   0.00000   1.30042293899784e+02   1.08381112915065e+05
   0.00000   1.43038541139876e+02   2.24444277876748e+04
   0.00000   7.94484043040264e+02   4.90599047460184e+04
   0.00000   8.73883680973571e+02   0.00000000000000e+00
   0.00000   4.41283090288478e+03   6.92983752605876e+04
   0.00000   4.85384312839050e+03   0.00000000000000e+00
   5.00000   3.37108051632396e+02   6.17843194139674e+13
   9.00000   1.20191391204235e+01   8.13187211200748e+04
   9.00000   3.76959564225196e+01   1.13711865124522e+11
   9.00000   1.18226864367839e+02   1.11744113009677e+16
  10.00000   3.48404300579967e+00   1.33899178096928e-04
  10.00000   5.09984889775734e+00   6.44903145566377e-02
  10.00000   5.60952075277280e+00   4.93388833305071e-01
  10.00000   1.59947962899127e+01   1.35615781401474e+06
  10.00000   1.75932941393802e+01   1.70121892779032e+07
  10.00000   4.14632382423587e+01   0.00000000000000e+00
  10.00000   5.01649192916892e+01   6.11104171655564e+12
  10.00000   1.18226864367839e+02   1.43414516662260e+17
  10.00000   1.73057319593345e+02   1.21918504963264e+19
  10.00000   4.93449742922448e+02   1.76854278885941e+23
  10.00000   7.94484043040264e+02   0.00000000000000e+00
  10.00000   3.01469571965815e+03   1.31817165131151e+32
STATE 53 -1 27 Te
   0.00000   1.47831660028580e+00   3.91908920317230e-01
   0.00000   1.62605751949208e+00   1.20718076151688e+00
   0.00000   3.83223345169708e+00   2.25653843358032e+00
   0.00000   1.32203152834838e+01   8.68901768792824e+02
   0.00000   3.42709636498392e+01   6.05535046974430e+03
   0.00000   1.30042293899784e+02   1.16137307210843e+05
   0.00000   1.43038541139876e+02   1.38691399290002e+04
   0.00000   7.22298525980475e+02   4.63792355387875e+04
   0.00000   7.94484043040264e+02   0.00000000000000e+00
   0.00000   3.64737473184508e+03   5.41955284344932e+04
   6.00000   3.70798164704508e+02   6.49968131938209e+15
   8.00000   3.48404300579967e+00   6.11970941501206e-03
   8.00000   1.20191391204235e+01   5.04090997141097e+04
   8.00000   1.07484965383825e+02   4.89504189736735e+14
   9.00000   1.20191391204235e+01   5.22724974792310e+04
   9.00000   3.76959564225196e+01   9.59549216178161e+10
  10.00000   5.09984889775734e+00   1.42087849421754e-02
  10.00000   5.60952075277280e+00   7.98411252952881e-01
  10.00000   1.75932941393802e+01   1.93321549772771e+07
  10.00000   3.76959564225196e+01   5.12472248476505e+10
  10.00000   5.01649192916892e+01   6.90960033599414e+12
  10.00000   1.18226864367839e+02   1.21658824558040e+17
  10.00000   1.73057319593345e+02   1.13174526846607e+19
  10.00000   4.93449742922448e+02   4.37208461977482e+22
  10.00000   7.94484043040264e+02   0.00000000000000e+00
  10.00000   2.49176214409087e+03   8.85230223388056e+30
  10.00000   2.74078541119091e+03   0.00000000000000e+00
STATE 54 -2 28 Te
   0.00000   1.47831660028580e+00   5.47805766432951e-01
   0.00000   1.62605751949208e+00   1.11723833638221e+00
   0.00000   3.83223345169708e+00   3.48560106083449e+00
   0.00000   1.32203152834838e+01   8.73558432524646e+02
   0.00000   3.42709636498392e+01   6.09772004350359e+03
   0.00000   1.30042293899784e+02   1.10405935880387e+05
   0.00000   1.43038541139876e+02   2.01669375099572e+04
   0.00000   7.22298525980475e+02   4.48157635747232e+04
   0.00000   7.94484043040264e+02   0.00000000000000e+00
   0.00000   4.01188832485241e+03   7.25712137687666e+04
   0.00000   4.41283090288478e+03   0.00000000000000e+00
   5.00000   3.37108051632396e+02   0.00000000000000e+00
   6.00000   3.70798164704508e+02   7.55190570413845e+15
   8.00000   1.20191391204235e+01   8.35450028171241e+04
   8.00000   1.07484965383825e+02   5.69110663977863e+14
   9.00000   3.48404300579967e+00   2.14308566385641e-03
   9.00000   1.20191391204235e+01   1.83833516425111e+04
   9.00000   3.76959564225196e+01   1.14463452123478e+11
  10.00000   5.09984889775734e+00   1.33451524627583e-01
  10.00000   5.60952075277280e+00   7.93913131687717e-01
  10.00000   1.75932941393802e+01   1.76079310488746e+07
  10.00000   4.14632382423587e+01   0.00000000000000e+00
  10.00000   5.01649192916892e+01   6.20098097038816e+12
  10.00000   1.18226864367839e+02   9.74950972147874e+16
  10.00000   1.73057319593345e+02   1.04407687740546e+19
  10.00000   4.93449742922448e+02   4.39784431644182e+22
  10.00000   7.94484043040264e+02   0.00000000000000e+00
  10.00000   2.74078541119091e+03   1.88495456542424e+31
# orbitals: 1s2
CORE 2 6 Te
   0.00000   9.77190577229308e+01   2.25142539654363e+04
   0.00000   1.07484965383825e+02   5.92007712491096e+04
   0.00000   1.57333615378943e+02   2.79119048477048e+04
   0.00000   1.73057319593345e+02   0.00000000000000e+00
   0.00000   3.37108051632396e+02   0.00000000000000e+00
   0.00000   3.70798164704508e+02   3.10211699345619e+04
# orbitals: 1s2 2s2
CORE 4 16 Te
   0.00000   2.83262716390718e+01   1.72081537490608e+02
   0.00000   3.11571601029057e+01   2.11141883651595e+02
   0.00000   1.18226864367839e+02   1.21910344804112e+05
   0.00000   1.30042293899784e+02   3.18118346205711e+03
   0.00000   5.42764428685545e+02   4.56681952203408e+04
   0.00000   2.74078541119091e+03   2.86778558275974e+04
   0.00000   3.01469571965815e+03   2.40545828308526e+04
   4.00000   5.51783320387490e+01   2.37595053155287e+08
   7.00000   8.88404644143330e+01   0.00000000000000e+00
   8.00000   9.77190577229308e+01   2.80288019954820e+13
   8.00000   3.70798164704508e+02   3.01223228542037e+18
   9.00000   1.87241120937066e+03   0.00000000000000e+00
  10.00000   1.30042293899784e+02   4.04056364494854e+16
  10.00000   1.43038541139876e+02   1.51532832034176e+17
  10.00000   4.07855221144823e+02   2.32022124134307e+22
  10.00000   1.87241120937066e+03   4.99245374455772e+29
# orbitals: 1s2 2s2 2p6
CORE 10 16 Te
   0.00000   3.11571601029057e+01   1.37714115087797e+03
   0.00000   3.42709636498392e+01   4.21268189140720e+03
   0.00000   1.30042293899784e+02   1.28253576859455e+05
   0.00000   7.94484043040264e+02   5.04157091516291e+04
   0.00000   4.41283090288478e+03   0.00000000000000e+00
   0.00000   4.85384312839050e+03   6.01478058891696e+04
   3.00000   5.01649192916892e+01   3.47617946235273e+07
   4.00000   5.51783320387490e+01   0.00000000000000e+00
   4.00000   6.06927783313079e+01   3.41305805520152e+08
   5.00000   3.37108051632396e+02   8.24207535883617e+13
   6.00000   3.70798164704508e+02   0.00000000000000e+00
   9.00000   1.18226864367839e+02   2.58147510774951e+15
  10.00000   1.43038541139876e+02   3.72988713213748e+17
  10.00000   4.48615708623194e+02   1.50921946365110e+23
  10.00000   2.74078541119091e+03   3.91744691591240e+31
  10.00000   3.01469571965815e+03   0.00000000000000e+00
# orbitals: 1s2 2s2 2p6 3s2
CORE 12 18 Te
   0.00000   2.83262716390718e+01   4.97808692266034e+03
   0.00000   3.11571601029057e+01   6.95521524843947e+02
   0.00000   1.30042293899784e+02   9.82162545841781e+04
   0.00000   1.43038541139876e+02   3.53844846669788e+04
   0.00000   8.73883680973571e+02   4.96708198762793e+04
   0.00000   9.61218409056477e+02   0.00000000000000e+00
   0.00000   4.41283090288478e+03   5.77555099883310e+04
   4.00000   3.06478966976420e+02   0.00000000000000e+00
   5.00000   3.37108051632396e+02   1.33498616164630e+14
   7.00000   2.57525930579165e+01   1.26586641645309e+07
   7.00000   8.88404644143330e+01   9.69310704621449e+12
   8.00000   2.83262716390718e+01   4.10409365723602e+07
  10.00000   3.76959564225196e+01   0.00000000000000e+00
  10.00000   4.14632382423587e+01   2.04835190899551e+11
  10.00000   1.07484965383825e+02   2.51909898878325e+16
  10.00000   1.57333615378943e+02   3.50556272449416e+18
  10.00000   4.48615708623194e+02   9.10099855736719e+22
  10.00000   3.31598024603324e+03   3.53445792664751e+32
# orbitals: 1s2 2s2 2p6 3s2 3p6
CORE 18 20 Te
   0.00000   1.20191391204235e+01   1.08264408900506e+02
   0.00000   3.11571601029057e+01   4.72266833394063e+03
   0.00000   3.42709636498392e+01   2.11744822533372e+03
   0.00000   1.30042293899784e+02   1.15824872833205e+05
   0.00000   1.43038541139876e+02   1.35744228165500e+04
   0.00000   7.22298525980475e+02   4.51646429874865e+04
   0.00000   7.94484043040264e+02   0.00000000000000e+00
   0.00000   3.31598024603324e+03   5.12990643301294e+04
   0.00000   3.64737473184508e+03   0.00000000000000e+00
   6.00000   3.70798164704508e+02   6.01065140503385e+15
   7.00000   9.77190577229308e+01   3.44658165579139e+13
   8.00000   2.83262716390718e+01   4.74442597866514e+08
   8.00000   3.11571601029057e+01   6.13464416223437e+08
   9.00000   1.07484965383825e+02   0.00000000000000e+00
  10.00000   4.14632382423587e+01   1.80882358854028e+11
  10.00000   4.56070170039655e+01   1.49137636317596e+12
  10.00000   1.07484965383825e+02   2.37052079388501e+16
  10.00000   1.73057319593345e+02   8.12789035417555e+18
  10.00000   4.93449742922448e+02   7.89157926872039e+22
  10.00000   2.74078541119091e+03   2.76231118607704e+31
# orbitals: 1s2 2s2 2p6 3s2 3p6 3d10
CORE 28 18 Te
   0.00000   1.20191391204235e+01   2.73100370327853e+02
   0.00000   1.32203152834838e+01   5.50249679493870e+02
   0.00000   3.42709636498392e+01   5.99842337090036e+03
   0.00000   1.30042293899784e+02   1.12552065337900e+05
   0.00000   1.43038541139876e+02   1.75337183806571e+04
   0.00000   7.94484043040264e+02   4.96360318378908e+04
   0.00000   8.73883680973571e+02   0.00000000000000e+00
   0.00000   5.33892950659452e+03   9.60782123776464e+04
   5.00000   3.37108051632396e+02   5.56354392292290e+13
   7.00000   2.57525930579165e+01   6.19127350179418e+07
   7.00000   2.83262716390718e+01   3.11411389943980e+08
   8.00000   1.07484965383825e+02   5.10748243764934e+14
  10.00000   4.14632382423587e+01   0.00000000000000e+00
  10.00000   4.56070170039655e+01   2.49776262579083e+12
  10.00000   1.18226864367839e+02   1.11580439917024e+17
  10.00000   1.73057319593345e+02   1.01130208869753e+19
  10.00000   4.93449742922448e+02   2.04076664401128e+23
  10.00000   3.01469571965815e+03   1.35056192509653e+32
# orbitals: 1s2 2s2 2p6 3s2 3p6 3d10 4s2
CORE 30 24 Te
   0.00000   9.93428148305098e+00   2.93709536557080e+02
   0.00000   1.09270998534029e+01   2.22401910850112e+02
   0.00000   3.42709636498392e+01   6.45893785068277e+03
   0.00000   1.30042293899784e+02   1.17254251640198e+05
   0.00000   1.43038541139876e+02   1.25228033550657e+04
   0.00000   7.22298525980475e+02   4.65921054782720e+04
   0.00000   7.94484043040264e+02   0.00000000000000e+00
   0.00000   3.64737473184508e+03   5.36262260847160e+04
   0.00000   4.01188832485241e+03   0.00000000000000e+00
   6.00000   3.70798164704508e+02   6.19949304247623e+15
   7.00000   9.77190577229308e+01   2.29197821734429e+13
   8.00000   3.42709636498392e+01   5.44904753420890e+09
   9.00000   1.09270998534029e+01   7.46651402375697e+02
   9.00000   3.42709636498392e+01   1.14096021638345e+10
   9.00000   1.07484965383825e+02   4.43767355864016e+15
  10.00000   1.09270998534029e+01   0.00000000000000e+00
  10.00000   1.59947962899127e+01   7.77102015539320e+05
  10.00000   1.75932941393802e+01   8.90501415456155e+05
  10.00000   4.56070170039655e+01   1.01564632998710e+12
  10.00000   5.01649192916892e+01   2.88117490382586e+12
  10.00000   1.73057319593345e+02   9.61403746555413e+18
  10.00000   4.93449742922448e+02   5.44722352537689e+22
  10.00000   2.49176214409087e+03   9.26789476896743e+30
  10.00000   2.74078541119091e+03   0.00000000000000e+00
# orbitals: 1s2 2s2 2p6 3s2 3p6 3d10 4s2 4p6
CORE 36 25 Te
   0.00000   5.09984889775734e+00   1.29715172148057e+01
   0.00000   1.09270998534029e+01   6.42777109766541e+01
   0.00000   1.20191391204235e+01   5.47925609565760e+02
   0.00000   3.42709636498392e+01   6.43760896495686e+03
   0.00000   1.30042293899784e+02   1.18851827926471e+05
   0.00000   1.43038541139876e+02   1.06328994308460e+04
   0.00000   7.22298525980475e+02   4.70590622117196e+04
   0.00000   7.94484043040264e+02   0.00000000000000e+00
   0.00000   3.31598024603324e+03   0.00000000000000e+00
   0.00000   3.64737473184508e+03   5.20892536319705e+04
   6.00000   3.70798164704508e+02   1.39338144521431e+15
   7.00000   9.77190577229308e+01   1.99964534321428e+13
   7.00000   4.07855221144823e+02   4.88067856965102e+17
   9.00000   1.20191391204235e+01   3.49497463135287e+04
   9.00000   3.76959564225196e+01   8.52673700144646e+10
  10.00000   1.20191391204235e+01   0.00000000000000e+00
  10.00000   1.59947962899127e+01   8.19133435415710e+05
  10.00000   1.75932941393802e+01   9.77647046465467e+06
  10.00000   3.76959564225196e+01   7.11344755403163e+10
  10.00000   5.01649192916892e+01   6.06171304005807e+12
  10.00000   1.18226864367839e+02   1.35819534689133e+17
  10.00000   1.73057319593345e+02   1.10011440827696e+19
  10.00000   4.93449742922448e+02   0.00000000000000e+00
  10.00000   2.49176214409087e+03   9.52726788019634e+30
  10.00000   2.74078541119091e+03   0.00000000000000e+00
# orbitals: 1s2 2s2 2p6 3s2 3p6 3d10 4s2 4p6 4d10
CORE 46 26 Te
   0.00000   3.48404300579967e+00   2.08809643189309e+00
   0.00000   3.83223345169708e+00   6.28958812568665e+00
   0.00000   1.32203152834838e+01   8.75292401475894e+02
   0.00000   1.45415353332357e+01   0.00000000000000e+00
   0.00000   3.42709636498392e+01   6.03816619958138e+03
   0.00000   1.30042293899784e+02   1.15238463844872e+05
   0.00000   1.43038541139876e+02   1.48618363910528e+04
   0.00000   7.22298525980475e+02   4.55902129172636e+04
   0.00000   7.94484043040264e+02   0.00000000000000e+00
   0.00000   4.01188832485241e+03   7.17108368139749e+04
   0.00000   4.41283090288478e+03   0.00000000000000e+00
   4.00000   6.17012850902822e+00   9.11650651137439e+01
   6.00000   3.70798164704508e+02   6.43651990188614e+15
   7.00000   9.93428148305098e+00   0.00000000000000e+00
   8.00000   1.09270998534029e+01   2.86243269136048e+04
   8.00000   1.07484965383825e+02   0.00000000000000e+00
   9.00000   3.76959564225196e+01   1.13472079743318e+11
   9.00000   1.18226864367839e+02   1.08864759551046e+16
  10.00000   1.59947962899127e+01   2.11288881913636e+06
  10.00000   1.75932941393802e+01   1.27965463666780e+07
  10.00000   5.01649192916892e+01   5.89176573371321e+12
  10.00000   1.18226864367839e+02   1.46137530111313e+17
  10.00000   1.73057319593345e+02   1.23789677849521e+19
  10.00000   4.93449742922448e+02   5.53595617960677e+22
  10.00000   7.94484043040264e+02   0.00000000000000e+00
  10.00000   2.74078541119091e+03   2.52587519046193e+31
# orbitals: 1s2 2s2 2p6 3s2 3p6 3d10 4s2 4p6 4d10 5s2
CORE 48 24 Te
   0.00000   1.96731002417539e+00   5.64901811474422e-02
   0.00000   2.16392027077562e+00   1.32293495582692e+00
   0.00000   2.87969575623394e+00   4.28949144608379e+00
   0.00000   1.32203152834838e+01   8.78764495622098e+02
   0.00000   3.42709636498392e+01   6.06043207443098e+03
   0.00000   1.30042293899784e+02   1.11561801148344e+05
   0.00000   1.43038541139876e+02   1.89167080497404e+04
   0.00000   7.94484043040264e+02   5.08235230108367e+04
   0.00000   4.01188832485241e+03   4.07788986330794e+04
   0.00000   4.41283090288478e+03   7.71504673516632e+03
   5.00000   3.37108051632396e+02   5.97706457110910e+13
   8.00000   1.09270998534029e+01   2.81478026455907e+04
   9.00000   3.76959564225196e+01   1.13721350873542e+11
   9.00000   1.18226864367839e+02   1.10029464923222e+16
  10.00000   5.09984889775734e+00   0.00000000000000e+00
  10.00000   5.60952075277280e+00   2.28825459339462e-01
  10.00000   1.59947962899127e+01   1.81340936873927e+06
  10.00000   1.75932941393802e+01   1.43393096318794e+07
  10.00000   4.14632382423587e+01   0.00000000000000e+00
  10.00000   5.01649192916892e+01   6.01557992686403e+12
  10.00000   1.18226864367839e+02   1.45384243249033e+17
  10.00000   1.73057319593345e+02   1.23013282251242e+19
  10.00000   4.93449742922448e+02   1.55400157533377e+23
  10.00000   2.74078541119091e+03   4.70265123114561e+31
