# Free-atom, free-ion and frozen-core density fits -- As (Z = 33)
#
#   rho(r) = sum_i c_i r^n_i exp(-alpha_i r)      r in bohr, rho in e/bohr^3
#
# All-electron B86BPBE densities (scalar-relativistic, spin-restricted),
# fitted with rhofit.py (monotone decay imposed).  Two kinds of block:
#
#   STATE <N> <q> <nterm> <symbol>
#     the atom or ion with N electrons (charge q), in order of increasing N;
#   CORE <N_core> <nterm> <symbol>
#     the frozen core of the neutral atom with N_core electrons, for a
#     pseudopotential with Z - N_core valence electrons, in order of
#     increasing N_core, each preceded by a '# orbitals:' comment.
#
# Each block header is followed by nterm lines:   n   alpha   c
#
# Generated 2026-09-23 by combine_fits.py from
#   /home/alberto/doc/manuals/critic2/atomic_density_fits/15_rhofit/rho_b86bpbe_mono/fit_033_As.dat
#     recipe: --npow 0,1,2,3,4,5,6,7,8,9,10 --amin 0.2 --ratio 1.1 --mom 3 --cusp none --targetz 1e-3 --besteffort --monotone --stats
#   /home/alberto/doc/manuals/critic2/atomic_density_fits/15_rhofit/core_b86bpbe_mono/core_033_As.dat
#     recipe: --npow 0,1,2,3,4,5,6,7,8,9,10 --amin 0.2 --ratio 1.1 --mom 3 --cusp none --besteffort --monotone --stats --target 1e-3*N_core
#
STATE 28 +5 20 As
   0.00000   4.98495884364662e+00   3.99362924889165e+01
   0.00000   5.47947533715510e+00   2.11468294994168e+01
   0.00000   2.05978821436060e+01   1.31970777669280e+03
   0.00000   7.74294476562353e+01   2.73762987512685e+04
   0.00000   8.51105820748396e+01   0.00000000000000e+00
   0.00000   6.81846080969338e+02   3.87198990391326e+03
   3.00000   7.99923718727643e+00   2.45260743852742e+02
   3.00000   1.65015734512735e+02   2.96600437989931e+08
   4.00000   8.79277527829522e+00   0.00000000000000e+00
   4.00000   9.66503371316122e+00   0.00000000000000e+00
   4.00000   1.81385579272631e+02   1.75448595855353e+10
   4.00000   1.59728695108981e+03   0.00000000000000e+00
   6.00000   1.28361732935587e+01   5.30018786184967e+04
   6.00000   5.30391509676361e+01   1.44728141573602e+10
   8.00000   1.70477775569371e+01   9.35848947660293e+05
  10.00000   2.48872762085776e+01   6.33877760945028e+08
  10.00000   6.40842583134090e+01   3.31609664359169e+13
  10.00000   1.02834386059776e+02   7.19564824897938e+15
  10.00000   2.91064844557854e+02   2.01933801941741e+20
  10.00000   2.81739241113014e+03   7.73590459690220e+30
STATE 29 +4 21 As
   0.00000   2.33906548967811e+00   1.71260450005399e-01
   0.00000   4.53507190813499e+00   2.45154871665292e+01
   0.00000   4.98495884364662e+00   3.15969724688007e+01
   0.00000   2.05978821436060e+01   1.32606941906613e+03
   0.00000   7.74294476562353e+01   2.73962254337549e+04
   0.00000   8.51105820748396e+01   0.00000000000000e+00
   0.00000   6.81846080969338e+02   3.86813552593553e+03
   3.00000   1.65015734512735e+02   3.14923183937050e+08
   4.00000   1.81385579272631e+02   1.62944614428632e+10
   6.00000   5.30391509676361e+01   1.43090410546159e+10
   7.00000   1.55092347839814e+01   2.18207574591148e+05
   9.00000   1.70477775569371e+01   2.59614231347778e+06
   9.00000   6.40842583134090e+01   0.00000000000000e+00
   9.00000   2.56312591109825e+03   1.11754401444500e+28
  10.00000   6.62054551254918e+00   7.75813757934682e-01
  10.00000   7.27731501750745e+00   1.23839451793257e+01
  10.00000   2.48872762085776e+01   6.58562600749426e+08
  10.00000   2.73561368250154e+01   2.47168621387700e+08
  10.00000   6.40842583134090e+01   3.55882148645505e+13
  10.00000   1.02834386059776e+02   7.66880718876829e+15
  10.00000   2.91064844557854e+02   2.10623688049757e+20
STATE 30 +3 20 As
   0.00000   2.57110481042728e+00   1.15921405225805e+00
   0.00000   4.53507190813499e+00   1.66333199788317e+01
   0.00000   4.98495884364662e+00   3.81827412968453e+01
   0.00000   2.05978821436060e+01   1.32525648633103e+03
   0.00000   7.74294476562353e+01   2.74181450051861e+04
   0.00000   6.81846080969338e+02   3.87066449700116e+03
   3.00000   1.65015734512735e+02   3.15655981816275e+08
   4.00000   1.81385579272631e+02   1.62620992830830e+10
   6.00000   5.30391509676361e+01   1.43280395523150e+10
   7.00000   1.55092347839814e+01   0.00000000000000e+00
   9.00000   5.47947533715510e+00   3.37989460087422e-01
   9.00000   1.70477775569371e+01   2.42079852746452e+05
   9.00000   2.56312591109825e+03   1.10709907843962e+28
  10.00000   7.27731501750745e+00   2.32848179214516e+01
  10.00000   1.87389464199085e+01   1.53403238512950e+07
  10.00000   2.48872762085776e+01   7.04180217520261e+08
  10.00000   2.73561368250154e+01   4.26905732550658e+08
  10.00000   6.40842583134090e+01   3.60551854605350e+13
  10.00000   1.02834386059776e+02   7.78328113309176e+15
  10.00000   2.91064844557854e+02   2.10698201394852e+20
STATE 31 +2 22 As
   0.00000   2.12796745695243e+00   9.96916487095788e-01
   0.00000   4.98495884364662e+00   5.64810762158889e+01
   0.00000   2.05978821436060e+01   1.32468625401605e+03
   0.00000   7.74294476562353e+01   2.74148569880905e+04
   0.00000   8.51105820748396e+01   0.00000000000000e+00
   0.00000   6.81846080969338e+02   3.87937628925737e+03
   3.00000   1.65015734512735e+02   3.01793203323914e+08
   4.00000   1.81385579272631e+02   1.70718007107803e+10
   4.00000   1.59728695108981e+03   0.00000000000000e+00
   6.00000   5.30391509676361e+01   1.44139643909593e+10
   7.00000   4.53507190813499e+00   6.22426489179471e-01
   7.00000   1.55092347839814e+01   3.36084407750376e+05
   8.00000   4.53507190813499e+00   0.00000000000000e+00
   9.00000   1.70477775569371e+01   2.14777089274630e+06
   9.00000   6.40842583134090e+01   0.00000000000000e+00
  10.00000   7.27731501750745e+00   2.15274019002529e+01
  10.00000   2.48872762085776e+01   6.31548187457476e+08
  10.00000   2.73561368250154e+01   3.24293435617195e+08
  10.00000   6.40842583134090e+01   3.51655302463948e+13
  10.00000   1.02834386059776e+02   7.64511676861530e+15
  10.00000   2.91064844557854e+02   2.03712132343944e+20
  10.00000   2.81739241113014e+03   7.65995231056760e+30
STATE 32 +1 24 As
   0.00000   1.76120610855069e+00   1.67543933626886e-01
   0.00000   1.93592078453167e+00   1.17558424390364e+00
   0.00000   4.98495884364662e+00   1.25870052932842e+01
   0.00000   5.47947533715510e+00   4.96343259504067e+01
   0.00000   2.05978821436060e+01   1.31408520395181e+03
   0.00000   7.74294476562353e+01   2.74232394362145e+04
   0.00000   8.51105820748396e+01   0.00000000000000e+00
   0.00000   6.81846080969338e+02   3.73643664825995e+03
   3.00000   1.65015734512735e+02   2.85831579330364e+08
   4.00000   1.81385579272631e+02   1.80516282704191e+10
   6.00000   3.75343914270328e+00   1.09586501572749e-01
   6.00000   5.30391509676361e+01   1.44739144483865e+10
   6.00000   2.12136374400941e+03   0.00000000000000e+00
   7.00000   1.55092347839814e+01   0.00000000000000e+00
   7.00000   2.33180667704999e+03   6.82823241869678e+22
   9.00000   1.70477775569371e+01   4.31756699150339e+06
   9.00000   6.40842583134090e+01   0.00000000000000e+00
  10.00000   4.53507190813499e+00   7.89623942206409e-03
  10.00000   6.62054551254918e+00   5.51696487790603e+00
  10.00000   2.48872762085776e+01   7.49805179414567e+08
  10.00000   2.73561368250154e+01   4.02008165517670e+08
  10.00000   6.40842583134090e+01   3.32046132139562e+13
  10.00000   1.02834386059776e+02   7.40080980256263e+15
  10.00000   2.91064844557854e+02   2.01952207713586e+20
STATE 33 +0 21 As
   0.00000   1.45765713975654e+00   3.01182723419028e-01
   0.00000   1.60225923580167e+00   5.18876963691072e-01
   0.00000   4.98495884364662e+00   2.37488413436202e+01
   0.00000   5.47947533715510e+00   3.81073872467044e+01
   0.00000   2.05978821436060e+01   1.31655589919117e+03
   0.00000   7.74294476562353e+01   2.74186124649970e+04
   0.00000   8.51105820748396e+01   0.00000000000000e+00
   0.00000   6.81846080969338e+02   3.77494843026187e+03
   3.00000   1.65015734512735e+02   2.82194555108975e+08
   4.00000   1.81385579272631e+02   1.82312140371911e+10
   6.00000   5.30391509676361e+01   1.44929742425650e+10
   7.00000   4.12578676314808e+00   1.25664637421188e-01
   8.00000   2.56312591109825e+03   4.31109797008520e+25
   9.00000   1.70477775569371e+01   4.24927722614300e+06
   9.00000   6.40842583134090e+01   0.00000000000000e+00
  10.00000   6.62054551254918e+00   4.74521856081390e+00
  10.00000   2.48872762085776e+01   7.55907986024049e+08
  10.00000   2.73561368250154e+01   3.70246444909496e+08
  10.00000   6.40842583134090e+01   3.31152855020734e+13
  10.00000   1.02834386059776e+02   7.39045612994395e+15
  10.00000   2.91064844557854e+02   1.99374614593977e+20
STATE 34 -1 23 As
   0.00000   1.45765713975654e+00   5.10050446209976e-01
   0.00000   1.60225923580167e+00   4.09699908740335e-01
   0.00000   4.98495884364662e+00   1.03991129341008e+01
   0.00000   5.47947533715510e+00   5.27982345993775e+01
   0.00000   2.05978821436060e+01   1.31519949898958e+03
   0.00000   7.74294476562353e+01   2.74186874996245e+04
   0.00000   8.51105820748396e+01   0.00000000000000e+00
   0.00000   6.81846080969338e+02   3.73687322355590e+03
   3.00000   1.65015734512735e+02   2.81060780650611e+08
   4.00000   1.81385579272631e+02   1.82788277301136e+10
   6.00000   5.30391509676361e+01   1.44867433141431e+10
   7.00000   3.75343914270328e+00   1.00540289155823e-02
   7.00000   4.12578676314808e+00   1.69909359686501e-01
   7.00000   2.33180667704999e+03   6.81437130850811e+22
   9.00000   1.70477775569371e+01   4.42717929743989e+06
   9.00000   6.40842583134090e+01   0.00000000000000e+00
  10.00000   6.02304871759528e+00   0.00000000000000e+00
  10.00000   6.62054551254918e+00   4.81842921927188e+00
  10.00000   2.48872762085776e+01   7.49055779650578e+08
  10.00000   2.73561368250154e+01   4.44825598282554e+08
  10.00000   6.40842583134090e+01   3.29128215054903e+13
  10.00000   1.02834386059776e+02   7.38893320669035e+15
  10.00000   2.91064844557854e+02   1.98989982870761e+20
STATE 35 -2 24 As
   0.00000   1.45765713975654e+00   7.06708068439911e-01
   0.00000   1.60225923580167e+00   2.98917421477883e-01
   0.00000   4.98495884364662e+00   0.00000000000000e+00
   0.00000   5.47947533715510e+00   6.43600194760352e+01
   0.00000   2.05978821436060e+01   1.31417519748743e+03
   0.00000   7.74294476562353e+01   2.74191447053003e+04
   0.00000   8.51105820748396e+01   0.00000000000000e+00
   0.00000   6.81846080969338e+02   3.80249458055375e+03
   3.00000   1.65015734512735e+02   2.76498349881481e+08
   4.00000   1.81385579272631e+02   1.85489627263748e+10
   5.00000   1.92991304926311e+03   0.00000000000000e+00
   6.00000   5.30391509676361e+01   1.45240321338894e+10
   7.00000   3.75343914270328e+00   7.42916499994925e-02
   9.00000   1.70477775569371e+01   4.52473279369753e+06
   9.00000   6.40842583134090e+01   0.00000000000000e+00
   9.00000   2.81739241113014e+03   2.96311472995444e+28
  10.00000   6.02304871759528e+00   6.64120862655621e-01
  10.00000   6.62054551254918e+00   4.94700396794585e+00
  10.00000   1.70477775569371e+01   0.00000000000000e+00
  10.00000   2.48872762085776e+01   7.54958650375597e+08
  10.00000   2.73561368250154e+01   4.72755072958353e+08
  10.00000   6.40842583134090e+01   3.23789644942481e+13
  10.00000   1.02834386059776e+02   7.33311380683500e+15
  10.00000   2.91064844557854e+02   1.96432757887357e+20
STATE 36 -3 24 As
   0.00000   1.45765713975654e+00   9.79782570360893e-01
   0.00000   5.47947533715510e+00   6.43929694978193e+01
   0.00000   2.05978821436060e+01   1.33372537976534e+03
   0.00000   7.74294476562353e+01   2.74141035722634e+04
   0.00000   8.51105820748396e+01   0.00000000000000e+00
   0.00000   6.81846080969338e+02   3.80214805779545e+03
   3.00000   1.65015734512735e+02   1.44084365020641e+08
   4.00000   1.81385579272631e+02   2.57504816897521e+10
   6.00000   3.41469547670645e+00   0.00000000000000e+00
   6.00000   5.30391509676361e+01   7.50635846069819e+09
   6.00000   2.12136374400941e+03   0.00000000000000e+00
   7.00000   3.75343914270328e+00   1.23205852402219e-01
   7.00000   1.55092347839814e+01   7.79688822518440e+04
   7.00000   5.83007259931974e+01   8.72826665486977e+10
   9.00000   1.70477775569371e+01   4.10787200216848e+06
   9.00000   6.40842583134090e+01   0.00000000000000e+00
   9.00000   2.81739241113014e+03   2.47185616050281e+28
  10.00000   6.02304871759528e+00   1.83260811192649e-01
  10.00000   6.62054551254918e+00   8.10716882041071e+00
  10.00000   2.48872762085776e+01   7.36554752905761e+08
  10.00000   2.73561368250154e+01   4.67312398389379e+08
  10.00000   6.40842583134090e+01   3.56385581408951e+13
  10.00000   1.02834386059776e+02   9.21119793379087e+15
  10.00000   2.91064844557854e+02   1.04211253766461e+20
# orbitals: 1s2
CORE 2 6 As
   0.00000   5.83007259931974e+01   7.27909845624375e+02
   0.00000   6.40842583134090e+01   1.73712192460469e+04
   0.00000   8.51105820748396e+01   5.86833645894322e+03
   0.00000   9.35536982425403e+01   0.00000000000000e+00
   0.00000   1.65015734512735e+02   0.00000000000000e+00
   0.00000   1.81385579272631e+02   2.27288638421806e+03
# orbitals: 1s2 2s2
CORE 4 16 As
   0.00000   1.70477775569371e+01   4.48461403521518e+01
   0.00000   7.04415269898855e+01   2.29386110688269e+04
   0.00000   7.74294476562353e+01   4.71504869107708e+03
   0.00000   4.67064383382715e+02   3.55160380586892e+03
   0.00000   2.33180667704999e+03   3.20486959339751e+03
   3.00000   2.73561368250154e+01   1.33291165759598e+05
   4.00000   3.30528997310114e+01   4.30700218596830e+06
   4.00000   1.65015734512735e+02   0.00000000000000e+00
   5.00000   1.81385579272631e+02   5.40568321313664e+11
   6.00000   4.38976998315210e+01   6.38783635687472e+07
   8.00000   5.83007259931974e+01   1.36746453558300e+11
  10.00000   7.74294476562353e+01   0.00000000000000e+00
  10.00000   8.51105820748396e+01   2.90197225402506e+14
  10.00000   2.40898976412828e+02   2.98065540669790e+19
  10.00000   4.24912347484869e+02   7.59911594244073e+21
  10.00000   1.75574056464101e+03   2.68844540820428e+28
# orbitals: 1s2 2s2 2p6
CORE 10 13 As
   0.00000   1.87389464199085e+01   8.22509210165821e+02
   0.00000   2.05978821436060e+01   2.34276197197272e+02
   0.00000   7.74294476562353e+01   2.74631793191014e+04
   0.00000   5.64327936017582e+02   0.00000000000000e+00
   0.00000   6.20310238151124e+02   3.04382528052799e+03
   3.00000   3.00699126620791e+01   1.81995326765280e+06
   3.00000   1.50123249852455e+02   3.48223765067161e+08
   4.00000   3.63318042491699e+01   4.11855412036713e+06
   4.00000   1.81385579272631e+02   1.70478209670208e+10
   8.00000   6.40842583134090e+01   3.26024267374588e+11
  10.00000   8.51105820748396e+01   4.75345645359549e+14
  10.00000   2.64796569320197e+02   1.75316887933437e+20
  10.00000   4.67064383382715e+02   3.81828735099556e+22
# orbitals: 1s2 2s2 2p6 3s2
CORE 12 20 As
   0.00000   6.02304871759528e+00   1.83043649675032e+00
   0.00000   6.62054551254918e+00   0.00000000000000e+00
   0.00000   1.70477775569371e+01   1.13225784232900e+03
   0.00000   7.74294476562353e+01   2.19325862242691e+04
   0.00000   8.51105820748396e+01   6.04630460447054e+03
   0.00000   6.81846080969338e+02   3.29400505972629e+03
   1.00000   9.95396126688367e+02   0.00000000000000e+00
   3.00000   1.65015734512735e+02   7.12050787378291e+08
   4.00000   1.81385579272631e+02   2.60330460153052e+10
   6.00000   4.82524271772521e+01   4.46576504326916e+09
   7.00000   1.41095437678783e+01   3.79868796261033e+04
   9.00000   5.83007259931974e+01   2.12677683042149e+12
  10.00000   1.55092347839814e+01   5.81886962037452e+04
  10.00000   2.26412274892429e+01   4.86876018898149e+07
  10.00000   2.48872762085776e+01   7.71539858304289e+07
  10.00000   6.40842583134090e+01   0.00000000000000e+00
  10.00000   9.35536982425403e+01   3.45052092290915e+15
  10.00000   2.64796569320197e+02   1.36180578008186e+20
  10.00000   2.91064844557854e+02   0.00000000000000e+00
  10.00000   5.13397973760797e+02   5.78849304496884e+21
# orbitals: 1s2 2s2 2p6 3s2 3p6
CORE 18 21 As
   0.00000   5.47947533715510e+00   0.00000000000000e+00
   0.00000   6.02304871759528e+00   2.20412904731614e+01
   0.00000   1.87389464199085e+01   4.77246310533230e+02
   0.00000   2.05978821436060e+01   1.04151374021029e+03
   0.00000   7.74294476562353e+01   1.45914783541620e+04
   0.00000   8.51105820748396e+01   1.31640105972427e+04
   0.00000   6.81846080969338e+02   2.68178720627139e+03
   3.00000   1.65015734512735e+02   1.13188029668056e+09
   4.00000   9.66503371316122e+00   8.36593663832378e+02
   4.00000   1.81385579272631e+02   0.00000000000000e+00
   6.00000   1.28361732935587e+01   3.25640128150172e+04
   6.00000   5.30391509676361e+01   6.42678284034060e+09
   8.00000   1.70477775569371e+01   1.04206194978364e+06
  10.00000   2.48872762085776e+01   4.83369562150622e+08
  10.00000   6.40842583134090e+01   7.00446537282904e+13
  10.00000   9.35536982425403e+01   4.97250204259662e+15
  10.00000   1.02834386059776e+02   4.60834830962464e+14
  10.00000   2.91064844557854e+02   5.28857305224473e+20
  10.00000   5.13397973760797e+02   8.71556037271513e+22
  10.00000   2.56312591109825e+03   0.00000000000000e+00
  10.00000   2.81739241113014e+03   0.00000000000000e+00
# orbitals: 1s2 2s2 2p6 3s2 3p6 3d10
CORE 28 20 As
   0.00000   4.53507190813499e+00   1.27524808026698e+01
   0.00000   4.98495884364662e+00   4.58916453569212e+01
   0.00000   2.05978821436060e+01   1.32190714520352e+03
   0.00000   7.74294476562353e+01   2.73335147355855e+04
   0.00000   8.51105820748396e+01   0.00000000000000e+00
   0.00000   9.05562744487686e+02   3.39321861423865e+03
   1.00000   1.20268181792329e+03   5.18485144873005e+06
   1.00000   1.32198992337813e+03   0.00000000000000e+00
   3.00000   1.65015734512735e+02   5.75309080240215e+08
   6.00000   5.30391509676361e+01   1.43472700265559e+10
   7.00000   1.41095437678783e+01   0.00000000000000e+00
   8.00000   1.55092347839814e+01   9.56472360106562e+05
   9.00000   6.40842583134090e+01   0.00000000000000e+00
  10.00000   6.02304871759528e+00   2.87289921510511e-03
  10.00000   6.62054551254918e+00   1.42665383188127e-01
  10.00000   2.26412274892429e+01   0.00000000000000e+00
  10.00000   2.48872762085776e+01   7.55882481236586e+08
  10.00000   6.40842583134090e+01   3.38821190104298e+13
  10.00000   1.02834386059776e+02   7.37490324922091e+15
  10.00000   2.91064844557854e+02   3.10966005249784e+20
# orbitals: 1s2 2s2 2p6 3s2 3p6 3d10 4s2
CORE 30 21 As
   0.00000   2.12796745695243e+00   8.54556085010202e-01
   0.00000   4.98495884364662e+00   5.77352975376327e+01
   0.00000   2.05978821436060e+01   1.32054829423301e+03
   0.00000   7.74294476562353e+01   2.73993176868459e+04
   0.00000   6.81846080969338e+02   3.97123608359033e+03
   3.00000   1.65015734512735e+02   3.41168481578899e+08
   4.00000   1.81385579272631e+02   1.51210990891058e+10
   6.00000   5.30391509676361e+01   1.44486086334677e+10
   7.00000   4.12578676314808e+00   0.00000000000000e+00
   7.00000   1.55092347839814e+01   0.00000000000000e+00
   8.00000   4.53507190813499e+00   1.03648139562740e-01
   8.00000   2.33180667704999e+03   0.00000000000000e+00
   9.00000   1.70477775569371e+01   3.81823869916692e+06
  10.00000   6.62054551254918e+00   1.10114103733906e+00
  10.00000   7.27731501750745e+00   1.10659029639660e+01
  10.00000   2.48872762085776e+01   7.56922802305630e+08
  10.00000   2.73561368250154e+01   2.15914339790578e+08
  10.00000   6.40842583134090e+01   3.42147699291671e+13
  10.00000   1.02834386059776e+02   7.46799677947284e+15
  10.00000   2.91064844557854e+02   2.15531671043885e+20
  10.00000   2.56312591109825e+03   2.64928366334506e+30
