# Free-atom, free-ion and frozen-core density fits -- Nb (Z = 41)
#
#   rho(r) = sum_i c_i r^n_i exp(-alpha_i r)      r in bohr, rho in e/bohr^3
#
# All-electron B86BPBE densities (scalar-relativistic, spin-restricted),
# fitted with rhofit.py (monotone decay imposed).  Two kinds of block:
#
#   STATE <N> <q> <nterm> <symbol>
#     the atom or ion with N electrons (charge q), in order of increasing N;
#   CORE <N_core> <nterm> <symbol>
#     the frozen core of the neutral atom with N_core electrons, for a
#     pseudopotential with Z - N_core valence electrons, in order of
#     increasing N_core, each preceded by a '# orbitals:' comment.
#
# Each block header is followed by nterm lines:   n   alpha   c
#
# Generated 2026-09-23 by combine_fits.py from
#   /home/alberto/doc/manuals/critic2/atomic_density_fits/15_rhofit/rho_b86bpbe_mono/fit_041_Nb.dat
#     recipe: --npow 0,1,2,3,4,5,6,7,8,9,10 --amin 0.2 --ratio 1.1 --mom 3 --cusp none --targetz 1e-3 --besteffort --monotone --stats
#   /home/alberto/doc/manuals/critic2/atomic_density_fits/15_rhofit/core_b86bpbe_mono/core_041_Nb.dat
#     recipe: --npow 0,1,2,3,4,5,6,7,8,9,10 --amin 0.2 --ratio 1.1 --mom 3 --cusp none --besteffort --monotone --stats --target 1e-3*N_core
#
STATE 36 +5 24 Nb
   0.00000   3.78253251800382e+00   3.27232787741183e+00
   0.00000   7.34651993384127e+00   1.60109330354189e+02
   0.00000   8.07731893570054e+00   2.17074436862431e+01
   0.00000   2.77127512420512e+01   3.45261699553402e+03
   0.00000   1.04538827678951e+02   5.74196022554120e+04
   0.00000   8.42093216308534e+02   1.23725683523047e+04
   0.00000   9.25860889641309e+02   0.00000000000000e+00
   3.00000   2.03037667950865e+02   3.94885344180959e+09
   4.00000   2.45441364601606e+02   4.19813607710234e+10
   7.00000   7.86540183319527e+01   0.00000000000000e+00
   8.00000   2.52054278210392e+01   3.64987196466076e+08
   8.00000   3.17656795820809e+03   0.00000000000000e+00
   9.00000   8.07731893570054e+00   2.15004385372369e+02
   9.00000   8.64781688966891e+01   2.27944691233535e+14
  10.00000   8.07731893570054e+00   5.58525278722849e+01
  10.00000   1.07355411743038e+01   8.08722752269062e+03
  10.00000   1.18034648776699e+01   4.49650574317071e+04
  10.00000   3.35004610246012e+01   2.01961707937619e+09
  10.00000   3.68329373125684e+01   5.60362615638263e+10
  10.00000   8.64781688966891e+01   3.40204970299305e+15
  10.00000   1.26371390975506e+02   2.76723967748428e+17
  10.00000   1.38942252719589e+02   0.00000000000000e+00
  10.00000   3.58665858023490e+02   6.21049431733031e+21
  10.00000   3.49255875576968e+03   2.60708275196656e+32
STATE 37 +4 21 Nb
   0.00000   2.84594144221673e+00   2.34559730616192e+00
   0.00000   3.12904299016754e+00   2.64449153856896e+00
   0.00000   8.07731893570054e+00   1.71880132067350e+02
   0.00000   2.52054278210392e+01   3.06167862924711e+03
   0.00000   1.04538827678951e+02   5.83646608321063e+04
   0.00000   8.42093216308534e+02   1.12633914552669e+04
   3.00000   2.03037667950865e+02   1.87139001376372e+09
   4.00000   2.23234948624511e+02   1.25699616527573e+11
   8.00000   2.52054278210392e+01   2.63622677952473e+08
   8.00000   7.86540183319527e+01   1.92410293461857e+13
   9.00000   7.34651993384127e+00   0.00000000000000e+00
   9.00000   2.52054278210392e+01   2.86007617728645e+08
  10.00000   8.07731893570054e+00   1.56251734240715e+02
  10.00000   1.07355411743038e+01   1.14294111622090e+04
  10.00000   1.18034648776699e+01   2.65668575465844e+04
  10.00000   3.68329373125684e+01   9.56296010507691e+10
  10.00000   8.64781688966891e+01   1.68488128567804e+15
  10.00000   1.26371390975506e+02   1.97312950929829e+17
  10.00000   3.58665858023490e+02   9.72974959422077e+21
  10.00000   6.33582915968368e+02   3.37814978998977e+24
  10.00000   3.17656795820809e+03   0.00000000000000e+00
STATE 38 +3 23 Nb
   0.00000   2.58845363198189e+00   4.48834233415295e+00
   0.00000   8.07731893570054e+00   1.06416012796490e+02
   0.00000   8.88081455935190e+00   8.06802007462849e+01
   0.00000   2.52054278210392e+01   2.93046124421757e+03
   0.00000   9.50806310258940e+01   1.27702503625622e+04
   0.00000   1.04538827678951e+02   4.50367244212623e+04
   0.00000   8.42093216308534e+02   1.24965440490376e+04
   0.00000   4.22196726163562e+03   1.12451194674147e+04
   3.00000   2.03037667950865e+02   6.01574283168400e+08
   4.00000   2.23234948624511e+02   1.87709777353967e+11
   8.00000   2.52054278210392e+01   2.54661006691614e+08
   8.00000   7.86540183319527e+01   1.66204292588209e+13
   9.00000   7.34651993384127e+00   6.71341561468230e+01
   9.00000   2.52054278210392e+01   3.18943749203918e+08
  10.00000   7.34651993384127e+00   0.00000000000000e+00
  10.00000   1.07355411743038e+01   1.34796866405048e+04
  10.00000   1.18034648776699e+01   1.28149157893046e+04
  10.00000   3.68329373125684e+01   9.78194086106569e+10
  10.00000   8.64781688966891e+01   2.09300469532384e+15
  10.00000   1.26371390975506e+02   2.25782528950630e+17
  10.00000   3.58665858023490e+02   3.01627869125941e+21
  10.00000   6.33582915968368e+02   8.84475289297340e+23
  10.00000   3.17656795820809e+03   4.64489947690294e+31
STATE 39 +2 26 Nb
   0.00000   2.35426214521880e+00   4.41268510203593e+00
   0.00000   2.58845363198189e+00   0.00000000000000e+00
   0.00000   8.88081455935190e+00   2.06297666258343e+02
   0.00000   2.52054278210392e+01   2.89216135370699e+03
   0.00000   9.50806310258940e+01   1.32364803634607e+04
   0.00000   1.04538827678951e+02   4.45366222783238e+04
   0.00000   8.42093216308534e+02   1.28937529705742e+04
   0.00000   4.22196726163562e+03   8.30390570396081e+03
   3.00000   2.03037667950865e+02   7.40275356478818e+08
   4.00000   2.23234948624511e+02   1.77979470773647e+11
   8.00000   2.52054278210392e+01   2.12711753802360e+08
   8.00000   7.86540183319527e+01   1.66560460960194e+13
   9.00000   7.34651993384127e+00   3.12444585445395e+01
   9.00000   2.52054278210392e+01   4.32164134316319e+08
  10.00000   3.44030621610063e+00   0.00000000000000e+00
  10.00000   3.78253251800382e+00   3.32257484023587e-04
  10.00000   8.07731893570054e+00   4.83860758287542e+01
  10.00000   1.07355411743038e+01   1.22883623505283e+04
  10.00000   1.18034648776699e+01   9.38701155741991e+03
  10.00000   3.68329373125684e+01   1.07169373895637e+11
  10.00000   8.64781688966891e+01   2.04588086046852e+15
  10.00000   1.26371390975506e+02   2.23858459426091e+17
  10.00000   3.58665858023490e+02   3.11516729982453e+21
  10.00000   6.33582915968368e+02   8.23147319516269e+23
  10.00000   2.88916656776203e+03   1.58946369167445e+31
  10.00000   3.17656795820809e+03   0.00000000000000e+00
STATE 40 +1 27 Nb
   0.00000   9.12008987283450e-01   0.00000000000000e+00
   0.00000   2.14125923676156e+00   3.64142417596888e+00
   0.00000   2.35426214521880e+00   0.00000000000000e+00
   0.00000   8.88081455935190e+00   2.13772758772253e+02
   0.00000   2.52054278210392e+01   2.89090807457133e+03
   0.00000   9.50806310258940e+01   1.17383287855998e+04
   0.00000   1.04538827678951e+02   4.61031687476649e+04
   0.00000   8.42093216308534e+02   1.27598839647372e+04
   0.00000   4.64194971434402e+03   1.03383317313369e+04
   3.00000   2.03037667950865e+02   9.37598022087465e+08
   4.00000   2.23234948624511e+02   1.70884835992715e+11
   8.00000   2.52054278210392e+01   8.59137250913188e+07
   8.00000   7.86540183319527e+01   1.83251341431567e+13
   9.00000   2.52054278210392e+01   6.16178961748632e+08
  10.00000   1.94752786062003e+00   2.79125349076285e-09
  10.00000   3.44030621610063e+00   4.25404798788408e-04
  10.00000   8.07731893570054e+00   9.50307710583374e+01
  10.00000   1.07355411743038e+01   1.16175367968202e+04
  10.00000   1.18034648776699e+01   1.09489573450518e+04
  10.00000   3.35004610246012e+01   9.90811362414582e+09
  10.00000   3.68329373125684e+01   1.03508757384541e+11
  10.00000   8.64781688966891e+01   1.74549321616927e+15
  10.00000   1.26371390975506e+02   2.13048808789911e+17
  10.00000   3.58665858023490e+02   3.77765955529447e+21
  10.00000   6.33582915968368e+02   1.00023921704103e+24
  10.00000   2.88916656776203e+03   1.41319313897164e+31
  10.00000   3.17656795820809e+03   0.00000000000000e+00
STATE 41 +0 29 Nb
   0.00000   1.10247882881490e+00   0.00000000000000e+00
   0.00000   1.21214850029534e+00   1.73182149482968e-01
   0.00000   2.35426214521880e+00   3.83346354723416e+00
   0.00000   8.88081455935190e+00   2.02040545179862e+02
   0.00000   2.52054278210392e+01   2.88728067206119e+03
   0.00000   9.50806310258940e+01   1.24562412403316e+04
   0.00000   1.04538827678951e+02   4.54114657539224e+04
   0.00000   8.42093216308534e+02   1.26924123011586e+04
   0.00000   4.64194971434402e+03   1.09214458557957e+04
   3.00000   2.03037667950865e+02   7.06521190484955e+08
   4.00000   2.23234948624511e+02   1.76481538732752e+11
   7.00000   7.15377612487815e+01   1.21513159233929e+12
   8.00000   7.34651993384127e+00   9.79556423088829e+01
   8.00000   2.52054278210392e+01   1.68141528575155e+08
   8.00000   7.86540183319527e+01   0.00000000000000e+00
   9.00000   2.52054278210392e+01   5.24043227181825e+08
  10.00000   2.35426214521880e+00   1.41585449533147e-06
  10.00000   3.44030621610063e+00   5.15528858564769e-04
  10.00000   3.78253251800382e+00   1.55947056833503e-03
  10.00000   8.07731893570054e+00   0.00000000000000e+00
  10.00000   1.07355411743038e+01   8.57163758904603e+03
  10.00000   1.18034648776699e+01   1.71039057723357e+04
  10.00000   3.68329373125684e+01   1.17907415829198e+11
  10.00000   8.64781688966891e+01   1.27609743662458e+15
  10.00000   1.26371390975506e+02   1.77346406104907e+17
  10.00000   3.58665858023490e+02   4.21033695289913e+21
  10.00000   6.33582915968368e+02   1.27543784978084e+24
  10.00000   2.88916656776203e+03   9.91150362717170e+30
  10.00000   3.17656795820809e+03   9.57696248940783e+30
STATE 42 -1 28 Nb
   0.00000   1.10247882881490e+00   5.30633014269510e-02
   0.00000   1.21214850029534e+00   1.58260519344114e-01
   0.00000   2.35426214521880e+00   3.79157216760457e+00
   0.00000   8.88081455935190e+00   2.06952464767241e+02
   0.00000   2.52054278210392e+01   2.88192186111942e+03
   0.00000   9.50806310258940e+01   1.42336556446061e+04
   0.00000   1.04538827678951e+02   4.35112212281626e+04
   0.00000   8.42093216308534e+02   1.30165996566086e+04
   0.00000   4.64194971434402e+03   9.86776235158313e+03
   3.00000   2.03037667950865e+02   6.35244516688801e+08
   4.00000   2.23234948624511e+02   1.81890440739942e+11
   8.00000   2.52054278210392e+01   1.92053156393060e+08
   8.00000   7.86540183319527e+01   1.60491836934654e+13
   9.00000   2.35426214521880e+00   1.77276058031853e-05
   9.00000   8.07731893570054e+00   1.60461632676148e+02
   9.00000   2.52054278210392e+01   4.75878987935371e+08
  10.00000   2.35426214521880e+00   0.00000000000000e+00
  10.00000   3.44030621610063e+00   4.49025057780297e-04
  10.00000   3.78253251800382e+00   3.59184202110173e-03
  10.00000   1.07355411743038e+01   8.29386970639546e+03
  10.00000   1.18034648776699e+01   1.90372479310390e+04
  10.00000   3.68329373125684e+01   1.11486404771206e+11
  10.00000   8.64781688966891e+01   2.14766357631292e+15
  10.00000   1.26371390975506e+02   2.28370858923221e+17
  10.00000   3.58665858023490e+02   2.69238962419885e+21
  10.00000   6.33582915968368e+02   6.88617526635126e+23
  10.00000   2.88916656776203e+03   1.70762920172606e+31
  10.00000   3.17656795820809e+03   0.00000000000000e+00
STATE 43 -2 28 Nb
   0.00000   1.00273156934891e+00   1.05381163596237e-01
   0.00000   1.10247882881490e+00   1.18346673989854e-01
   0.00000   2.35426214521880e+00   3.70706535759564e+00
   0.00000   8.88081455935190e+00   2.02555484016988e+02
   0.00000   2.52054278210392e+01   2.88473058075947e+03
   0.00000   9.50806310258940e+01   1.25905351994925e+04
   0.00000   1.04538827678951e+02   4.52749148080745e+04
   0.00000   8.42093216308534e+02   1.27255511524446e+04
   0.00000   4.64194971434402e+03   1.07343140035343e+04
   3.00000   2.03037667950865e+02   7.07954215714145e+08
   4.00000   2.23234948624511e+02   1.76333884098454e+11
   7.00000   7.15377612487815e+01   1.21462043385760e+12
   8.00000   7.34651993384127e+00   0.00000000000000e+00
   8.00000   2.52054278210392e+01   1.70142590556811e+08
   8.00000   7.86540183319527e+01   0.00000000000000e+00
   9.00000   8.07731893570054e+00   1.67961681808697e+02
   9.00000   2.52054278210392e+01   5.19895568884801e+08
  10.00000   2.35426214521880e+00   1.16514415771102e-06
  10.00000   3.44030621610063e+00   1.01472689226935e-03
  10.00000   1.07355411743038e+01   8.55773263311160e+03
  10.00000   1.18034648776699e+01   1.78900861743544e+04
  10.00000   3.68329373125684e+01   1.17859384226709e+11
  10.00000   8.64781688966891e+01   1.27838794194758e+15
  10.00000   1.26371390975506e+02   1.77639657054731e+17
  10.00000   3.58665858023490e+02   4.14948193094377e+21
  10.00000   6.33582915968368e+02   1.24453256413766e+24
  10.00000   2.88916656776203e+03   1.08248794507647e+31
  10.00000   3.17656795820809e+03   7.55015579781780e+30
# orbitals: 1s2
CORE 2 5 Nb
   0.00000   7.86540183319527e+01   2.51931403875462e+04
   0.00000   8.64781688966891e+01   1.34797433608933e+04
   0.00000   1.14937883505560e+02   9.78582672537089e+03
   0.00000   1.26371390975506e+02   0.00000000000000e+00
   0.00000   2.45441364601606e+02   7.60972067890552e+03
# orbitals: 1s2 2s2
CORE 4 16 Nb
   0.00000   2.08508101020156e+01   0.00000000000000e+00
   0.00000   2.29249555950835e+01   2.13364804104650e+02
   0.00000   8.64781688966891e+01   1.81180808966318e+04
   0.00000   9.50806310258940e+01   3.89080543825498e+04
   0.00000   5.76259221525862e+02   1.20012086655256e+04
   0.00000   2.88916656776203e+03   1.17830189347513e+04
   4.00000   4.04969134626332e+01   1.87877393725026e+07
   4.00000   2.03037667950865e+02   0.00000000000000e+00
   5.00000   4.89545501715830e+01   1.01210980730538e+08
   5.00000   2.23234948624511e+02   4.20558664767495e+12
   7.00000   6.50653506714564e+01   9.12724562200226e+10
  10.00000   9.50806310258940e+01   0.00000000000000e+00
  10.00000   1.04538827678951e+02   5.65463261633295e+15
  10.00000   2.96700922865588e+02   5.09324579922750e+20
  10.00000   5.24121913682046e+02   1.04912676910389e+23
  10.00000   2.17378140955158e+03   1.04888285030663e+30
# orbitals: 1s2 2s2 2p6
CORE 10 15 Nb
   0.00000   2.29249555950835e+01   0.00000000000000e+00
   0.00000   2.52054278210392e+01   2.60662196877758e+03
   0.00000   9.50806310258940e+01   2.01854137153903e+04
   0.00000   1.04538827678951e+02   3.66929706643598e+04
   0.00000   8.42093216308534e+02   1.28120403399217e+04
   3.00000   3.68329373125684e+01   3.46749549251728e+06
   3.00000   2.03037667950865e+02   1.10287494263523e+09
   4.00000   4.45253656009777e+01   5.67399718798636e+07
   4.00000   2.23234948624511e+02   1.90966877994596e+11
   7.00000   7.15377612487815e+01   4.39333978910185e+11
  10.00000   1.04538827678951e+02   0.00000000000000e+00
  10.00000   1.14937883505560e+02   2.55479761743522e+16
  10.00000   3.26215405945132e+02   2.23459346493371e+21
  10.00000   3.58665858023490e+02   0.00000000000000e+00
  10.00000   3.49255875576968e+03   2.43319325320685e+32
# orbitals: 1s2 2s2 2p6 3s2
CORE 12 20 Nb
   0.00000   8.88081455935190e+00   1.92913304191433e+00
   0.00000   2.08508101020156e+01   1.00290088963644e+03
   0.00000   2.29249555950835e+01   1.61049375149682e+03
   0.00000   1.04538827678951e+02   5.89223563448467e+04
   0.00000   8.42093216308534e+02   1.10291163010874e+04
   0.00000   4.22196726163562e+03   1.29731580340144e+04
   3.00000   2.03037667950865e+02   2.96296380565454e+09
   4.00000   2.23234948624511e+02   1.92282746858812e+11
   7.00000   1.89643238394562e+01   1.61423522837971e+05
   7.00000   7.15377612487815e+01   0.00000000000000e+00
   8.00000   7.15377612487815e+01   1.05770255097745e+13
   9.00000   2.08508101020156e+01   5.72427588597418e+06
  10.00000   3.04694920021454e+01   3.73146318828333e+09
  10.00000   3.35004610246012e+01   8.67574919556916e+08
  10.00000   1.14937883505560e+02   4.50015292214201e+16
  10.00000   1.26371390975506e+02   6.47948526755818e+16
  10.00000   3.26215405945132e+02   3.01469808848173e+21
  10.00000   3.58665858023490e+02   0.00000000000000e+00
  10.00000   6.33582915968368e+02   9.08820304864309e+23
  10.00000   3.17656795820809e+03   5.32014804818313e+30
# orbitals: 1s2 2s2 2p6 3s2 3p6
CORE 18 19 Nb
   0.00000   8.07731893570054e+00   1.76786117823059e+01
   0.00000   8.88081455935190e+00   3.57421131225128e+01
   0.00000   2.52054278210392e+01   3.20502174428131e+03
   0.00000   9.50806310258940e+01   9.33108016272169e+03
   0.00000   1.04538827678951e+02   4.82797685434219e+04
   0.00000   8.42093216308534e+02   1.26976283506993e+04
   3.00000   2.03037667950865e+02   1.00675000022499e+09
   4.00000   2.23234948624511e+02   1.71997240751740e+11
   7.00000   1.89643238394562e+01   3.23394192428895e+06
   7.00000   2.08508101020156e+01   3.98497829949820e+06
   7.00000   7.15377612487815e+01   1.13217142851793e+12
   9.00000   7.86540183319527e+01   1.04303234048060e+14
  10.00000   3.04694920021454e+01   2.51904584264083e+09
  10.00000   3.35004610246012e+01   2.28630992540606e+10
  10.00000   8.64781688966891e+01   0.00000000000000e+00
  10.00000   1.26371390975506e+02   1.93805459994821e+17
  10.00000   3.58665858023490e+02   3.70422650524376e+21
  10.00000   6.33582915968368e+02   9.97701331373574e+23
  10.00000   3.17656795820809e+03   3.30039797176026e+31
# orbitals: 1s2 2s2 2p6 3s2 3p6 3d10
CORE 28 17 Nb
   0.00000   8.07731893570054e+00   1.74543584140814e+02
   0.00000   8.88081455935190e+00   5.07495815328412e+01
   0.00000   2.52054278210392e+01   3.78157004385331e+02
   0.00000   2.77127512420512e+01   2.88406309256555e+03
   0.00000   1.04538827678951e+02   5.75828012141045e+04
   0.00000   7.65904460255983e+02   1.14901193059423e+04
   3.00000   2.03037667950865e+02   3.03575378541375e+09
   4.00000   2.45441364601606e+02   9.73379001397895e+10
   5.00000   1.56879509404544e+01   2.27550943867738e+05
   6.00000   1.72485182555569e+01   0.00000000000000e+00
   7.00000   2.08508101020156e+01   9.98872197843483e+06
   8.00000   7.86540183319527e+01   1.78573986039689e+13
  10.00000   3.35004610246012e+01   3.31108459951064e+10
  10.00000   8.64781688966891e+01   2.17212713044416e+15
  10.00000   1.26371390975506e+02   2.16948320220896e+17
  10.00000   3.58665858023490e+02   9.27626200709394e+21
  10.00000   6.33582915968368e+02   1.76444307187211e+24
# orbitals: 1s2 2s2 2p6 3s2 3p6 3d10 4s2
CORE 30 23 Nb
   0.00000   3.78253251800382e+00   1.14788834642934e+00
   0.00000   7.34651993384127e+00   1.92635214721346e+02
   0.00000   2.77127512420512e+01   3.35788763368028e+03
   0.00000   1.04538827678951e+02   5.78388359805661e+04
   0.00000   7.65904460255983e+02   9.94335001788638e+03
   0.00000   3.49255875576968e+03   1.66954319289583e+04
   3.00000   2.03037667950865e+02   2.05102483411032e+09
   4.00000   2.23234948624511e+02   1.26992268439298e+11
   4.00000   2.45441364601606e+02   0.00000000000000e+00
   8.00000   2.29249555950835e+01   9.04887669517705e+07
   8.00000   7.86540183319527e+01   1.60876830495607e+13
   9.00000   7.34651993384127e+00   0.00000000000000e+00
   9.00000   2.52054278210392e+01   0.00000000000000e+00
  10.00000   8.07731893570054e+00   2.36209583887517e+01
  10.00000   1.07355411743038e+01   2.85824598420019e+03
  10.00000   1.18034648776699e+01   7.99389318382433e+03
  10.00000   3.35004610246012e+01   2.78580916435713e+10
  10.00000   3.68329373125684e+01   2.56543243280569e+10
  10.00000   8.64781688966891e+01   2.63291629313431e+15
  10.00000   1.26371390975506e+02   2.40452046409819e+17
  10.00000   3.58665858023490e+02   6.57173519440986e+21
  10.00000   6.33582915968368e+02   2.01751733616027e+24
  10.00000   2.88916656776203e+03   0.00000000000000e+00
# orbitals: 1s2 2s2 2p6 3s2 3p6 3d10 4s2 4p6
CORE 36 22 Nb
   0.00000   3.12904299016754e+00   4.57151129601171e+00
   0.00000   3.44030621610063e+00   1.62810172682339e+00
   0.00000   8.07731893570054e+00   1.69543278104364e+02
   0.00000   2.52054278210392e+01   2.95175961049907e+03
   0.00000   9.50806310258940e+01   1.32968537471765e+04
   0.00000   1.04538827678951e+02   4.44758756335429e+04
   0.00000   8.42093216308534e+02   1.29637517942307e+04
   3.00000   2.03037667950865e+02   4.99113745142565e+08
   4.00000   2.23234948624511e+02   1.91997063845983e+11
   8.00000   2.52054278210392e+01   2.55131041759670e+08
   8.00000   7.86540183319527e+01   1.57682761195386e+13
   9.00000   7.34651993384127e+00   7.11320959992069e+01
   9.00000   2.52054278210392e+01   2.96854841759912e+08
  10.00000   7.34651993384127e+00   0.00000000000000e+00
  10.00000   1.07355411743038e+01   1.16638731410093e+04
  10.00000   1.18034648776699e+01   1.56786989160672e+04
  10.00000   3.68329373125684e+01   9.32881057436448e+10
  10.00000   8.64781688966891e+01   2.26603115047932e+15
  10.00000   1.26371390975506e+02   2.31857352440256e+17
  10.00000   3.58665858023490e+02   2.71085617077642e+21
  10.00000   6.33582915968368e+02   8.19236064230868e+23
  10.00000   3.17656795820809e+03   3.98925703854035e+31
