# Free-atom, free-ion and frozen-core density fits -- Mn (Z = 25)
#
#   rho(r) = sum_i c_i r^n_i exp(-alpha_i r)      r in bohr, rho in e/bohr^3
#
# All-electron B86BPBE densities (scalar-relativistic, spin-restricted),
# fitted with rhofit.py (monotone decay imposed).  Two kinds of block:
#
#   STATE <N> <q> <nterm> <symbol>
#     the atom or ion with N electrons (charge q), in order of increasing N;
#   CORE <N_core> <nterm> <symbol>
#     the frozen core of the neutral atom with N_core electrons, for a
#     pseudopotential with Z - N_core valence electrons, in order of
#     increasing N_core, each preceded by a '# orbitals:' comment.
#
# Each block header is followed by nterm lines:   n   alpha   c
#
# Generated 2026-09-23 by combine_fits.py from
#   /home/alberto/doc/manuals/critic2/atomic_density_fits/15_rhofit/rho_b86bpbe_mono/fit_025_Mn.dat
#     recipe: --npow 0,1,2,3,4,5,6,7,8,9,10 --amin 0.2 --ratio 1.1 --mom 3 --cusp none --targetz 1e-3 --besteffort --monotone --stats
#   /home/alberto/doc/manuals/critic2/atomic_density_fits/15_rhofit/core_b86bpbe_mono/core_025_Mn.dat
#     recipe: --npow 0,1,2,3,4,5,6,7,8,9,10 --amin 0.2 --ratio 1.1 --mom 3 --cusp none --besteffort --monotone --stats --target 1e-3*N_core
#
STATE 18 +7 17 Mn
   0.00000   4.54364107575107e+00   1.63848797688880e+00
   0.00000   4.99466379673106e+00   4.25475039509757e+00
   0.00000   1.28685226360931e+01   3.60540935168529e+02
   0.00000   1.41459114081285e+01   1.49012407104251e+02
   0.00000   5.85011737826341e+01   1.11808977091311e+04
   0.00000   6.43082694884948e+01   0.00000000000000e+00
   0.00000   6.85208749422907e+02   1.23064110675626e+03
   2.00000   1.03223371126262e+02   2.03209157199378e+06
   3.00000   1.24733332211879e+02   9.64133660384715e+07
   6.00000   9.68772855496852e+00   0.00000000000000e+00
   7.00000   1.06493770699219e+01   1.49910802198156e+04
   7.00000   4.00641199709153e+01   2.27931245658518e+09
  10.00000   1.70936741152508e+01   3.29732786351044e+06
  10.00000   1.87904708653618e+01   8.51018461221511e+06
  10.00000   4.84127880303006e+01   1.38763956199001e+12
  10.00000   7.06918042357725e+01   1.23420014794924e+14
  10.00000   2.20087806965408e+02   1.20417670308216e+19
STATE 19 +6 19 Mn
   0.00000   4.54364107575107e+00   1.01889029225207e+01
   0.00000   1.28685226360931e+01   0.00000000000000e+00
   0.00000   1.41459114081285e+01   5.32176737392757e+02
   0.00000   5.85011737826341e+01   1.11489800511154e+04
   0.00000   6.43082694884948e+01   0.00000000000000e+00
   0.00000   6.85208749422907e+02   1.68070262767727e+02
   1.00000   9.10184905818348e+02   7.63114223705438e+05
   2.00000   1.03223371126262e+02   1.82510929260374e+06
   3.00000   1.24733332211879e+02   1.02338018919808e+08
   6.00000   9.68772855496852e+00   5.67907090085360e+03
   6.00000   3.64462931985153e+01   3.07276726597748e+08
   7.00000   9.68772855496852e+00   6.00764636648924e+02
   8.00000   1.06493770699219e+01   0.00000000000000e+00
   9.00000   4.40410688763619e+01   9.93921186604513e+10
  10.00000   1.70936741152508e+01   3.63215321230529e+06
  10.00000   1.87904708653618e+01   4.22294176569696e+06
  10.00000   4.84127880303006e+01   2.31303679441318e+11
  10.00000   7.06918042357725e+01   1.08619069321244e+14
  10.00000   2.20087806965408e+02   1.12520795229489e+19
STATE 20 +5 19 Mn
   0.00000   4.13334612006599e+00   1.01750353708072e+01
   0.00000   1.41459114081285e+01   5.27610237672129e+02
   0.00000   5.85011737826341e+01   1.12075553719495e+04
   0.00000   6.85208749422907e+02   7.07676607142571e+02
   1.00000   1.00053404783310e+03   0.00000000000000e+00
   2.00000   1.03223371126262e+02   4.49625107544994e+05
   3.00000   1.24733332211879e+02   1.77524067035864e+08
   5.00000   8.01710322547417e+00   5.60246940306949e+02
   6.00000   8.81291778275257e+00   0.00000000000000e+00
   6.00000   9.68772855496852e+00   0.00000000000000e+00
   6.00000   3.64462931985153e+01   3.08390960854080e+08
   7.00000   1.06493770699219e+01   9.74998475900576e+03
   9.00000   4.40410688763619e+01   1.18013839356565e+11
  10.00000   1.70936741152508e+01   3.52452251333422e+06
  10.00000   1.87904708653618e+01   4.02338966578160e+06
  10.00000   7.06918042357725e+01   1.06485953869034e+14
  10.00000   2.00213676174658e+02   1.51380875926449e+18
  10.00000   2.20087806965408e+02   6.41820396617088e+18
  10.00000   3.88337599227782e+02   4.18232667389885e+20
STATE 21 +4 21 Mn
   0.00000   3.42056059097435e+00   0.00000000000000e+00
   0.00000   3.76010117512209e+00   8.66657927431580e+00
   0.00000   1.41459114081285e+01   5.20205306345279e+02
   0.00000   5.85011737826341e+01   1.12283397439960e+04
   0.00000   8.27994374178206e+02   8.50678500839822e+02
   2.00000   1.03223371126262e+02   0.00000000000000e+00
   2.00000   1.46096847379197e+03   0.00000000000000e+00
   3.00000   5.49045710840004e+00   1.41365030770257e+01
   3.00000   1.24733332211879e+02   2.13465655644884e+08
   4.00000   6.63457318846371e+00   6.07769751169033e+01
   6.00000   8.81291778275257e+00   0.00000000000000e+00
   6.00000   3.64462931985153e+01   5.16170766835568e+08
   7.00000   1.06493770699219e+01   1.42484157474661e+04
   8.00000   3.11500529322151e+03   1.88742044153248e+25
   9.00000   4.40410688763619e+01   0.00000000000000e+00
  10.00000   1.70936741152508e+01   2.35814189315446e+06
  10.00000   1.87904708653618e+01   6.12091904456955e+06
  10.00000   4.40410688763619e+01   1.86842274242554e+11
  10.00000   7.06918042357725e+01   7.63930416810735e+13
  10.00000   2.00213676174658e+02   3.12664437229362e+18
  10.00000   2.20087806965408e+02   2.19668800711453e+18
STATE 22 +3 22 Mn
   0.00000   3.11168083293582e+00   2.56036128202955e+00
   0.00000   3.42056059097435e+00   5.98529819671631e+00
   0.00000   1.41459114081285e+01   5.17985244526523e+02
   0.00000   1.55500996676471e+01   0.00000000000000e+00
   0.00000   5.85011737826341e+01   1.12278440103163e+04
   0.00000   6.43082694884948e+01   0.00000000000000e+00
   0.00000   9.10184905818348e+02   9.13978184234781e+02
   1.00000   1.20902799836879e+03   0.00000000000000e+00
   2.00000   1.03223371126262e+02   0.00000000000000e+00
   3.00000   1.24733332211879e+02   2.14556260295087e+08
   4.00000   6.03546514560402e+00   2.41547120380130e+01
   6.00000   8.81291778275257e+00   4.20546107443495e+02
   6.00000   3.64462931985153e+01   5.14510588998359e+08
   7.00000   1.06493770699219e+01   8.24123756056367e+03
   9.00000   1.17064832415453e+01   1.10784693827313e+04
   9.00000   3.42421505248569e+03   4.34482826849167e+28
  10.00000   1.70936741152508e+01   3.05770289866667e+06
  10.00000   1.87904708653618e+01   4.94248007602618e+06
  10.00000   4.40410688763619e+01   1.83874980531641e+11
  10.00000   7.06918042357725e+01   7.51541502750540e+13
  10.00000   2.00213676174658e+02   3.27014456542943e+18
  10.00000   2.20087806965408e+02   1.96607908288395e+18
STATE 23 +2 21 Mn
   0.00000   2.83069320029265e+00   2.34065831027898e+00
   0.00000   3.11168083293582e+00   6.62055076401476e+00
   0.00000   1.41459114081285e+01   5.23646781504663e+02
   0.00000   5.85011737826341e+01   1.12108893209850e+04
   0.00000   6.85208749422907e+02   6.61571966915374e+02
   1.00000   9.10184905818348e+02   0.00000000000000e+00
   2.00000   1.03223371126262e+02   1.72751537779789e+05
   3.00000   1.24733332211879e+02   2.00647395056488e+08
   6.00000   3.64462931985153e+01   2.67971622601242e+08
   7.00000   4.00641199709153e+01   0.00000000000000e+00
   8.00000   1.06493770699219e+01   7.01833362347294e+03
   9.00000   1.17064832415453e+01   1.52612701080814e+04
   9.00000   4.40410688763619e+01   1.31418932371029e+11
  10.00000   4.54364107575107e+00   3.17872979456737e-03
  10.00000   4.99466379673106e+00   0.00000000000000e+00
  10.00000   1.70936741152508e+01   4.49376697762108e+06
  10.00000   1.87904708653618e+01   1.95072921787146e+06
  10.00000   4.84127880303006e+01   0.00000000000000e+00
  10.00000   7.06918042357725e+01   1.10819270968669e+14
  10.00000   2.00213676174658e+02   2.29132030451758e+18
  10.00000   2.20087806965408e+02   3.80944207976123e+18
STATE 24 +1 22 Mn
   0.00000   1.45940926884284e+00   0.00000000000000e+00
   0.00000   1.60427694841590e+00   3.22738794943763e-01
   0.00000   3.11168083293582e+00   6.31899233632675e+00
   0.00000   3.42056059097435e+00   2.45569795184440e+00
   0.00000   1.41459114081285e+01   5.23188444121802e+02
   0.00000   5.85011737826341e+01   1.12162392552697e+04
   0.00000   6.85208749422907e+02   6.68179302712737e+02
   1.00000   9.10184905818348e+02   0.00000000000000e+00
   2.00000   1.03223371126262e+02   1.98010811234862e+05
   3.00000   1.24733332211879e+02   1.99306515281897e+08
   6.00000   3.64462931985153e+01   2.72675560920927e+08
   7.00000   1.06493770699219e+01   0.00000000000000e+00
   8.00000   3.11168083293582e+00   3.96639711445539e-04
   9.00000   1.17064832415453e+01   3.45036911073838e+04
   9.00000   4.40410688763619e+01   1.30204375454835e+11
  10.00000   4.54364107575107e+00   1.91757686181913e-02
  10.00000   1.70936741152508e+01   4.52759180505005e+06
  10.00000   1.87904708653618e+01   2.65862610162886e+06
  10.00000   7.06918042357725e+01   1.10600244830211e+14
  10.00000   2.00213676174658e+02   2.23929746381668e+18
  10.00000   2.20087806965408e+02   3.96361904458740e+18
  10.00000   3.88337599227782e+02   0.00000000000000e+00
STATE 25 +0 23 Mn
   0.00000   1.32762327357971e+00   3.00625240633751e-01
   0.00000   3.11168083293582e+00   3.11140658495650e+00
   0.00000   3.42056059097435e+00   5.39869269920555e+00
   0.00000   1.41459114081285e+01   5.15671143487302e+02
   0.00000   5.85011737826341e+01   1.12376106330057e+04
   0.00000   7.53225722914354e+02   0.00000000000000e+00
   0.00000   8.27994374178206e+02   7.73957831606287e+02
   1.00000   1.09985166143052e+03   1.20136475562854e+05
   2.00000   1.03223371126262e+02   0.00000000000000e+00
   3.00000   1.24733332211879e+02   2.15202740946750e+08
   6.00000   3.64462931985153e+01   5.21384647843038e+08
   7.00000   2.83069320029265e+00   1.96583607965761e-03
   8.00000   2.83069320029265e+00   0.00000000000000e+00
   9.00000   1.17064832415453e+01   3.73371743328435e+04
   9.00000   4.40410688763619e+01   0.00000000000000e+00
  10.00000   4.13334612006599e+00   0.00000000000000e+00
  10.00000   4.54364107575107e+00   1.60628174310507e-02
  10.00000   1.70936741152508e+01   4.26400242492919e+06
  10.00000   1.87904708653618e+01   4.41536941987786e+06
  10.00000   4.40410688763619e+01   1.70459019885736e+11
  10.00000   7.06918042357725e+01   7.31884086420670e+13
  10.00000   2.00213676174658e+02   3.22440847631707e+18
  10.00000   2.20087806965408e+02   2.17919593060763e+18
STATE 26 -1 24 Mn
   0.00000   1.20773767453736e+00   1.98047543395427e-01
   0.00000   1.32762327357971e+00   1.55136318369616e-01
   0.00000   3.11168083293582e+00   1.02474291627756e+00
   0.00000   3.42056059097435e+00   8.33772740872563e+00
   0.00000   1.41459114081285e+01   5.21210538857470e+02
   0.00000   5.85011737826341e+01   1.12195718253191e+04
   0.00000   6.85208749422907e+02   6.62876468725908e+02
   1.00000   9.10184905818348e+02   0.00000000000000e+00
   2.00000   1.03223371126262e+02   1.84611472314980e+05
   3.00000   1.24733332211879e+02   2.00639555933762e+08
   6.00000   3.64462931985153e+01   2.77329347245527e+08
   7.00000   2.57507900854443e+00   3.43490678654891e-04
   7.00000   1.06493770699219e+01   1.61537304190249e+03
   7.00000   4.00641199709153e+01   0.00000000000000e+00
   8.00000   2.83069320029265e+00   0.00000000000000e+00
   8.00000   1.06493770699219e+01   1.19964157635627e+04
   9.00000   4.40410688763619e+01   1.27967618573097e+11
  10.00000   4.13334612006599e+00   2.35384376008731e-03
  10.00000   1.70936741152508e+01   4.34591011411649e+06
  10.00000   1.87904708653618e+01   2.29827692471321e+06
  10.00000   4.84127880303006e+01   0.00000000000000e+00
  10.00000   7.06918042357725e+01   1.09347503138518e+14
  10.00000   2.00213676174658e+02   2.30423094826976e+18
  10.00000   2.20087806965408e+02   3.85251444198602e+18
STATE 27 -2 23 Mn
   0.00000   9.99466237221754e-01   0.00000000000000e+00
   0.00000   1.09867785502430e+00   2.63200279690624e-01
   0.00000   3.11168083293582e+00   5.89822951144061e+00
   0.00000   3.42056059097435e+00   3.12680912638408e+00
   0.00000   1.41459114081285e+01   5.21949057656556e+02
   0.00000   5.85011737826341e+01   1.12186798564806e+04
   0.00000   6.85208749422907e+02   6.57227804612504e+02
   1.00000   9.10184905818348e+02   0.00000000000000e+00
   2.00000   1.03223371126262e+02   1.63558577485195e+05
   3.00000   1.24733332211879e+02   2.01744118598236e+08
   6.00000   3.64462931985153e+01   2.67070333879102e+08
   7.00000   1.06493770699219e+01   2.63827479841731e+03
   8.00000   1.06493770699219e+01   1.05668213595293e+04
   9.00000   4.40410688763619e+01   1.32149168667665e+11
  10.00000   1.20773767453736e+00   1.15118309379639e-12
  10.00000   4.13334612006599e+00   2.05264510248871e-03
  10.00000   4.54364107575107e+00   2.94913758333820e-03
  10.00000   1.70936741152508e+01   4.16465597574241e+06
  10.00000   1.87904708653618e+01   2.11719009563317e+06
  10.00000   4.84127880303006e+01   0.00000000000000e+00
  10.00000   7.06918042357725e+01   1.11163589801990e+14
  10.00000   2.00213676174658e+02   2.33127073113381e+18
  10.00000   2.20087806965408e+02   3.72410327663856e+18
# orbitals: 1s2
CORE 2 6 Mn
   0.00000   4.40410688763619e+01   7.43994793694448e+02
   0.00000   4.84127880303006e+01   7.05361462284895e+03
   0.00000   6.43082694884948e+01   2.25933383651863e+03
   0.00000   7.06918042357725e+01   0.00000000000000e+00
   0.00000   1.13469797931970e+02   0.00000000000000e+00
   0.00000   1.24733332211879e+02   4.06875862036102e+02
# orbitals: 1s2 2s2
CORE 4 16 Mn
   0.00000   1.17064832415453e+01   9.70741433520466e+00
   0.00000   1.28685226360931e+01   5.64067901346863e+00
   0.00000   5.32184641441525e+01   1.13212266339203e+04
   0.00000   4.26885776282809e+02   8.16333211432838e+02
   3.00000   2.06556994687875e+01   5.08764251644071e+04
   3.00000   1.03223371126262e+02   1.07388802847818e+07
   4.00000   2.27060792463357e+01   9.24869512479227e+04
   4.00000   1.24733332211879e+02   1.16985483365580e+09
   6.00000   3.31551595012308e+01   3.79301929292882e+07
   9.00000   1.76540897671006e+03   0.00000000000000e+00
  10.00000   5.85011737826341e+01   2.31965820894183e+12
  10.00000   6.43082694884948e+01   1.28671449198404e+12
  10.00000   1.82134197619005e+02   1.09220518116617e+18
  10.00000   3.21369720639542e+02   2.62678588453794e+20
  10.00000   3.53270357909721e+02   0.00000000000000e+00
  10.00000   1.76540897671006e+03   4.39850876475947e+27
# orbitals: 1s2 2s2 2p6
CORE 10 15 Mn
   0.00000   1.28685226360931e+01   1.01045783808663e+02
   0.00000   1.41459114081285e+01   3.47255015680817e+02
   0.00000   5.85011737826341e+01   1.11459615315710e+04
   0.00000   8.27994374178206e+02   3.43918727177560e+02
   1.00000   1.09985166143052e+03   6.60251104143281e+05
   2.00000   9.39022060571409e+01   0.00000000000000e+00
   2.00000   1.03223371126262e+02   1.79728265037698e+06
   3.00000   2.06556994687875e+01   1.13646251141818e+05
   3.00000   1.13469797931970e+02   9.27634123423878e+07
   4.00000   2.49599891555325e+01   7.44141508525270e+05
   7.00000   4.00641199709153e+01   1.26598335005152e+09
  10.00000   6.43082694884948e+01   1.63948369754352e+13
  10.00000   2.00213676174658e+02   5.46870460090052e+18
  10.00000   3.53270357909721e+02   8.63738012113111e+20
  10.00000   3.88337599227782e+02   0.00000000000000e+00
# orbitals: 1s2 2s2 2p6 3s2
CORE 12 17 Mn
   0.00000   4.13334612006599e+00   7.28755326674378e-01
   0.00000   1.17064832415453e+01   1.76166014239786e+02
   0.00000   1.28685226360931e+01   2.52597502956341e+02
   0.00000   5.85011737826341e+01   1.13077930615971e+04
   0.00000   9.10184905818348e+02   3.45544909954724e+02
   1.00000   1.20902799836879e+03   9.69263742110752e+05
   2.00000   1.03223371126262e+02   1.56615227096133e+06
   3.00000   1.13469797931970e+02   1.16225927165662e+08
   6.00000   8.81291778275257e+00   0.00000000000000e+00
   6.00000   3.64462931985153e+01   8.79752059560533e+07
   7.00000   9.68772855496852e+00   1.12802444647213e+03
   7.00000   3.64462931985153e+01   1.65448648009406e+09
  10.00000   1.55500996676471e+01   1.43906795807700e+05
  10.00000   1.70936741152508e+01   1.23911988123886e+06
  10.00000   6.43082694884948e+01   1.22290321326600e+13
  10.00000   7.06918042357725e+01   5.56015088419038e+13
  10.00000   2.00213676174658e+02   3.25755131787266e+18
# orbitals: 1s2 2s2 2p6 3s2 3p6
CORE 18 21 Mn
   0.00000   3.76010117512209e+00   1.25417113030287e+00
   0.00000   4.13334612006599e+00   4.92481413538406e+00
   0.00000   1.41459114081285e+01   5.22674241055398e+02
   0.00000   5.85011737826341e+01   1.11879221351148e+04
   0.00000   7.53225722914354e+02   6.23775576191555e+02
   0.00000   8.27994374178206e+02   0.00000000000000e+00
   1.00000   1.09985166143052e+03   3.78871706343940e+05
   2.00000   1.03223371126262e+02   1.56308158273250e+06
   3.00000   1.24733332211879e+02   5.95809522651628e+07
   4.00000   6.63457318846371e+00   1.14743201745742e+02
   4.00000   1.37114936734152e+02   3.23676989124497e+09
   5.00000   8.01710322547417e+00   0.00000000000000e+00
   6.00000   3.64462931985153e+01   5.07169069362723e+08
   7.00000   1.06493770699219e+01   1.00690348059765e+04
   9.00000   4.40410688763619e+01   0.00000000000000e+00
  10.00000   1.70936741152508e+01   2.62015949680493e+06
  10.00000   1.87904708653618e+01   2.73030800295062e+06
  10.00000   4.40410688763619e+01   2.22483345692618e+11
  10.00000   7.06918042357725e+01   8.03055281733287e+13
  10.00000   2.00213676174658e+02   3.03598262984450e+18
  10.00000   2.20087806965408e+02   0.00000000000000e+00
