# Free-atom, free-ion and frozen-core density fits -- Pa (Z = 91)
#
#   rho(r) = sum_i c_i r^n_i exp(-alpha_i r)      r in bohr, rho in e/bohr^3
#
# All-electron B86BPBE densities (scalar-relativistic, spin-restricted),
# fitted with rhofit.py (monotone decay imposed).  Two kinds of block:
#
#   STATE <N> <q> <nterm> <symbol>
#     the atom or ion with N electrons (charge q), in order of increasing N;
#   CORE <N_core> <nterm> <symbol>
#     the frozen core of the neutral atom with N_core electrons, for a
#     pseudopotential with Z - N_core valence electrons, in order of
#     increasing N_core, each preceded by a '# orbitals:' comment.
#
# Each block header is followed by nterm lines:   n   alpha   c
#
# Generated 2026-09-23 by combine_fits.py from
#   /home/alberto/doc/manuals/critic2/atomic_density_fits/15_rhofit/rho_b86bpbe_mono/fit_091_Pa.dat
#     recipe: --npow 0,1,2,3,4,5,6,7,8,9,10 --amin 0.2 --ratio 1.1 --mom 3 --cusp none --targetz 1e-3 --besteffort --monotone --stats
#   /home/alberto/doc/manuals/critic2/atomic_density_fits/15_rhofit/core_b86bpbe_mono/core_091_Pa.dat
#     recipe: --npow 0,1,2,3,4,5,6,7,8,9,10 --amin 0.2 --ratio 1.1 --mom 3 --cusp none --besteffort --monotone --stats --target 1e-3*N_core
#
STATE 86 +5 31 Pa
   0.00000   3.15838449378208e+00   1.63267049676460e+01
   0.00000   3.47368428375388e+00   2.41721463650606e+00
   0.00000   6.76188465575063e+00   1.12345890886849e+02
   0.00000   1.19679517028854e+01   0.00000000000000e+00
   0.00000   2.56225640481152e+01   8.39207861660371e+03
   0.00000   6.63553641332632e+01   2.29193115890291e+03
   0.00000   7.29795837037142e+01   5.16727455175304e+04
   0.00000   2.76538887137468e+02   6.26273355094947e+05
   0.00000   3.04145612412727e+02   6.31968243467383e+05
   0.00000   9.52764780814888e+02   1.25913403392318e+06
   0.00000   1.04787876578881e+03   2.10428663187269e+05
   0.00000   2.98462542451347e+03   2.34010712523924e+06
   0.00000   3.28257894199883e+03   0.00000000000000e+00
   0.00000   8.50097283720271e+03   0.00000000000000e+00
   0.00000   9.34962028826599e+03   3.44111524151775e+06
   0.00000   1.82000000000000e+04   4.77187687467403e+06
   8.00000   2.28615420488379e+02   1.20325948194318e+18
   9.00000   6.76188465575063e+00   0.00000000000000e+00
  10.00000   6.76188465575063e+00   1.41694939557986e+01
  10.00000   8.17934351785448e+00   4.73186094635763e+02
  10.00000   1.75114136788533e+01   2.11684802211443e+07
  10.00000   3.74907360673326e+01   4.46726262563359e+11
  10.00000   4.12334156654593e+01   1.87413870601489e+12
  10.00000   8.82779158906592e+01   9.76670707876482e+15
  10.00000   9.70906517669497e+01   5.98774885799766e+16
  10.00000   2.51437972399398e+02   2.72993461364671e+21
  10.00000   3.67902082041025e+02   1.49887710828900e+23
  10.00000   8.66284113389689e+02   4.77394808984405e+26
  10.00000   9.52764780814888e+02   0.00000000000000e+00
  10.00000   3.28257894199883e+03   8.13812110543608e+32
  10.00000   3.61027699554983e+03   0.00000000000000e+00
STATE 87 +4 26 Pa
   0.00000   2.87170387280650e+00   4.66756430286727e+00
   0.00000   3.15838449378208e+00   1.43585162832046e+01
   0.00000   6.76188465575063e+00   8.64604826184360e+01
   0.00000   1.19679517028854e+01   2.02957419782585e+02
   0.00000   2.56225640481152e+01   6.63513559882461e+03
   0.00000   6.03324125159935e+01   1.87245053098769e+04
   0.00000   6.63553641332632e+01   3.51350691254883e+04
   0.00000   3.04145612412727e+02   1.38184182830276e+06
   0.00000   1.04787876578881e+03   0.00000000000000e+00
   0.00000   1.15248792766241e+03   1.71632679856115e+06
   0.00000   3.97068896587134e+03   2.95823427671969e+06
   0.00000   4.36708066531366e+03   0.00000000000000e+00
   0.00000   1.50459875497371e+04   6.82224699924455e+06
   8.00000   2.28615420488379e+02   2.77279813941375e+18
   9.00000   6.14812110166399e+00   1.08657487275940e+01
  10.00000   7.43691988846818e+00   1.56366270300787e+01
  10.00000   8.17934351785448e+00   3.24367400784450e+02
  10.00000   1.75114136788533e+01   2.12876244511547e+07
  10.00000   3.74907360673326e+01   4.77359282054816e+11
  10.00000   4.12334156654593e+01   1.70914744804269e+12
  10.00000   8.82779158906592e+01   8.84903058007558e+15
  10.00000   9.70906517669497e+01   6.76756437074450e+16
  10.00000   3.34508301915341e+02   6.72500123671246e+21
  10.00000   9.52764780814888e+02   3.01123423964959e+27
  10.00000   1.04787876578881e+03   4.74580942047017e+27
  10.00000   3.97068896587134e+03   4.69806407614903e+33
STATE 88 +3 28 Pa
   0.00000   2.61104471267736e+00   3.09567022488583e+00
   0.00000   2.87170387280650e+00   1.30887870352877e+01
   0.00000   6.14812110166399e+00   5.14240851482860e+01
   0.00000   1.08816432332410e+01   2.95226535819970e+02
   0.00000   2.81804505495258e+01   9.46743342868323e+03
   0.00000   6.63553641332632e+01   0.00000000000000e+00
   0.00000   7.29795837037142e+01   5.28749886689263e+04
   0.00000   2.76538887137468e+02   4.70782758536568e+05
   0.00000   3.04145612412727e+02   8.23390330934629e+05
   0.00000   1.04787876578881e+03   1.59681085366343e+06
   0.00000   2.98462542451347e+03   1.35940387390684e+06
   0.00000   3.28257894199883e+03   7.11502644663557e+05
   0.00000   9.34962028826599e+03   4.30582566514743e+06
   0.00000   1.82000000000000e+04   2.97621301931203e+06
   8.00000   2.28615420488379e+02   1.49706832441403e+18
   9.00000   5.59006771116387e+00   0.00000000000000e+00
  10.00000   5.59006771116387e+00   5.18005212711711e-01
  10.00000   7.43691988846818e+00   1.15033961975383e+02
  10.00000   1.75114136788533e+01   2.09028643964914e+07
  10.00000   3.74907360673326e+01   4.74236194231761e+11
  10.00000   4.12334156654593e+01   1.68633974407198e+12
  10.00000   8.82779158906592e+01   9.98927800974596e+15
  10.00000   9.70906517669497e+01   6.17644307336563e+16
  10.00000   2.51437972399398e+02   2.24060176679165e+21
  10.00000   3.67902082041025e+02   1.29304979021550e+23
  10.00000   8.66284113389689e+02   5.75024285449083e+26
  10.00000   9.52764780814888e+02   3.38911033988708e+26
  10.00000   3.61027699554983e+03   5.21214395770124e+33
STATE 89 +2 29 Pa
   0.00000   2.15855748564563e+00   4.23695373117925e+00
   0.00000   2.37404509432849e+00   3.48825101308645e+00
   0.00000   5.08266777746771e+00   0.00000000000000e+00
   0.00000   5.59006771116387e+00   6.76316877256874e+01
   0.00000   1.19679517028854e+01   3.85614588988383e+02
   0.00000   2.81804505495258e+01   8.19295949652265e+03
   0.00000   6.03324125159935e+01   0.00000000000000e+00
   0.00000   6.63553641332632e+01   5.27704253364492e+04
   0.00000   3.04145612412727e+02   1.38136365563960e+06
   0.00000   1.04787876578881e+03   0.00000000000000e+00
   0.00000   1.15248792766241e+03   1.71727864498213e+06
   0.00000   3.97068896587134e+03   2.94691001575171e+06
   0.00000   4.36708066531366e+03   0.00000000000000e+00
   0.00000   1.50459875497371e+04   6.90068032209713e+06
   8.00000   2.28615420488379e+02   2.89565604856131e+18
  10.00000   2.87170387280650e+00   0.00000000000000e+00
  10.00000   3.15838449378208e+00   5.31862442429221e-05
  10.00000   7.43691988846818e+00   7.63893862813785e+01
  10.00000   1.59219355904517e+01   4.89883517817073e+05
  10.00000   1.75114136788533e+01   1.99040345318661e+07
  10.00000   3.74907360673326e+01   4.78978280720314e+11
  10.00000   4.12334156654593e+01   1.64887042003171e+12
  10.00000   8.82779158906592e+01   9.46245730753131e+15
  10.00000   9.70906517669497e+01   6.64880609532912e+16
  10.00000   3.34508301915341e+02   0.00000000000000e+00
  10.00000   3.67902082041025e+02   2.13118216218698e+22
  10.00000   9.52764780814888e+02   3.55115187128318e+27
  10.00000   1.04787876578881e+03   3.24414918426903e+27
  10.00000   3.97068896587134e+03   3.80172956325940e+33
STATE 90 +1 32 Pa
   0.00000   1.21958352632923e+00   0.00000000000000e+00
   0.00000   1.34133388017681e+00   3.86512574082646e-01
   0.00000   2.61104471267736e+00   9.30863008706193e+00
   0.00000   5.59006771116387e+00   7.54210243909718e+01
   0.00000   1.19679517028854e+01   1.89397555191379e+02
   0.00000   2.56225640481152e+01   7.22672435600037e+03
   0.00000   2.81804505495258e+01   0.00000000000000e+00
   0.00000   6.63553641332632e+01   5.28189167729928e+04
   0.00000   2.76538887137468e+02   2.47438821649192e+05
   0.00000   3.04145612412727e+02   1.09465608019480e+06
   0.00000   1.15248792766241e+03   1.82024832640930e+06
   0.00000   3.61027699554983e+03   0.00000000000000e+00
   0.00000   3.97068896587134e+03   2.67893684028782e+06
   0.00000   1.24385572168596e+04   4.21530408297072e+06
   0.00000   1.82000000000000e+04   2.94703803802135e+06
   8.00000   2.28615420488379e+02   2.22043480736464e+18
   8.00000   8.66284113389689e+02   0.00000000000000e+00
  10.00000   3.15838449378208e+00   2.74936085812440e-04
  10.00000   3.47368428375388e+00   6.45667481220226e-04
  10.00000   7.43691988846818e+00   2.10573666439970e+01
  10.00000   8.17934351785448e+00   2.59415824518297e+02
  10.00000   1.59219355904517e+01   6.22247097613194e+05
  10.00000   1.75114136788533e+01   1.80638596385131e+07
  10.00000   3.74907360673326e+01   4.68801967016572e+11
  10.00000   4.12334156654593e+01   1.75446103221779e+12
  10.00000   8.82779158906592e+01   9.01581061790511e+15
  10.00000   9.70906517669497e+01   6.51332871069514e+16
  10.00000   2.51437972399398e+02   9.95381938180507e+20
  10.00000   3.67902082041025e+02   6.57724444695955e+22
  10.00000   9.52764780814888e+02   3.24527369643159e+27
  10.00000   3.61027699554983e+03   6.40879278319318e+33
  10.00000   3.97068896587134e+03   0.00000000000000e+00
STATE 91 +0 34 Pa
   0.00000   1.00823288752824e+00   0.00000000000000e+00
   0.00000   1.10888422314180e+00   2.48535383212251e-01
   0.00000   2.61104471267736e+00   1.10503727634649e+01
   0.00000   6.14812110166399e+00   0.00000000000000e+00
   0.00000   6.76188465575063e+00   1.06953041811139e+02
   0.00000   9.89393694052024e+00   1.42992333344595e+02
   0.00000   2.81804505495258e+01   9.36671975859139e+03
   0.00000   7.29795837037142e+01   5.21578667829269e+04
   0.00000   2.76538887137468e+02   7.87708556203737e+05
   0.00000   3.04145612412727e+02   4.30138854841226e+05
   0.00000   8.66284113389689e+02   1.26164870971908e+06
   0.00000   9.52764780814888e+02   0.00000000000000e+00
   0.00000   2.24343659279729e+03   2.50609542987041e+05
   0.00000   2.46739763614607e+03   1.68774680115030e+06
   0.00000   5.80988115574259e+03   0.00000000000000e+00
   0.00000   6.38987840173120e+03   2.64870869836156e+06
   0.00000   1.82000000000000e+04   7.11522664398016e+06
   8.00000   2.15855748564563e+00   1.70677409243916e-05
   9.00000   2.37404509432849e+00   3.66074490192695e-06
   9.00000   8.82779158906592e+01   2.08048223975718e+15
  10.00000   3.15838449378208e+00   3.01672161739426e-04
  10.00000   7.43691988846818e+00   3.90212916573585e+01
  10.00000   8.17934351785448e+00   1.37828156882599e+02
  10.00000   1.59219355904517e+01   9.77545513903674e+05
  10.00000   1.75114136788533e+01   1.87895452893363e+07
  10.00000   3.74907360673326e+01   4.32337707200816e+11
  10.00000   4.12334156654593e+01   1.80556218804249e+12
  10.00000   8.82779158906592e+01   7.88090120194747e+15
  10.00000   9.70906517669497e+01   2.15805237694119e+16
  10.00000   2.51437972399398e+02   3.99331798296613e+21
  10.00000   3.34508301915341e+02   1.98784993111254e+22
  10.00000   3.67902082041025e+02   1.42380405807373e+23
  10.00000   8.66284113389689e+02   2.61776550197067e+26
  10.00000   9.52764780814888e+02   0.00000000000000e+00
STATE 92 -1 44 Pa
   0.00000   2.15855748564563e+00   3.27217320793859e+00
   0.00000   2.37404509432849e+00   3.77402506488445e+00
   0.00000   4.20185473072688e+00   0.00000000000000e+00
   0.00000   4.62132358155819e+00   3.01660591466776e+01
   0.00000   3.09936894560201e+01   8.52306431955012e+03
   0.00000   6.63553641332632e+01   5.31200454365033e+04
   0.00000   3.04145612412727e+02   1.36837360984503e+06
   0.00000   1.04787876578881e+03   1.18668409508259e+06
   0.00000   1.15248792766241e+03   2.88575113683635e+05
   0.00000   2.98462542451347e+03   2.00686834917693e+06
   0.00000   4.80304393048105e+03   0.00000000000000e+00
   0.00000   1.82000000000000e+04   1.13548347010361e+07
   3.00000   1.82000000000000e+04   2.08674623981267e+18
   7.00000   1.88996965403630e+02   2.16861325241972e+16
   7.00000   1.82000000000000e+04   2.36466867627325e+31
   8.00000   2.07864428695192e+02   0.00000000000000e+00
   8.00000   7.87653133514771e+02   0.00000000000000e+00
   8.00000   1.82000000000000e+04   2.72743989291053e+34
   9.00000   3.40877724580020e+01   7.10736272021821e+10
   9.00000   8.02650954769992e+01   9.43876406284914e+14
  10.00000   1.34133388017681e+00   4.76742228743321e-09
  10.00000   1.47523850500460e+00   3.59149581938226e-09
  10.00000   2.37404509432849e+00   2.85490139381032e-06
  10.00000   2.61104471267736e+00   5.98959298880174e-05
  10.00000   3.82046027865005e+00   7.37087757521841e-03
  10.00000   7.43691988846818e+00   6.26978319782317e+01
  10.00000   8.17934351785448e+00   8.22642283637062e+01
  10.00000   1.44767314390287e+01   1.46086968775236e+05
  10.00000   1.75114136788533e+01   1.72122364576930e+07
  10.00000   1.92595684921515e+01   1.85293783283258e+07
  10.00000   3.74907360673326e+01   0.00000000000000e+00
  10.00000   4.12334156654593e+01   8.43308519425189e+11
  10.00000   4.53497249130300e+01   3.13328506537990e+12
  10.00000   8.82779158906592e+01   8.36008359263019e+15
  10.00000   1.06783158227329e+02   8.42096413537204e+16
  10.00000   1.17443262286187e+02   1.85465130237305e+17
  10.00000   2.28615420488379e+02   4.21765644404982e+19
  10.00000   3.04145612412727e+02   1.82141798054504e+21
  10.00000   3.34508301915341e+02   3.21682440479473e+22
  10.00000   8.66284113389689e+02   1.23020685734265e+27
  10.00000   1.15248792766241e+03   7.73407655282215e+27
  10.00000   1.26754016473246e+03   4.29645872875844e+28
  10.00000   3.28257894199883e+03   1.12427083341927e+32
  10.00000   3.61027699554983e+03   2.18228370958141e+32
# orbitals: 1s2
CORE 2 10 Pa
   0.00000   1.42062285146976e+02   0.00000000000000e+00
   0.00000   1.56244285076984e+02   2.53218624661682e+04
   0.00000   1.88996965403630e+02   6.58237098562160e+04
   0.00000   2.07864428695192e+02   4.48924310696476e+05
   0.00000   3.67902082041025e+02   5.65987001055188e+05
   0.00000   4.04629544902526e+02   0.00000000000000e+00
   0.00000   7.87653133514771e+02   8.06383134598771e+05
   0.00000   8.66284113389689e+02   0.00000000000000e+00
   0.00000   2.03980407218157e+03   0.00000000000000e+00
   0.00000   2.24343659279729e+03   2.12314782459938e+06
# orbitals: 1s2 2s2
CORE 4 18 Pa
   0.00000   6.03324125159935e+01   6.18931068501159e+02
   0.00000   6.63553641332632e+01   1.06726696457477e+04
   0.00000   2.51437972399398e+02   9.26333882322566e+05
   0.00000   2.76538887137468e+02   1.40951033343587e+05
   0.00000   7.16159339812985e+02   1.05505795639144e+06
   0.00000   7.87653133514771e+02   0.00000000000000e+00
   0.00000   1.85465489251938e+03   1.54940171062269e+06
   0.00000   2.03980407218157e+03   0.00000000000000e+00
   0.00000   5.28252916905394e+03   2.95051405940123e+06
   0.00000   5.80988115574259e+03   0.00000000000000e+00
   0.00000   1.65480202261544e+04   0.00000000000000e+00
   0.00000   1.82000000000000e+04   6.92383223366212e+06
   4.00000   1.06783158227329e+02   3.38726159975846e+09
   5.00000   1.17443262286187e+02   1.81651304456957e+11
   5.00000   1.29167558680543e+02   6.60331751431925e+11
  10.00000   2.51437972399398e+02   4.26544805270767e+20
  10.00000   2.76538887137468e+02   5.97165690916889e+20
  10.00000   7.87653133514771e+02   1.79532377689236e+26
# orbitals: 1s2 2s2 2p6
CORE 10 16 Pa
   0.00000   6.03324125159935e+01   5.73001321830268e+03
   0.00000   6.63553641332632e+01   4.21570443954398e+04
   0.00000   2.76538887137468e+02   8.83515190028933e+05
   0.00000   3.04145612412727e+02   3.32279949183157e+05
   0.00000   8.66284113389689e+02   0.00000000000000e+00
   0.00000   9.52764780814888e+02   1.38698908576342e+06
   0.00000   2.98462542451347e+03   2.29852984921208e+06
   0.00000   3.28257894199883e+03   0.00000000000000e+00
   0.00000   1.02829877484375e+04   5.20031470470739e+06
   3.00000   9.70906517669497e+01   1.42397986772019e+09
   4.00000   1.06783158227329e+02   0.00000000000000e+00
   4.00000   1.17443262286187e+02   4.72922258781624e+10
  10.00000   2.51437972399398e+02   1.55482390188471e+20
  10.00000   2.76538887137468e+02   2.55228588707499e+21
  10.00000   8.66284113389689e+02   8.30579729895298e+26
  10.00000   9.52764780814888e+02   7.15573124618646e+26
# orbitals: 1s2 2s2 2p6 3s2
CORE 12 20 Pa
   0.00000   5.48561528905138e+01   4.03275669613871e+04
   0.00000   6.03324125159935e+01   4.35116629473557e+03
   0.00000   2.76538887137468e+02   8.18975527259126e+05
   0.00000   3.04145612412727e+02   4.44295361960619e+05
   0.00000   9.52764780814888e+02   1.29929880240192e+06
   0.00000   1.04787876578881e+03   1.65785813014734e+05
   0.00000   3.28257894199883e+03   2.82971193980186e+06
   0.00000   3.61027699554983e+03   0.00000000000000e+00
   0.00000   1.24385572168596e+04   0.00000000000000e+00
   0.00000   1.36802915546987e+04   6.68426972472157e+06
   7.00000   1.88996965403630e+02   7.00203298653753e+15
   8.00000   5.48561528905138e+01   0.00000000000000e+00
   8.00000   1.88996965403630e+02   2.97127066129711e+17
   9.00000   6.03324125159935e+01   1.39536024160941e+12
  10.00000   8.02650954769992e+01   5.09412233756409e+14
  10.00000   8.82779158906592e+01   2.87844975366336e+15
  10.00000   3.04145612412727e+02   6.66058069046745e+21
  10.00000   3.34508301915341e+02   2.35645056079626e+22
  10.00000   8.66284113389689e+02   4.38279353795374e+26
  10.00000   9.52764780814888e+02   1.02660739333502e+27
# orbitals: 1s2 2s2 2p6 3s2 3p6
CORE 18 23 Pa
   0.00000   2.56225640481152e+01   2.35166359246985e+02
   0.00000   2.81804505495258e+01   1.42021149516717e+03
   0.00000   6.63553641332632e+01   6.21370231238108e+04
   0.00000   2.76538887137468e+02   3.51867246304371e+05
   0.00000   3.04145612412727e+02   9.44799541595818e+05
   0.00000   1.04787876578881e+03   1.55673048102701e+06
   0.00000   1.15248792766241e+03   0.00000000000000e+00
   0.00000   3.28257894199883e+03   2.41921533604155e+06
   0.00000   3.61027699554983e+03   0.00000000000000e+00
   0.00000   1.13095327697127e+04   4.76323486444144e+06
   0.00000   1.24385572168596e+04   0.00000000000000e+00
   0.00000   1.82000000000000e+04   2.56583352909926e+06
   7.00000   5.48561528905138e+01   0.00000000000000e+00
   7.00000   1.88996965403630e+02   1.79882897138276e+16
   8.00000   6.03324125159935e+01   2.60462387463299e+12
   8.00000   2.07864428695192e+02   0.00000000000000e+00
   9.00000   9.52764780814888e+02   0.00000000000000e+00
  10.00000   8.82779158906592e+01   9.34265279137991e+15
  10.00000   9.70906517669497e+01   9.71386604243541e+15
  10.00000   2.28615420488379e+02   5.40235086279203e+20
  10.00000   3.34508301915341e+02   5.37715755432614e+22
  10.00000   9.52764780814888e+02   2.20547941962056e+27
  10.00000   3.61027699554983e+03   3.14521116053748e+33
# orbitals: 1s2 2s2 2p6 3s2 3p6 3d10
CORE 28 20 Pa
   0.00000   2.56225640481152e+01   4.75898744926011e+02
   0.00000   2.81804505495258e+01   7.57409883334315e+03
   0.00000   6.63553641332632e+01   5.07885527002457e+04
   0.00000   2.76538887137468e+02   1.97892581426080e+05
   0.00000   3.04145612412727e+02   1.14687999621409e+06
   0.00000   1.15248792766241e+03   1.74950380406053e+06
   0.00000   3.97068896587134e+03   2.85811753263311e+06
   0.00000   4.36708066531366e+03   0.00000000000000e+00
   0.00000   1.36802915546987e+04   0.00000000000000e+00
   0.00000   1.50459875497371e+04   6.92024215338212e+06
   7.00000   6.03324125159935e+01   3.43780961027734e+11
   7.00000   2.07864428695192e+02   0.00000000000000e+00
   8.00000   6.03324125159935e+01   3.24042429398292e+12
   9.00000   2.28615420488379e+02   5.38600157794716e+19
   9.00000   9.52764780814888e+02   0.00000000000000e+00
  10.00000   8.82779158906592e+01   6.11453758030004e+15
  10.00000   9.70906517669497e+01   3.67172445952654e+16
  10.00000   3.34508301915341e+02   3.97098903631408e+22
  10.00000   9.52764780814888e+02   3.71353849636893e+27
  10.00000   3.97068896587134e+03   1.27524348696031e+34
# orbitals: 1s2 2s2 2p6 3s2 3p6 3d10 4s2
CORE 30 25 Pa
   0.00000   2.11822406406749e+01   4.34213141234970e+03
   0.00000   2.32968520941839e+01   1.09576835597706e+03
   0.00000   7.29795837037142e+01   6.09543892434755e+04
   0.00000   2.76538887137468e+02   2.83494357465372e+05
   0.00000   3.04145612412727e+02   1.02960503485992e+06
   0.00000   1.04787876578881e+03   1.20124531420824e+06
   0.00000   1.15248792766241e+03   4.38370302061511e+05
   0.00000   3.61027699554983e+03   2.77136244083201e+06
   0.00000   3.97068896587134e+03   0.00000000000000e+00
   0.00000   1.13095327697127e+04   1.98214832933777e+06
   0.00000   1.82000000000000e+04   6.75471915202924e+06
   9.00000   8.02650954769992e+01   0.00000000000000e+00
   9.00000   2.28615420488379e+02   5.28499864535695e+19
   9.00000   9.52764780814888e+02   0.00000000000000e+00
  10.00000   1.75114136788533e+01   0.00000000000000e+00
  10.00000   1.92595684921515e+01   2.77812492967491e+04
  10.00000   3.40877724580020e+01   3.63209640594176e+09
  10.00000   3.74907360673326e+01   4.57517836809757e+10
  10.00000   8.02650954769992e+01   3.65584599194029e+15
  10.00000   9.70906517669497e+01   4.22225666345907e+16
  10.00000   2.28615420488379e+02   3.31109533303340e+20
  10.00000   3.34508301915341e+02   5.12047138466661e+22
  10.00000   3.67902082041025e+02   3.79847487416209e+22
  10.00000   9.52764780814888e+02   2.23767615229224e+27
  10.00000   3.61027699554983e+03   3.37096985101690e+33
# orbitals: 1s2 2s2 2p6 3s2 3p6 3d10 4s2 4p6
CORE 36 25 Pa
   0.00000   2.32968520941839e+01   2.88030956714228e+03
   0.00000   2.56225640481152e+01   2.93271912270496e+03
   0.00000   7.29795837037142e+01   6.44608974443231e+04
   0.00000   2.76538887137468e+02   1.70455464689376e+05
   0.00000   3.04145612412727e+02   1.14719581525266e+06
   0.00000   9.52764780814888e+02   0.00000000000000e+00
   0.00000   1.04787876578881e+03   1.54203363155590e+06
   0.00000   3.28257894199883e+03   2.39606619423459e+06
   0.00000   7.72935551934175e+03   0.00000000000000e+00
   0.00000   8.50097283720271e+03   2.19815811161746e+06
   0.00000   1.82000000000000e+04   6.52640449818475e+06
   9.00000   2.81804505495258e+01   8.56299366951759e+08
   9.00000   8.02650954769992e+01   1.13825053000647e+15
   9.00000   2.28615420488379e+02   3.88495917371623e+19
  10.00000   2.81804505495258e+01   0.00000000000000e+00
  10.00000   3.74907360673326e+01   1.82933990605823e+11
  10.00000   4.12334156654593e+01   4.27482641409634e+11
  10.00000   9.70906517669497e+01   0.00000000000000e+00
  10.00000   1.06783158227329e+02   7.73521578866506e+16
  10.00000   2.28615420488379e+02   5.78577782135042e+20
  10.00000   3.34508301915341e+02   7.18599355461592e+22
  10.00000   3.67902082041025e+02   0.00000000000000e+00
  10.00000   9.52764780814888e+02   1.28148916138720e+27
  10.00000   1.04787876578881e+03   3.30286357536799e+27
  10.00000   3.28257894199883e+03   5.57726817793234e+32
# orbitals: 1s2 2s2 2p6 3s2 3p6 3d10 4s2 4p6 4d10
CORE 46 26 Pa
   0.00000   1.08816432332410e+01   7.58061287210639e+01
   0.00000   1.19679517028854e+01   0.00000000000000e+00
   0.00000   2.81804505495258e+01   9.83287265677943e+03
   0.00000   7.29795837037142e+01   5.14512085450486e+04
   0.00000   2.76538887137468e+02   7.89773142861087e+05
   0.00000   3.04145612412727e+02   4.25745199684262e+05
   0.00000   8.66284113389689e+02   1.25978474334423e+06
   0.00000   9.52764780814888e+02   0.00000000000000e+00
   0.00000   2.46739763614607e+03   2.01634283102318e+06
   0.00000   2.71371658749140e+03   0.00000000000000e+00
   0.00000   7.02777645435195e+03   2.99077263556079e+06
   0.00000   1.82000000000000e+04   6.09811170347743e+06
   9.00000   2.81804505495258e+01   8.16163900524088e+08
   9.00000   8.82779158906592e+01   0.00000000000000e+00
   9.00000   2.28615420488379e+02   2.96967304606517e+19
  10.00000   1.19679517028854e+01   8.85970796904333e+00
  10.00000   2.81804505495258e+01   3.29295493338164e+09
  10.00000   3.74907360673326e+01   4.45298542571994e+11
  10.00000   4.12334156654593e+01   5.91611802101134e+11
  10.00000   8.82779158906592e+01   2.33397508487935e+16
  10.00000   1.06783158227329e+02   9.08586450626985e+16
  10.00000   2.51437972399398e+02   2.09708971567874e+21
  10.00000   3.34508301915341e+02   2.60622204964019e+22
  10.00000   3.67902082041025e+02   1.11006769252443e+23
  10.00000   8.66284113389689e+02   1.61857633766384e+26
  10.00000   9.52764780814888e+02   2.68799683868806e+26
# orbitals: 1s2 2s2 2p6 3s2 3p6 3d10 4s2 4p6 4d10 4f14
CORE 60 26 Pa
   0.00000   9.89393694052024e+00   1.56007244910995e+02
   0.00000   1.08816432332410e+01   4.89241628374068e+02
   0.00000   3.09936894560201e+01   9.93996984433054e+03
   0.00000   7.29795837037142e+01   5.05317125270109e+04
   0.00000   2.76538887137468e+02   6.60358041492376e+05
   0.00000   3.04145612412727e+02   5.92019486637155e+05
   0.00000   9.52764780814888e+02   1.42022513902328e+06
   0.00000   2.71371658749140e+03   1.95770572421196e+06
   0.00000   2.98462542451347e+03   1.14238962875701e+04
   0.00000   7.72935551934175e+03   3.40800762216561e+06
   0.00000   1.82000000000000e+04   4.81189375448106e+06
   7.00000   2.32968520941839e+01   5.52209041464826e+07
   8.00000   2.28615420488379e+02   0.00000000000000e+00
   9.00000   2.56225640481152e+01   0.00000000000000e+00
   9.00000   8.82779158906592e+01   2.56405866503711e+15
  10.00000   2.81804505495258e+01   2.92791292218173e+09
  10.00000   3.74907360673326e+01   4.96065551708666e+11
  10.00000   4.12334156654593e+01   7.34760475072866e+11
  10.00000   8.82779158906592e+01   9.87264311474597e+15
  10.00000   9.70906517669497e+01   0.00000000000000e+00
  10.00000   2.51437972399398e+02   3.97910583248100e+21
  10.00000   3.34508301915341e+02   1.60236498537940e+22
  10.00000   3.67902082041025e+02   1.41539598320462e+23
  10.00000   8.66284113389689e+02   4.81386662220815e+26
  10.00000   9.52764780814888e+02   0.00000000000000e+00
  10.00000   3.28257894199883e+03   8.77200665178497e+32
# orbitals: 1s2 2s2 2p6 3s2 3p6 3d10 4s2 4p6 4d10 4f14 5s2
CORE 62 26 Pa
   0.00000   8.99588289055083e+00   5.12415919566955e+02
   0.00000   3.40877724580020e+01   1.29178957376071e+04
   0.00000   6.63553641332632e+01   0.00000000000000e+00
   0.00000   7.29795837037142e+01   4.55057339964178e+04
   0.00000   2.76538887137468e+02   8.49545891849984e+05
   0.00000   3.04145612412727e+02   3.64139021452785e+05
   0.00000   8.66284113389689e+02   1.27366427151318e+06
   0.00000   9.52764780814888e+02   0.00000000000000e+00
   0.00000   2.46739763614607e+03   2.01612388202828e+06
   0.00000   2.71371658749140e+03   0.00000000000000e+00
   0.00000   7.02777645435195e+03   2.97017096233298e+06
   0.00000   1.82000000000000e+04   6.22978517136942e+06
   4.00000   1.44767314390287e+01   7.30193261037233e+03
   9.00000   1.75114136788533e+01   1.60787435413588e+06
   9.00000   8.82779158906592e+01   2.94688273143162e+15
  10.00000   1.75114136788533e+01   0.00000000000000e+00
  10.00000   2.81804505495258e+01   4.52697305935458e+09
  10.00000   3.74907360673326e+01   4.80115071269808e+11
  10.00000   4.12334156654593e+01   8.55733446214881e+11
  10.00000   8.82779158906592e+01   9.01675870598481e+15
  10.00000   2.51437972399398e+02   3.74446098644730e+21
  10.00000   3.34508301915341e+02   2.35970245594469e+22
  10.00000   3.67902082041025e+02   1.19932115508152e+23
  10.00000   8.66284113389689e+02   2.40372802976476e+26
  10.00000   9.52764780814888e+02   0.00000000000000e+00
  10.00000   3.28257894199883e+03   1.85021043635978e+32
# orbitals: 1s2 2s2 2p6 3s2 3p6 3d10 4s2 4p6 4d10 4f14 5s2 5p6
CORE 68 28 Pa
   0.00000   6.76188465575063e+00   1.09088297149730e+02
   0.00000   7.43691988846818e+00   2.19580972644510e+02
   0.00000   3.40877724580020e+01   1.21733251314511e+04
   0.00000   7.29795837037142e+01   4.94836449251404e+04
   0.00000   2.76538887137468e+02   7.09309921080904e+05
   0.00000   3.04145612412727e+02   5.21120488412962e+05
   0.00000   7.87653133514771e+02   0.00000000000000e+00
   0.00000   8.66284113389689e+02   1.21113669647492e+06
   0.00000   2.24343659279729e+03   1.67511177615198e+06
   0.00000   5.80988115574259e+03   2.87111712521446e+06
   0.00000   6.38987840173120e+03   0.00000000000000e+00
   0.00000   1.82000000000000e+04   6.97680919423309e+06
   8.00000   1.44767314390287e+01   3.53291340124207e+05
   9.00000   1.59219355904517e+01   0.00000000000000e+00
   9.00000   8.82779158906592e+01   2.47188145463906e+15
   9.00000   2.28615420488379e+02   6.43097105507263e+19
  10.00000   1.59219355904517e+01   0.00000000000000e+00
  10.00000   1.75114136788533e+01   3.99122339255958e+06
  10.00000   3.74907360673326e+01   4.58240380587587e+11
  10.00000   4.12334156654593e+01   1.15472557063412e+12
  10.00000   8.82779158906592e+01   1.32073250113688e+16
  10.00000   1.06783158227329e+02   0.00000000000000e+00
  10.00000   1.17443262286187e+02   1.12277252839971e+17
  10.00000   2.51437972399398e+02   0.00000000000000e+00
  10.00000   3.34508301915341e+02   3.38573909515256e+22
  10.00000   3.67902082041025e+02   8.02890020202044e+22
  10.00000   8.66284113389689e+02   0.00000000000000e+00
  10.00000   9.52764780814888e+02   9.12049646365394e+26
# orbitals: 1s2 2s2 2p6 3s2 3p6 3d10 4s2 4p6 4d10 4f14 5s2 5p6 5d10
CORE 78 29 Pa
   0.00000   5.08266777746771e+00   2.93654020188167e+01
   0.00000   5.59006771116387e+00   7.66400472376064e+01
   0.00000   1.19679517028854e+01   2.50916559006030e+02
   0.00000   2.81804505495258e+01   8.63260042678706e+03
   0.00000   7.29795837037142e+01   5.46343955887611e+04
   0.00000   2.76538887137468e+02   7.02200031058604e+05
   0.00000   3.04145612412727e+02   5.24745067903243e+05
   0.00000   8.66284113389689e+02   1.22267932708752e+06
   0.00000   9.52764780814888e+02   0.00000000000000e+00
   0.00000   2.24343659279729e+03   1.13116657145432e+06
   0.00000   2.46739763614607e+03   6.71602895242692e+05
   0.00000   5.80988115574259e+03   1.10539930514796e+06
   0.00000   6.38987840173120e+03   1.74719328913598e+06
   0.00000   1.82000000000000e+04   6.82279010307990e+06
   9.00000   1.08816432332410e+01   7.33740876684620e+03
   9.00000   8.82779158906592e+01   3.30506794130166e+15
   9.00000   2.28615420488379e+02   4.80258654404709e+19
  10.00000   1.19679517028854e+01   1.85088684109267e+04
  10.00000   1.59219355904517e+01   4.71987184567768e+06
  10.00000   1.75114136788533e+01   7.28313210654647e+06
  10.00000   3.74907360673326e+01   4.90928210903500e+11
  10.00000   4.12334156654593e+01   1.56440895354286e+12
  10.00000   8.82779158906592e+01   5.63340497969070e+15
  10.00000   9.70906517669497e+01   0.00000000000000e+00
  10.00000   2.51437972399398e+02   1.09465350650894e+21
  10.00000   3.34508301915341e+02   3.18974976205935e+22
  10.00000   3.67902082041025e+02   9.67675964505916e+22
  10.00000   8.66284113389689e+02   0.00000000000000e+00
  10.00000   9.52764780814888e+02   7.99438844893034e+26
# orbitals: 1s2 2s2 2p6 3s2 3p6 3d10 4s2 4p6 4d10 4f14 5s2 5p6 5d10 6s2
CORE 80 31 Pa
   0.00000   3.82046027865005e+00   3.46065550262451e+01
   0.00000   4.20185473072688e+00   1.66473831630848e+01
   0.00000   4.62132358155819e+00   0.00000000000000e+00
   0.00000   1.08816432332410e+01   2.77270319393418e+02
   0.00000   1.19679517028854e+01   2.42385087343371e+01
   0.00000   2.81804505495258e+01   9.22775734517617e+03
   0.00000   7.29795837037142e+01   5.21157713702353e+04
   0.00000   2.76538887137468e+02   7.97944779802232e+05
   0.00000   3.04145612412727e+02   4.17953591882097e+05
   0.00000   8.66284113389689e+02   1.26558799788023e+06
   0.00000   9.52764780814888e+02   0.00000000000000e+00
   0.00000   2.46739763614607e+03   2.03531234366307e+06
   0.00000   2.71371658749140e+03   0.00000000000000e+00
   0.00000   7.02777645435195e+03   1.74312359982644e+06
   0.00000   7.72935551934175e+03   1.51290368265605e+06
   0.00000   1.82000000000000e+04   5.53798560358806e+06
   8.00000   2.28615420488379e+02   0.00000000000000e+00
   9.00000   8.82779158906592e+01   1.59497470144580e+15
  10.00000   6.76188465575063e+00   0.00000000000000e+00
  10.00000   1.59219355904517e+01   2.45253601804638e+06
  10.00000   1.75114136788533e+01   9.08210998755478e+06
  10.00000   3.74907360673326e+01   4.74022241273013e+11
  10.00000   4.12334156654593e+01   1.64671507860876e+12
  10.00000   8.82779158906592e+01   8.29916041054095e+15
  10.00000   9.70906517669497e+01   3.01309268814666e+16
  10.00000   2.51437972399398e+02   3.97366978626162e+21
  10.00000   3.34508301915341e+02   2.06354139601953e+22
  10.00000   3.67902082041025e+02   1.39994832551429e+23
  10.00000   8.66284113389689e+02   2.42312574347960e+26
  10.00000   9.52764780814888e+02   0.00000000000000e+00
  10.00000   3.28257894199883e+03   1.02351754150595e+32
# orbitals: 1s2 2s2 2p6 3s2 3p6 3d10 4s2 4p6 4d10 4f14 5s2 5p6 5d10 5f2 6s2
CORE 82 33 Pa
   0.00000   1.62251075501152e+00   9.51739070267033e-02
   0.00000   1.78448511288000e+00   3.62458286911761e-02
   0.00000   3.47368428375388e+00   1.18618090318850e+01
   0.00000   3.82046027865005e+00   3.26288419745004e+01
   0.00000   1.08816432332410e+01   3.31655266935329e+02
   0.00000   1.19679517028854e+01   0.00000000000000e+00
   0.00000   2.81804505495258e+01   8.50616897393548e+03
   0.00000   7.29795837037142e+01   5.52806610848960e+04
   0.00000   2.76538887137468e+02   6.33787674934775e+05
   0.00000   3.04145612412727e+02   6.07699673123875e+05
   0.00000   8.66284113389689e+02   8.58205330513487e+05
   0.00000   9.52764780814888e+02   4.18074336000177e+05
   0.00000   2.24343659279729e+03   1.38653819928730e+05
   0.00000   2.46739763614607e+03   1.72973407753822e+06
   0.00000   5.80988115574259e+03   0.00000000000000e+00
   0.00000   6.38987840173120e+03   2.75827157848326e+06
   0.00000   1.82000000000000e+04   6.80861715040046e+06
   9.00000   8.82779158906592e+01   3.36682668750534e+15
   9.00000   2.28615420488379e+02   5.31246794564913e+19
  10.00000   2.37404509432849e+00   0.00000000000000e+00
  10.00000   2.61104471267736e+00   6.92061159388259e-07
  10.00000   5.08266777746771e+00   1.97266145468303e-02
  10.00000   1.59219355904517e+01   2.51203981209369e+06
  10.00000   1.75114136788533e+01   9.01631797594550e+06
  10.00000   3.74907360673326e+01   4.76290740927173e+11
  10.00000   4.12334156654593e+01   1.64092980455780e+12
  10.00000   8.82779158906592e+01   5.21830251696735e+15
  10.00000   9.70906517669497e+01   0.00000000000000e+00
  10.00000   2.51437972399398e+02   7.78344322896933e+20
  10.00000   3.34508301915341e+02   3.38179476060313e+22
  10.00000   3.67902082041025e+02   8.88209004502504e+22
  10.00000   8.66284113389689e+02   0.00000000000000e+00
  10.00000   9.52764780814888e+02   1.00823515015327e+27
# orbitals: 1s2 2s2 2p6 3s2 3p6 3d10 4s2 4p6 4d10 4f14 5s2 5p6 5d10 6s2 6p6
CORE 86 30 Pa
   0.00000   2.61104471267736e+00   9.15576214996411e+00
   0.00000   2.87170387280650e+00   2.48582952693570e+00
   0.00000   6.14812110166399e+00   0.00000000000000e+00
   0.00000   6.76188465575063e+00   1.08839660765734e+02
   0.00000   1.08816432332410e+01   1.89040286378287e+02
   0.00000   2.81804505495258e+01   9.64288702628239e+03
   0.00000   7.29795837037142e+01   5.17653381214864e+04
   0.00000   2.76538887137468e+02   6.66507502572179e+05
   0.00000   3.04145612412727e+02   5.85301875847042e+05
   0.00000   9.52764780814888e+02   1.43009651676976e+06
   0.00000   2.71371658749140e+03   1.96598819062418e+06
   0.00000   2.98462542451347e+03   0.00000000000000e+00
   0.00000   7.72935551934175e+03   3.41997664278690e+06
   0.00000   1.82000000000000e+04   4.84165941026169e+06
   8.00000   2.28615420488379e+02   1.50333789924571e+18
   9.00000   5.59006771116387e+00   0.00000000000000e+00
  10.00000   5.59006771116387e+00   4.04904843102751e-01
  10.00000   7.43691988846818e+00   8.55303548410454e+01
  10.00000   1.59219355904517e+01   4.35292174035660e+05
  10.00000   1.75114136788533e+01   2.04807277586744e+07
  10.00000   3.74907360673326e+01   4.59836123345700e+11
  10.00000   4.12334156654593e+01   1.70208598851894e+12
  10.00000   8.82779158906592e+01   1.02593568850885e+16
  10.00000   9.70906517669497e+01   6.13171452474376e+16
  10.00000   2.51437972399398e+02   2.24875984310227e+21
  10.00000   3.34508301915341e+02   0.00000000000000e+00
  10.00000   3.67902082041025e+02   1.34829210351223e+23
  10.00000   8.66284113389689e+02   4.13845473368569e+26
  10.00000   9.52764780814888e+02   0.00000000000000e+00
  10.00000   3.28257894199883e+03   1.02848333666960e+33
# orbitals: 1s2 2s2 2p6 3s2 3p6 3d10 4s2 4p6 4d10 4f14 5s2 5p6 5d10 6s2 6p6 7s2
CORE 88 33 Pa
   0.00000   1.00823288752824e+00   0.00000000000000e+00
   0.00000   1.10888422314180e+00   1.38948163664956e-01
   0.00000   2.61104471267736e+00   9.97768480492469e+00
   0.00000   6.76188465575063e+00   1.04496031593738e+02
   0.00000   8.99588289055083e+00   1.28629740774343e+02
   0.00000   9.89393694052024e+00   0.00000000000000e+00
   0.00000   2.81804505495258e+01   8.95681282765715e+03
   0.00000   7.29795837037142e+01   5.40442992339467e+04
   0.00000   2.76538887137468e+02   7.41428491507098e+05
   0.00000   3.04145612412727e+02   4.79186606671422e+05
   0.00000   8.66284113389689e+02   1.23515642324132e+06
   0.00000   9.52764780814888e+02   0.00000000000000e+00
   0.00000   2.24343659279729e+03   1.22459291868280e+06
   0.00000   2.46739763614607e+03   5.68639764014190e+05
   0.00000   6.38987840173120e+03   3.11338022100662e+06
   0.00000   1.82000000000000e+04   6.08806423469789e+06
   8.00000   2.15855748564563e+00   2.76400224608807e-05
   9.00000   8.82779158906592e+01   3.34343865302697e+15
   9.00000   2.28615420488379e+02   3.85220878185099e+19
  10.00000   3.15838449378208e+00   3.29006658359460e-04
  10.00000   7.43691988846818e+00   3.61967777580433e+01
  10.00000   8.17934351785448e+00   1.42957487039135e+02
  10.00000   1.59219355904517e+01   8.72867666102773e+05
  10.00000   1.75114136788533e+01   1.93552905631701e+07
  10.00000   3.74907360673326e+01   4.26951056224989e+11
  10.00000   4.12334156654593e+01   1.79862567394350e+12
  10.00000   8.82779158906592e+01   5.82884986621391e+15
  10.00000   9.70906517669497e+01   0.00000000000000e+00
  10.00000   2.51437972399398e+02   1.66591924148026e+21
  10.00000   3.34508301915341e+02   3.02083390353855e+22
  10.00000   3.67902082041025e+02   1.04678805427134e+23
  10.00000   9.52764780814888e+02   6.45947520748942e+26
  10.00000   2.98462542451347e+03   9.67895651399698e+31
