# Free-atom, free-ion and frozen-core density fits -- Dy (Z = 66)
#
#   rho(r) = sum_i c_i r^n_i exp(-alpha_i r)      r in bohr, rho in e/bohr^3
#
# All-electron B86BPBE densities (scalar-relativistic, spin-restricted),
# fitted with rhofit.py (monotone decay imposed).  Two kinds of block:
#
#   STATE <N> <q> <nterm> <symbol>
#     the atom or ion with N electrons (charge q), in order of increasing N;
#   CORE <N_core> <nterm> <symbol>
#     the frozen core of the neutral atom with N_core electrons, for a
#     pseudopotential with Z - N_core valence electrons, in order of
#     increasing N_core, each preceded by a '# orbitals:' comment.
#
# Each block header is followed by nterm lines:   n   alpha   c
#
# Generated 2026-09-23 by combine_fits.py from
#   /home/alberto/doc/manuals/critic2/atomic_density_fits/15_rhofit/rho_b86bpbe_mono/fit_066_Dy.dat
#     recipe: --npow 0,1,2,3,4,5,6,7,8,9,10 --amin 0.2 --ratio 1.1 --mom 3 --cusp none --targetz 1e-3 --besteffort --monotone --stats
#   /home/alberto/doc/manuals/critic2/atomic_density_fits/15_rhofit/core_b86bpbe_mono/core_066_Dy.dat
#     recipe: --npow 0,1,2,3,4,5,6,7,8,9,10 --amin 0.2 --ratio 1.1 --mom 3 --cusp none --besteffort --monotone --stats --target 1e-3*N_core
#
STATE 62 +4 26 Dy
   0.00000   3.44199703558947e+00   8.78946659866827e+00
   0.00000   3.78445351555426e+00   2.49038148637015e+01
   0.00000   2.08675504886612e+01   3.40283220542478e+03
   0.00000   4.90010765815139e+01   1.37995559959818e+04
   0.00000   1.68155278079983e+02   1.05133343924938e+05
   0.00000   1.84885642465352e+02   2.12108348644699e+05
   0.00000   8.43307801671317e+02   2.05263970385079e+05
   0.00000   3.49845559801755e+03   0.00000000000000e+00
   0.00000   3.84652934038934e+03   2.07938114978215e+05
   0.00000   1.32000000000000e+04   4.35100451047164e+05
   6.00000   4.77342407167925e+02   2.56089607915732e+16
   9.00000   1.89792387795959e+01   1.68486033459811e+07
   9.00000   5.38763672999781e+01   6.71745221680926e+12
   9.00000   1.52938850032422e+02   5.58899308373513e+17
   9.00000   5.77052577592223e+02   3.49567378878678e+22
  10.00000   7.35109368574178e+00   3.20153201893346e+01
  10.00000   8.88663461653622e+00   9.57274162383965e+01
  10.00000   9.77079737961979e+00   4.08135888964075e+03
  10.00000   2.29437370198941e+01   5.74368509742008e+07
  10.00000   2.52264907049870e+01   2.69634917988583e+09
  10.00000   5.92367179650334e+01   5.10825989069428e+13
  10.00000   7.16104420569550e+01   3.67663776838529e+14
  10.00000   2.23505674212795e+02   1.60094698892109e+20
  10.00000   2.45743045614239e+02   4.66788071540015e+20
  10.00000   2.63207534219030e+03   5.94612229254523e+31
  10.00000   2.89394984335013e+03   0.00000000000000e+00
STATE 63 +3 28 Dy
   0.00000   3.13052955844579e+00   3.46130265818149e+00
   0.00000   3.44199703558947e+00   2.46866026614280e+01
   0.00000   1.89792387795959e+01   2.80911692901938e+03
   0.00000   4.90010765815139e+01   1.50461397861770e+04
   0.00000   1.68155278079983e+02   7.68261703756916e+04
   0.00000   1.84885642465352e+02   2.42853681493767e+05
   0.00000   8.43307801671317e+02   1.94217296598092e+05
   0.00000   9.27211482674269e+02   0.00000000000000e+00
   0.00000   3.49845559801755e+03   2.19315302677513e+05
   0.00000   1.20055275307370e+04   0.00000000000000e+00
   0.00000   1.32000000000000e+04   2.92596564723709e+05
   6.00000   4.77342407167925e+02   3.67467552543881e+16
   9.00000   6.08088221338569e+00   0.00000000000000e+00
   9.00000   1.89792387795959e+01   1.81137404744177e+07
   9.00000   5.38763672999781e+01   3.60132470126856e+12
   9.00000   1.52938850032422e+02   5.70467874949952e+17
   9.00000   5.77052577592223e+02   3.98040731711383e+22
  10.00000   6.68589072918179e+00   6.29404648526916e+00
  10.00000   8.88663461653622e+00   6.81983308974150e+02
  10.00000   9.77079737961979e+00   1.52382761674430e+03
  10.00000   2.29437370198941e+01   8.22033908953784e+07
  10.00000   2.52264907049870e+01   2.61637330482063e+09
  10.00000   5.92367179650334e+01   8.82387448603831e+13
  10.00000   7.16104420569550e+01   3.21967081292551e+14
  10.00000   1.68155278079983e+02   0.00000000000000e+00
  10.00000   2.23505674212795e+02   1.63927672311829e+20
  10.00000   2.45743045614239e+02   4.52725704698565e+20
  10.00000   2.89394984335013e+03   1.36037033630879e+32
STATE 64 +2 30 Dy
   0.00000   2.84724687876567e+00   1.39979039089809e+01
   0.00000   3.13052955844579e+00   4.50087391373299e+00
   0.00000   5.53062112302808e+00   8.67952444440284e+00
   0.00000   1.89792387795959e+01   2.68137494777853e+03
   0.00000   4.90010765815139e+01   1.58590383184863e+04
   0.00000   1.68155278079983e+02   4.08424583873964e+04
   0.00000   1.84885642465352e+02   2.81126721005130e+05
   0.00000   8.43307801671317e+02   1.89303905734349e+05
   0.00000   3.18187916644399e+03   0.00000000000000e+00
   0.00000   3.49845559801755e+03   2.16873882753728e+05
   0.00000   1.20055275307370e+04   2.87004784698576e+05
   0.00000   1.32000000000000e+04   0.00000000000000e+00
   6.00000   4.77342407167925e+02   7.35093582785168e+16
   9.00000   6.68589072918179e+00   3.18023974510816e+00
   9.00000   1.89792387795959e+01   2.22922218875741e+07
   9.00000   5.38763672999781e+01   6.90649612060107e+12
   9.00000   1.52938850032422e+02   4.16572518495712e+17
   9.00000   5.77052577592223e+02   2.30673474936584e+22
  10.00000   1.10280390037265e+00   2.41316761849836e-14
  10.00000   8.88663461653622e+00   6.31191364893621e+02
  10.00000   2.29437370198941e+01   0.00000000000000e+00
  10.00000   2.52264907049870e+01   2.79603454709356e+09
  10.00000   5.92367179650334e+01   4.13166163997385e+13
  10.00000   6.51303889093195e+01   0.00000000000000e+00
  10.00000   7.16104420569550e+01   3.65390954441236e+14
  10.00000   1.52938850032422e+02   1.83023628036999e+18
  10.00000   2.23505674212795e+02   2.90490406212534e+20
  10.00000   2.45743045614239e+02   1.60750399707903e+20
  10.00000   2.63207534219030e+03   2.46716170134128e+31
  10.00000   2.89394984335013e+03   2.33311481391178e+31
STATE 65 +1 31 Dy
   0.00000   1.21252576762243e+00   2.27401724546200e-02
   0.00000   1.33316425218622e+00   1.33417396383067e-01
   0.00000   2.84724687876567e+00   1.27787269147811e+01
   0.00000   3.13052955844579e+00   2.48858904944703e+00
   0.00000   5.03015334504463e+00   6.30436321030009e+00
   0.00000   1.89792387795959e+01   2.61176587344284e+03
   0.00000   4.45669525708421e+01   0.00000000000000e+00
   0.00000   4.90010765815139e+01   1.63735159504282e+04
   0.00000   1.68155278079983e+02   1.45947480280536e+04
   0.00000   1.84885642465352e+02   3.09517492492344e+05
   0.00000   8.43307801671317e+02   1.82830479957257e+05
   0.00000   3.49845559801755e+03   2.39575750996553e+05
   0.00000   3.84652934038934e+03   0.00000000000000e+00
   0.00000   1.32000000000000e+04   2.18970743895963e+05
   6.00000   4.77342407167925e+02   9.42384218330525e+16
   9.00000   1.89792387795959e+01   2.52356632350358e+06
   9.00000   5.38763672999781e+01   9.90093188296651e+12
   9.00000   1.52938850032422e+02   3.30224008662629e+17
   9.00000   5.77052577592223e+02   1.79759603924242e+22
  10.00000   3.13052955844579e+00   1.74548515576684e-04
  10.00000   8.88663461653622e+00   3.56625867682573e+02
  10.00000   9.77079737961979e+00   1.71136406863672e+03
  10.00000   1.89792387795959e+01   2.83232621406012e+07
  10.00000   2.52264907049870e+01   3.25582212818153e+09
  10.00000   5.92367179650334e+01   0.00000000000000e+00
  10.00000   7.16104420569550e+01   3.94229274795698e+14
  10.00000   1.52938850032422e+02   2.88254758115331e+18
  10.00000   2.23505674212795e+02   3.59001942565576e+20
  10.00000   2.45743045614239e+02   0.00000000000000e+00
  10.00000   2.63207534219030e+03   1.06692100525927e+31
  10.00000   2.89394984335013e+03   3.01912699048981e+31
STATE 66 +0 33 Dy
   0.00000   1.00301080204000e+00   5.75862040988908e-02
   0.00000   1.10280390037265e+00   3.65094055564981e-02
   0.00000   2.84724687876567e+00   1.34352705719373e+01
   0.00000   3.13052955844579e+00   1.62609943308518e+00
   0.00000   5.03015334504463e+00   6.56395396062462e+00
   0.00000   1.89792387795959e+01   2.61198541872184e+03
   0.00000   4.45669525708421e+01   0.00000000000000e+00
   0.00000   4.90010765815139e+01   1.63735643252685e+04
   0.00000   1.68155278079983e+02   1.44889753359028e+04
   0.00000   1.84885642465352e+02   3.09643364837620e+05
   0.00000   8.43307801671317e+02   1.82802023710191e+05
   0.00000   3.49845559801755e+03   2.39698216595053e+05
   0.00000   3.84652934038934e+03   0.00000000000000e+00
   0.00000   1.32000000000000e+04   2.18295577776495e+05
   6.00000   4.77342407167925e+02   9.43161673544353e+16
   8.00000   2.14213617773913e+00   2.04152760935090e-05
   9.00000   1.89792387795959e+01   1.68428912727347e+06
   9.00000   5.38763672999781e+01   9.90358096782652e+12
   9.00000   1.52938850032422e+02   3.30619847059218e+17
   9.00000   5.77052577592223e+02   1.79845090550668e+22
  10.00000   2.84724687876567e+00   0.00000000000000e+00
  10.00000   3.13052955844579e+00   3.07782751411370e-04
  10.00000   8.88663461653622e+00   2.74282480902329e+02
  10.00000   9.77079737961979e+00   2.00735268906780e+03
  10.00000   1.89792387795959e+01   2.94689692352350e+07
  10.00000   2.52264907049870e+01   3.27450801629787e+09
  10.00000   5.92367179650334e+01   0.00000000000000e+00
  10.00000   7.16104420569550e+01   3.94302380488182e+14
  10.00000   1.52938850032422e+02   2.87801888288376e+18
  10.00000   2.23505674212795e+02   3.58830391008533e+20
  10.00000   2.45743045614239e+02   2.04324645599792e+17
  10.00000   2.63207534219030e+03   1.05697357273711e+31
  10.00000   2.89394984335013e+03   3.03009361132458e+31
STATE 67 -1 34 Dy
   0.00000   1.10280390037265e+00   8.66751231514237e-02
   0.00000   2.84724687876567e+00   1.49788294484851e+01
   0.00000   3.13052955844579e+00   0.00000000000000e+00
   0.00000   5.53062112302808e+00   7.52059697205616e+00
   0.00000   1.89792387795959e+01   2.60903982571017e+03
   0.00000   4.45669525708421e+01   0.00000000000000e+00
   0.00000   4.90010765815139e+01   1.64573824719798e+04
   0.00000   1.68155278079983e+02   3.62472552519178e+03
   0.00000   1.84885642465352e+02   3.21710236397756e+05
   0.00000   8.43307801671317e+02   1.79786445989538e+05
   0.00000   3.49845559801755e+03   2.47432160982808e+05
   0.00000   1.32000000000000e+04   1.80513905295130e+05
   6.00000   4.77342407167925e+02   5.68459264389245e+16
   9.00000   2.35526489558771e+00   6.14923325562095e-05
   9.00000   1.89792387795959e+01   1.49493589273503e+06
   9.00000   5.38763672999781e+01   9.90161014505305e+12
   9.00000   1.52938850032422e+02   3.33470595872742e+17
   9.00000   5.77052577592223e+02   5.67615881820810e+22
   9.00000   2.63207534219030e+03   0.00000000000000e+00
  10.00000   1.21252576762243e+00   1.76009290653664e-11
  10.00000   1.33316425218622e+00   5.12632615784293e-09
  10.00000   3.44199703558947e+00   6.52829554416114e-04
  10.00000   8.88663461653622e+00   2.61063205348394e+02
  10.00000   9.77079737961979e+00   1.98857712818809e+03
  10.00000   1.89792387795959e+01   2.99658792745444e+07
  10.00000   2.52264907049870e+01   3.28177665154624e+09
  10.00000   5.92367179650334e+01   0.00000000000000e+00
  10.00000   7.16104420569550e+01   3.94146515604356e+14
  10.00000   1.52938850032422e+02   2.83103716925477e+18
  10.00000   2.23505674212795e+02   3.54616739870584e+20
  10.00000   2.45743045614239e+02   0.00000000000000e+00
  10.00000   9.27211482674269e+02   2.84946666731174e+26
  10.00000   2.63207534219030e+03   1.17256950190025e+31
  10.00000   2.89394984335013e+03   8.09798925199985e+30
# orbitals: 1s2
CORE 2 8 Dy
   0.00000   1.26512213373318e+02   4.99992606894080e+04
   0.00000   1.39099361710871e+02   1.17560928368616e+05
   0.00000   1.84885642465352e+02   0.00000000000000e+00
   0.00000   2.03280570078609e+02   7.53651198845619e+04
   0.00000   2.97075339981628e+02   4.73758574086121e+04
   0.00000   3.26632418085569e+02   0.00000000000000e+00
   0.00000   6.34465583017138e+02   0.00000000000000e+00
   0.00000   6.97590811764364e+02   1.44459622189475e+05
# orbitals: 1s2 2s2
CORE 4 17 Dy
   0.00000   4.05340739432041e+01   1.09581864817775e+03
   0.00000   4.45669525708421e+01   5.30569154798286e+02
   0.00000   1.52938850032422e+02   1.39304788153350e+05
   0.00000   1.68155278079983e+02   1.58488651533376e+05
   0.00000   6.34465583017138e+02   1.73158240478631e+05
   0.00000   2.39389795330603e+03   1.74289695770826e+05
   0.00000   2.63207534219030e+03   1.05760535663127e+03
   0.00000   8.21505575216570e+03   2.82965712019193e+05
   4.00000   7.16104420569550e+01   8.84223814523143e+08
   5.00000   7.87352186508858e+01   0.00000000000000e+00
   5.00000   8.65688645110203e+01   2.63592174141133e+10
   9.00000   5.24834894467134e+02   3.03641203969605e+21
  10.00000   1.68155278079983e+02   2.10292116598524e+18
  10.00000   1.84885642465352e+02   3.34196340616479e+18
  10.00000   5.24834894467134e+02   9.18800779387781e+23
  10.00000   2.17727331698412e+03   4.85489822145023e+30
  10.00000   2.39389795330603e+03   0.00000000000000e+00
# orbitals: 1s2 2s2 2p6
CORE 10 16 Dy
   0.00000   4.05340739432041e+01   0.00000000000000e+00
   0.00000   4.45669525708421e+01   1.37045862727973e+04
   0.00000   1.68155278079983e+02   1.57545182950870e+05
   0.00000   1.84885642465352e+02   1.52370740808594e+05
   0.00000   8.43307801671317e+02   1.96756229072712e+05
   0.00000   3.84652934038934e+03   2.49757882610778e+05
   3.00000   6.51303889093195e+01   1.43967164203338e+08
   4.00000   7.87352186508858e+01   2.42325551674160e+09
   6.00000   4.77342407167925e+02   4.67272943776277e+16
   8.00000   1.39099361710871e+02   3.49230582044883e+15
   8.00000   5.24834894467134e+02   0.00000000000000e+00
  10.00000   1.84885642465352e+02   0.00000000000000e+00
  10.00000   2.03280570078609e+02   3.02345494433380e+19
  10.00000   5.77052577592223e+02   3.59187023377204e+24
  10.00000   2.89394984335013e+03   1.69652346661378e+32
  10.00000   3.18187916644399e+03   0.00000000000000e+00
# orbitals: 1s2 2s2 2p6 3s2
CORE 12 19 Dy
   0.00000   3.68661318680352e+01   7.41410006332998e+03
   0.00000   4.05340739432041e+01   6.84951242916452e+03
   0.00000   1.84885642465352e+02   3.32445098806567e+05
   0.00000   9.27211482674269e+02   1.71164485446358e+05
   0.00000   1.01946303816847e+03   2.68018573160033e+04
   0.00000   4.22923417260469e+03   2.70239261414424e+05
   5.00000   4.34147531124453e+02   1.24907385351245e+15
   6.00000   4.77342407167925e+02   0.00000000000000e+00
   8.00000   1.26512213373318e+02   3.68736450687826e+15
   9.00000   4.05340739432041e+01   1.48028249952373e+10
  10.00000   4.05340739432041e+01   8.70513612424582e+09
  10.00000   5.38763672999781e+01   3.83618203109593e+12
  10.00000   5.92367179650334e+01   1.18643765939239e+13
  10.00000   1.39099361710871e+02   6.41801744739086e+17
  10.00000   2.03280570078609e+02   1.13902781191718e+20
  10.00000   2.23505674212795e+02   0.00000000000000e+00
  10.00000   5.77052577592223e+02   3.53897895333594e+24
  10.00000   3.18187916644399e+03   3.36328667651364e+32
  10.00000   3.49845559801755e+03   0.00000000000000e+00
# orbitals: 1s2 2s2 2p6 3s2 3p6
CORE 18 19 Dy
   0.00000   1.72618010364295e+01   3.10955120162560e+02
   0.00000   1.89792387795959e+01   1.73821817739628e+02
   0.00000   4.05340739432041e+01   0.00000000000000e+00
   0.00000   4.45669525708421e+01   1.80786431990902e+04
   0.00000   1.84885642465352e+02   3.25654518338428e+05
   0.00000   9.27211482674269e+02   1.99509173283150e+05
   0.00000   4.22923417260469e+03   2.72502192699264e+05
   6.00000   4.77342407167925e+02   8.72585779794815e+16
   7.00000   3.68661318680352e+01   1.32662748204322e+09
   7.00000   1.26512213373318e+02   3.40688253152552e+14
   8.00000   4.05340739432041e+01   0.00000000000000e+00
   8.00000   1.39099361710871e+02   0.00000000000000e+00
  10.00000   4.45669525708421e+01   6.66726751431236e+11
  10.00000   5.92367179650334e+01   7.04302510869561e+13
  10.00000   1.52938850032422e+02   3.26862710242331e+18
  10.00000   2.23505674212795e+02   2.80713887194611e+20
  10.00000   6.34465583017138e+02   7.28503528096928e+24
  10.00000   3.18187916644399e+03   1.93948090103612e+32
  10.00000   3.49845559801755e+03   3.39401760678300e+32
# orbitals: 1s2 2s2 2p6 3s2 3p6 3d10
CORE 28 21 Dy
   0.00000   1.72618010364295e+01   8.30369001521851e+02
   0.00000   1.89792387795959e+01   1.49865990270699e+03
   0.00000   4.45669525708421e+01   1.45422449496615e+04
   0.00000   1.84885642465352e+02   3.29641204648382e+05
   0.00000   9.27211482674269e+02   0.00000000000000e+00
   0.00000   1.01946303816847e+03   2.22488965252729e+05
   0.00000   4.65001566448909e+03   0.00000000000000e+00
   0.00000   5.11266219781748e+03   2.74667702845009e+05
   6.00000   4.77342407167925e+02   9.39997653034322e+16
   7.00000   3.68661318680352e+01   1.84770341671094e+09
   7.00000   5.24834894467134e+02   0.00000000000000e+00
   8.00000   4.05340739432041e+01   4.20205540906389e+10
   9.00000   1.52938850032422e+02   4.00844933669832e+17
  10.00000   5.92367179650334e+01   5.12617053621367e+13
  10.00000   6.51303889093195e+01   1.55615455841405e+14
  10.00000   1.52938850032422e+02   1.07739498886522e+18
  10.00000   2.23505674212795e+02   2.40582998970833e+20
  10.00000   2.45743045614239e+02   0.00000000000000e+00
  10.00000   6.34465583017138e+02   1.01433876082964e+25
  10.00000   3.18187916644399e+03   2.77398821950927e+31
  10.00000   3.49845559801755e+03   1.43754797548922e+33
# orbitals: 1s2 2s2 2p6 3s2 3p6 3d10 4s2
CORE 30 23 Dy
   0.00000   8.88663461653622e+00   0.00000000000000e+00
   0.00000   1.42790968773832e+01   1.40124926139947e+03
   0.00000   4.45669525708421e+01   1.56154966921964e+04
   0.00000   4.90010765815139e+01   0.00000000000000e+00
   0.00000   1.68155278079983e+02   5.33930379502685e+04
   0.00000   1.84885642465352e+02   2.70273515327789e+05
   0.00000   8.43307801671317e+02   1.18217498613615e+05
   0.00000   9.27211482674269e+02   8.09403947402254e+04
   0.00000   4.22923417260469e+03   2.90688245174514e+05
   0.00000   1.32000000000000e+04   2.45257236852073e+04
   6.00000   4.77342407167925e+02   6.88929262678380e+16
   9.00000   4.90010765815139e+01   1.58429561403006e+12
   9.00000   1.52938850032422e+02   3.06525259606980e+17
   9.00000   5.77052577592223e+02   3.39018298963857e+22
  10.00000   1.56997748161332e+01   3.11039947200209e+04
  10.00000   2.29437370198941e+01   1.02897956103349e+08
  10.00000   2.52264907049870e+01   3.49245422185849e+07
  10.00000   5.38763672999781e+01   4.46457639612064e+12
  10.00000   6.51303889093195e+01   2.10960334648040e+14
  10.00000   1.52938850032422e+02   3.15841178889683e+18
  10.00000   2.23505674212795e+02   3.41995989993422e+20
  10.00000   2.89394984335013e+03   1.20446273764730e+32
  10.00000   3.18187916644399e+03   0.00000000000000e+00
# orbitals: 1s2 2s2 2p6 3s2 3p6 3d10 4s2 4p6
CORE 36 26 Dy
   0.00000   8.08248004124438e+00   1.71258632745342e+00
   0.00000   8.88663461653622e+00   0.00000000000000e+00
   0.00000   1.56997748161332e+01   1.65178141966117e+03
   0.00000   4.90010765815139e+01   1.83613357505754e+04
   0.00000   1.84885642465352e+02   3.24026698804218e+05
   0.00000   8.43307801671317e+02   7.33177646017355e+04
   0.00000   9.27211482674269e+02   1.24708142551593e+05
   0.00000   4.22923417260469e+03   2.76494001347006e+05
   0.00000   1.32000000000000e+04   9.22733392832248e+04
   6.00000   4.77342407167925e+02   5.41466389305099e+16
   7.00000   5.24834894467134e+02   6.09638835985216e+18
   8.00000   4.90010765815139e+01   6.64802782799059e+11
   9.00000   1.72618010364295e+01   1.79422325530428e+06
   9.00000   5.38763672999781e+01   0.00000000000000e+00
   9.00000   1.52938850032422e+02   3.10622643832289e+17
   9.00000   5.77052577592223e+02   0.00000000000000e+00
  10.00000   1.72618010364295e+01   8.16404661964261e+05
  10.00000   2.29437370198941e+01   1.56699086892658e+08
  10.00000   2.52264907049870e+01   1.19010417062030e+09
  10.00000   6.51303889093195e+01   1.09220085254388e+14
  10.00000   1.52938850032422e+02   3.80201830565724e+18
  10.00000   2.23505674212795e+02   3.93370904952510e+20
  10.00000   2.45743045614239e+02   0.00000000000000e+00
  10.00000   6.34465583017138e+02   9.24370570427278e+23
  10.00000   2.89394984335013e+03   9.86171911840437e+31
  10.00000   3.18187916644399e+03   0.00000000000000e+00
# orbitals: 1s2 2s2 2p6 3s2 3p6 3d10 4s2 4p6 4d10
CORE 46 26 Dy
   0.00000   6.08088221338569e+00   2.55671749623878e+01
   0.00000   1.89792387795959e+01   2.51812941913018e+03
   0.00000   4.45669525708421e+01   1.34302175047095e+04
   0.00000   1.68155278079983e+02   1.27383147467249e+05
   0.00000   1.84885642465352e+02   1.89268903168295e+05
   0.00000   8.43307801671317e+02   2.08604783213637e+05
   0.00000   3.49845559801755e+03   0.00000000000000e+00
   0.00000   3.84652934038934e+03   1.95107560263668e+05
   0.00000   1.32000000000000e+04   4.98430736912327e+05
   5.00000   1.07429286285651e+01   1.67866013050075e+03
   6.00000   4.77342407167925e+02   1.77028913344183e+16
   7.00000   1.42790968773832e+01   2.36602673285454e+05
   8.00000   1.56997748161332e+01   3.06533640571774e+05
   8.00000   1.72618010364295e+01   2.28913446799594e+06
   9.00000   5.38763672999781e+01   1.01149902844563e+13
   9.00000   1.52938850032422e+02   4.84908375837244e+17
   9.00000   5.77052577592223e+02   3.70258644006786e+22
  10.00000   2.29437370198941e+01   1.64693824104429e+08
  10.00000   2.52264907049870e+01   1.96805514453382e+09
  10.00000   6.51303889093195e+01   0.00000000000000e+00
  10.00000   7.16104420569550e+01   3.57928898341488e+14
  10.00000   1.52938850032422e+02   6.70495449709573e+17
  10.00000   2.23505674212795e+02   1.90744679072741e+20
  10.00000   2.45743045614239e+02   3.67209741388366e+20
  10.00000   2.63207534219030e+03   6.67325366483447e+31
  10.00000   2.89394984335013e+03   0.00000000000000e+00
# orbitals: 1s2 2s2 2p6 3s2 3p6 3d10 4s2 4p6 4d10 5s2
CORE 48 27 Dy
   0.00000   3.78445351555426e+00   6.70418796661066e+00
   0.00000   4.16098220402396e+00   1.24048903409483e+01
   0.00000   1.89792387795959e+01   9.27268515502165e+02
   0.00000   2.08675504886612e+01   2.01748599605028e+03
   0.00000   4.45669525708421e+01   1.25476817088316e+04
   0.00000   1.68155278079983e+02   1.47116241556116e+05
   0.00000   1.84885642465352e+02   1.68539398442567e+05
   0.00000   8.43307801671317e+02   2.13057302700483e+05
   0.00000   3.49845559801755e+03   0.00000000000000e+00
   0.00000   3.84652934038934e+03   1.78695910208791e+05
   0.00000   1.32000000000000e+04   5.86258070468422e+05
   6.00000   4.77342407167925e+02   2.07104209556455e+15
   9.00000   1.72618010364295e+01   1.76304016725932e+06
   9.00000   5.38763672999781e+01   1.04186311694259e+13
   9.00000   1.52938850032422e+02   5.39337633571613e+17
   9.00000   5.77052577592223e+02   4.25901849152516e+22
  10.00000   3.78445351555426e+00   1.88063854290441e-06
  10.00000   8.88663461653622e+00   1.19548070320470e+02
  10.00000   1.89792387795959e+01   1.54814811600752e+07
  10.00000   2.29437370198941e+01   1.77782006324442e+08
  10.00000   2.52264907049870e+01   2.19165203354943e+09
  10.00000   5.92367179650334e+01   0.00000000000000e+00
  10.00000   7.16104420569550e+01   3.78008630658463e+14
  10.00000   2.23505674212795e+02   1.41464973850318e+20
  10.00000   2.45743045614239e+02   4.83866477941748e+20
  10.00000   2.63207534219030e+03   7.43839618379154e+31
  10.00000   2.89394984335013e+03   0.00000000000000e+00
# orbitals: 1s2 2s2 2p6 3s2 3p6 3d10 4s2 4p6 4d10 5s2 5p6
CORE 54 29 Dy
   0.00000   2.84724687876567e+00   6.95638735855138e+00
   0.00000   3.13052955844579e+00   2.16100161370207e+00
   0.00000   1.89792387795959e+01   2.45904976989908e+03
   0.00000   4.45669525708421e+01   1.43635373826044e+04
   0.00000   4.90010765815139e+01   0.00000000000000e+00
   0.00000   1.68155278079983e+02   6.01142542211674e+04
   0.00000   1.84885642465352e+02   2.62993270429844e+05
   0.00000   8.43307801671317e+02   1.90806217733559e+05
   0.00000   3.49845559801755e+03   1.08926808659350e+05
   0.00000   3.84652934038934e+03   1.32252248229478e+05
   0.00000   1.32000000000000e+04   2.35289083974208e+05
   6.00000   4.77342407167925e+02   6.87212418290917e+16
   9.00000   6.08088221338569e+00   3.96868201934458e+00
   9.00000   1.89792387795959e+01   1.87994906190778e+07
   9.00000   5.38763672999781e+01   9.93993139552837e+12
   9.00000   1.52938850032422e+02   3.84032788491332e+17
   9.00000   5.77052577592223e+02   3.15563518717864e+22
  10.00000   6.08088221338569e+00   0.00000000000000e+00
  10.00000   8.88663461653622e+00   6.86065138282151e+02
  10.00000   9.77079737961979e+00   1.20478380711784e+03
  10.00000   2.08675504886612e+01   0.00000000000000e+00
  10.00000   2.52264907049870e+01   2.65149097499052e+09
  10.00000   5.92367179650334e+01   4.02474329257658e+12
  10.00000   7.16104420569550e+01   4.20966488985990e+14
  10.00000   1.52938850032422e+02   1.64099501037643e+18
  10.00000   2.23505674212795e+02   2.87396359358060e+20
  10.00000   2.45743045614239e+02   7.69319205001788e+19
  10.00000   2.63207534219030e+03   2.25443207116601e+31
  10.00000   2.89394984335013e+03   3.03471494522126e+31
# orbitals: 1s2 2s2 2p6 3s2 3p6 3d10 4s2 4p6 4d10 4f9
CORE 55 30 Dy
   0.00000   1.46580548699786e+00   2.72291133041238e-02
   0.00000   1.61164366820489e+00   0.00000000000000e+00
   0.00000   2.14213617773913e+00   3.59285114440495e-01
   0.00000   4.16098220402396e+00   1.73140006719052e+01
   0.00000   4.57497306573954e+00   1.47433660901965e+01
   0.00000   1.89792387795959e+01   2.79008666172951e+03
   0.00000   4.90010765815139e+01   1.45067518436722e+04
   0.00000   1.68155278079983e+02   1.16806914624758e+05
   0.00000   1.84885642465352e+02   1.99246005942972e+05
   0.00000   8.43307801671317e+02   2.03896049476951e+05
   0.00000   9.27211482674269e+02   0.00000000000000e+00
   0.00000   4.22923417260469e+03   3.03828969658319e+05
   0.00000   4.65001566448909e+03   0.00000000000000e+00
   6.00000   4.77342407167925e+02   1.61501562392276e+15
   8.00000   1.56997748161332e+01   2.03886849705994e+06
   9.00000   5.38763672999781e+01   9.10331312747511e+12
   9.00000   1.52938850032422e+02   5.92860817236849e+17
   9.00000   5.77052577592223e+02   4.80050665667703e+22
  10.00000   7.35109368574178e+00   3.97665990510191e+00
  10.00000   1.72618010364295e+01   0.00000000000000e+00
  10.00000   2.29437370198941e+01   2.36933212977567e+08
  10.00000   2.52264907049870e+01   2.17681175269801e+09
  10.00000   5.92367179650334e+01   0.00000000000000e+00
  10.00000   6.51303889093195e+01   5.39049440629637e+13
  10.00000   7.16104420569550e+01   2.06659816169295e+14
  10.00000   1.68155278079983e+02   0.00000000000000e+00
  10.00000   2.23505674212795e+02   1.20297129952848e+20
  10.00000   2.45743045614239e+02   6.13511752728152e+20
  10.00000   2.89394984335013e+03   1.83891661370962e+32
  10.00000   3.18187916644399e+03   0.00000000000000e+00
# orbitals: 1s2 2s2 2p6 3s2 3p6 3d10 4s2 4p6 4d10 5s2 5p6 6s2
CORE 56 34 Dy
   0.00000   1.00301080204000e+00   0.00000000000000e+00
   0.00000   1.10280390037265e+00   7.61098518460809e-02
   0.00000   2.58959854468380e+00   5.02697144597487e+00
   0.00000   2.84724687876567e+00   1.68423946427249e+00
   0.00000   1.89792387795959e+01   2.51540864908315e+03
   0.00000   4.45669525708421e+01   1.37757783770829e+04
   0.00000   1.68155278079983e+02   1.05341250587998e+05
   0.00000   1.84885642465352e+02   2.13523307451762e+05
   0.00000   8.43307801671317e+02   2.02764268756925e+05
   0.00000   3.18187916644399e+03   0.00000000000000e+00
   0.00000   3.49845559801755e+03   1.74275713104599e+05
   0.00000   1.32000000000000e+04   5.89053483475637e+05
   6.00000   4.77342407167925e+02   3.44230676816678e+16
   9.00000   2.14213617773913e+00   1.91960361435052e-06
   9.00000   1.89792387795959e+01   1.44391103525607e+07
   9.00000   5.38763672999781e+01   1.02859675174869e+13
   9.00000   1.52938850032422e+02   4.52281119608972e+17
   9.00000   5.77052577592223e+02   3.41028796661181e+22
  10.00000   2.14213617773913e+00   4.08011453266873e-07
  10.00000   3.13052955844579e+00   4.29621540306757e-04
  10.00000   8.88663461653622e+00   4.54997178377506e+02
  10.00000   9.77079737961979e+00   1.75661295877092e+03
  10.00000   1.89792387795959e+01   7.05968504848266e+06
  10.00000   2.52264907049870e+01   2.72133024463409e+09
  10.00000   2.77363636419388e+01   2.19074262254392e+08
  10.00000   5.92367179650334e+01   0.00000000000000e+00
  10.00000   7.16104420569550e+01   4.05508271034466e+14
  10.00000   1.52938850032422e+02   1.01555653303256e+18
  10.00000   2.23505674212795e+02   2.25023886074193e+20
  10.00000   2.45743045614239e+02   2.76149337090317e+20
  10.00000   5.77052577592223e+02   0.00000000000000e+00
  10.00000   9.27211482674269e+02   0.00000000000000e+00
  10.00000   2.63207534219030e+03   5.44282108854582e+31
  10.00000   2.89394984335013e+03   7.57574848356558e+30
# orbitals: 1s2 2s2 2p6 3s2 3p6 3d10 4s2 4p6 4d10 4f9 5s2
CORE 57 30 Dy
   0.00000   1.61164366820489e+00   8.34239816165587e-02
   0.00000   1.77199180676058e+00   0.00000000000000e+00
   0.00000   3.13052955844579e+00   2.57038360956741e+00
   0.00000   3.78445351555426e+00   2.66896939049893e+01
   0.00000   4.16098220402396e+00   0.00000000000000e+00
   0.00000   1.89792387795959e+01   2.50978694279141e+03
   0.00000   4.45669525708421e+01   1.34251117464437e+04
   0.00000   4.90010765815139e+01   0.00000000000000e+00
   0.00000   1.68155278079983e+02   1.18191112732826e+05
   0.00000   1.84885642465352e+02   2.00518539247591e+05
   0.00000   8.43307801671317e+02   2.00369184351544e+05
   0.00000   9.27211482674269e+02   0.00000000000000e+00
   0.00000   3.49845559801755e+03   2.05543602391217e+05
   0.00000   3.84652934038934e+03   0.00000000000000e+00
   0.00000   1.32000000000000e+04   3.55763962808075e+05
   6.00000   4.77342407167925e+02   1.21961943981124e+16
   8.00000   1.72618010364295e+01   1.02020012641485e+06
   9.00000   1.72618010364295e+01   5.21781640850768e+06
   9.00000   5.38763672999781e+01   7.91061455697083e+12
   9.00000   1.52938850032422e+02   5.45305502632716e+17
   9.00000   5.77052577592223e+02   5.14215570492698e+22
  10.00000   8.08248004124438e+00   5.28440850752141e+00
  10.00000   2.29437370198941e+01   1.74551914004048e+08
  10.00000   2.52264907049870e+01   2.34543226345569e+09
  10.00000   5.92367179650334e+01   2.88287486958219e+13
  10.00000   6.51303889093195e+01   0.00000000000000e+00
  10.00000   7.16104420569550e+01   3.57638254450793e+14
  10.00000   2.23505674212795e+02   1.42463831357227e+20
  10.00000   2.45743045614239e+02   4.64136286289215e+20
  10.00000   2.89394984335013e+03   1.72328406451928e+32
# orbitals: 1s2 2s2 2p6 3s2 3p6 3d10 4s2 4p6 4d10 4f10 5s2
CORE 58 30 Dy
   0.00000   1.61164366820489e+00   9.23662026394713e-02
   0.00000   1.77199180676058e+00   0.00000000000000e+00
   0.00000   3.13052955844579e+00   3.11748970250933e+00
   0.00000   3.78445351555426e+00   2.74097653576111e+01
   0.00000   4.16098220402396e+00   0.00000000000000e+00
   0.00000   1.89792387795959e+01   2.50324342690414e+03
   0.00000   4.45669525708421e+01   1.34244838358221e+04
   0.00000   4.90010765815139e+01   0.00000000000000e+00
   0.00000   1.68155278079983e+02   1.19029197653708e+05
   0.00000   1.84885642465352e+02   1.99599561952200e+05
   0.00000   8.43307801671317e+02   2.00556439121652e+05
   0.00000   9.27211482674269e+02   0.00000000000000e+00
   0.00000   3.49845559801755e+03   2.05149382530278e+05
   0.00000   3.84652934038934e+03   0.00000000000000e+00
   0.00000   1.32000000000000e+04   3.57443176568030e+05
   6.00000   4.77342407167925e+02   1.13916923309623e+16
   8.00000   1.72618010364295e+01   1.09904357463690e+06
   9.00000   1.72618010364295e+01   5.36363220196670e+06
   9.00000   5.38763672999781e+01   7.92534269469318e+12
   9.00000   1.52938850032422e+02   5.46234258614636e+17
   9.00000   5.77052577592223e+02   5.15775786437645e+22
  10.00000   8.08248004124438e+00   2.47632641657788e+00
  10.00000   2.29437370198941e+01   1.62778268709754e+08
  10.00000   2.52264907049870e+01   2.39413146175921e+09
  10.00000   5.92367179650334e+01   2.84051326129274e+13
  10.00000   6.51303889093195e+01   0.00000000000000e+00
  10.00000   7.16104420569550e+01   3.57485953222434e+14
  10.00000   2.23505674212795e+02   1.41337868405489e+20
  10.00000   2.45743045614239e+02   4.68848606834881e+20
  10.00000   2.89394984335013e+03   1.73603812330128e+32
# orbitals: 1s2 2s2 2p6 3s2 3p6 3d10 4s2 4p6 4d10 4f10 5s2 5p6
CORE 64 30 Dy
   0.00000   1.46580548699786e+00   1.17111600674665e-02
   0.00000   2.58959854468380e+00   1.30271936205884e+00
   0.00000   2.84724687876567e+00   1.50255802164425e+01
   0.00000   5.03015334504463e+00   1.07671515459860e+01
   0.00000   1.89792387795959e+01   2.68552344890684e+03
   0.00000   4.90010765815139e+01   1.58366871003349e+04
   0.00000   1.68155278079983e+02   4.17608276851550e+04
   0.00000   1.84885642465352e+02   2.80141472155965e+05
   0.00000   8.43307801671317e+02   1.89512082130430e+05
   0.00000   3.49845559801755e+03   2.16194922925070e+05
   0.00000   1.20055275307370e+04   2.90238290149750e+05
   0.00000   1.32000000000000e+04   0.00000000000000e+00
   6.00000   4.77342407167925e+02   7.27698513777143e+16
   7.00000   5.24834894467134e+02   0.00000000000000e+00
   9.00000   1.89792387795959e+01   2.23692849563002e+07
   9.00000   5.38763672999781e+01   6.79770506382077e+12
   9.00000   1.52938850032422e+02   4.20267344852767e+17
   9.00000   5.77052577592223e+02   2.33184460220628e+22
  10.00000   2.84724687876567e+00   4.29266713527882e-07
  10.00000   3.13052955844579e+00   6.79262308624816e-06
  10.00000   8.88663461653622e+00   6.12380352655152e+02
  10.00000   2.29437370198941e+01   0.00000000000000e+00
  10.00000   2.52264907049870e+01   2.78892914726479e+09
  10.00000   5.92367179650334e+01   4.28588869155848e+13
  10.00000   7.16104420569550e+01   3.63829173294221e+14
  10.00000   1.52938850032422e+02   1.78372688609285e+18
  10.00000   2.23505674212795e+02   2.87587943988157e+20
  10.00000   2.45743045614239e+02   1.67053828421158e+20
  10.00000   2.63207534219030e+03   2.50396258069273e+31
  10.00000   2.89394984335013e+03   2.33357861311840e+31
