# Free-atom, free-ion and frozen-core density fits -- Rb (Z = 37)
#
#   rho(r) = sum_i c_i r^n_i exp(-alpha_i r)      r in bohr, rho in e/bohr^3
#
# All-electron B86BPBE densities (scalar-relativistic, spin-restricted),
# fitted with rhofit.py (monotone decay imposed).  Two kinds of block:
#
#   STATE <N> <q> <nterm> <symbol>
#     the atom or ion with N electrons (charge q), in order of increasing N;
#   CORE <N_core> <nterm> <symbol>
#     the frozen core of the neutral atom with N_core electrons, for a
#     pseudopotential with Z - N_core valence electrons, in order of
#     increasing N_core, each preceded by a '# orbitals:' comment.
#
# Each block header is followed by nterm lines:   n   alpha   c
#
# Generated 2026-09-23 by combine_fits.py from
#   /home/alberto/doc/manuals/critic2/atomic_density_fits/15_rhofit/rho_b86bpbe_mono/fit_037_Rb.dat
#     recipe: --npow 0,1,2,3,4,5,6,7,8,9,10 --amin 0.2 --ratio 1.1 --mom 3 --cusp none --targetz 1e-3 --besteffort --monotone --stats
#   /home/alberto/doc/manuals/critic2/atomic_density_fits/15_rhofit/core_b86bpbe_mono/core_037_Rb.dat
#     recipe: --npow 0,1,2,3,4,5,6,7,8,9,10 --amin 0.2 --ratio 1.1 --mom 3 --cusp none --besteffort --monotone --stats --target 1e-3*N_core
#
STATE 36 +1 25 Rb
   0.00000   2.13749081815700e+00   2.44710438748103e-01
   0.00000   2.34995328154931e+00   2.39483109726804e+00
   0.00000   6.66444370329191e+00   1.12203130531883e+02
   0.00000   2.28443349885273e+01   2.03375003894100e+03
   0.00000   8.60890879546106e+01   2.16417143335422e+04
   0.00000   9.46461772027434e+01   1.87907352733505e+04
   0.00000   6.92400635094236e+02   2.50680290989185e+03
   0.00000   7.61223922350910e+02   4.54698702660082e+03
   3.00000   1.83733298030772e+02   9.11901588465966e+08
   4.00000   2.01996033372236e+02   5.00546740667114e+10
   7.00000   5.01532397305603e+00   2.48165397007298e+00
   7.00000   5.51383749974559e+00   0.00000000000000e+00
   7.00000   6.47863026322838e+01   3.73095023868605e+11
   8.00000   5.51383749974559e+00   2.60772311183649e+00
   8.00000   2.07789476787755e+01   0.00000000000000e+00
   9.00000   2.07789476787755e+01   6.42579884050004e+06
   9.00000   7.12259361195533e+01   1.69195469903243e+13
  10.00000   8.85582070330015e+00   9.03132838072372e+02
  10.00000   2.28443349885273e+01   2.75894148721384e+08
  10.00000   3.03559222271763e+01   1.23969378979270e+10
  10.00000   7.83056567512572e+01   2.67919994445289e+14
  10.00000   1.14396574024638e+02   5.10124769290249e+16
  10.00000   3.24427525186386e+02   6.73977300506054e+20
  10.00000   2.60931820534026e+03   3.42091676450417e+30
  10.00000   2.86867940070624e+03   0.00000000000000e+00
STATE 37 +0 29 Rb
   0.00000   1.94423737423973e+00   4.60378902069349e-01
   0.00000   2.13749081815700e+00   2.33685874483750e+00
   0.00000   6.66444370329191e+00   0.00000000000000e+00
   0.00000   7.32687654946509e+00   1.29674822081078e+02
   0.00000   2.28443349885273e+01   2.00505708050933e+03
   0.00000   8.60890879546106e+01   2.10722096731709e+04
   0.00000   9.46461772027434e+01   1.94730062189579e+04
   0.00000   7.61223922350910e+02   7.00402151890980e+03
   0.00000   4.19084787780135e+03   5.83626126208916e+03
   3.00000   1.83733298030772e+02   7.04064709293198e+08
   4.00000   2.01996033372236e+02   5.93647329156645e+10
   6.00000   1.33085090850179e+00   4.72650480959958e-07
   7.00000   1.46313492115171e+00   2.61671701505531e-06
   7.00000   6.47863026322838e+01   3.91907972128920e+11
   8.00000   6.06190230918928e+00   0.00000000000000e+00
   9.00000   2.07789476787755e+01   4.16249595190109e+07
   9.00000   7.12259361195533e+01   1.43384441961425e+13
  10.00000   2.34995328154931e+00   0.00000000000000e+00
  10.00000   2.58353410389188e+00   2.08328629474807e-05
  10.00000   6.66444370329191e+00   6.79772519251496e+00
  10.00000   8.85582070330015e+00   7.48795507149662e+02
  10.00000   2.28443349885273e+01   1.17232183774332e+08
  10.00000   3.03559222271763e+01   1.28444516173538e+10
  10.00000   7.83056567512572e+01   2.58703637022832e+14
  10.00000   1.14396574024638e+02   4.88090663981679e+16
  10.00000   3.24427525186386e+02   8.59051875291058e+20
  10.00000   5.72858704582419e+02   1.65094718918646e+23
  10.00000   2.60931820534026e+03   2.80253529692345e+30
  10.00000   2.86867940070624e+03   0.00000000000000e+00
STATE 38 -1 29 Rb
   0.00000   7.53701852103338e-01   1.09196060901919e-02
   0.00000   1.94423737423973e+00   1.31983611012885e-01
   0.00000   2.13749081815700e+00   2.73903885780000e+00
   0.00000   6.66444370329191e+00   0.00000000000000e+00
   0.00000   7.32687654946509e+00   1.29834035751058e+02
   0.00000   2.28443349885273e+01   2.00108406243984e+03
   0.00000   8.60890879546106e+01   2.15201929183438e+04
   0.00000   9.46461772027434e+01   1.89797935561142e+04
   0.00000   6.92400635094236e+02   6.29726642837746e+03
   0.00000   7.61223922350910e+02   0.00000000000000e+00
   0.00000   4.19084787780135e+03   1.00676982367071e+04
   3.00000   1.83733298030772e+02   7.60883473052613e+08
   4.00000   2.01996033372236e+02   5.57479000291032e+10
   7.00000   1.60856770943908e+00   1.01817903196031e-05
   7.00000   6.47863026322838e+01   3.80860199739711e+11
   8.00000   6.06190230918928e+00   8.48567632726278e+00
   9.00000   2.07789476787755e+01   3.68336008022553e+07
   9.00000   7.12259361195533e+01   1.22043224432615e+13
  10.00000   1.76845623629386e+00   4.58783948797492e-08
  10.00000   2.58353410389188e+00   2.32741304484052e-05
  10.00000   2.84033240932001e+00   3.06950485631725e-05
  10.00000   8.85582070330015e+00   6.64918172166095e+02
  10.00000   2.28443349885273e+01   1.42104085015213e+08
  10.00000   3.03559222271763e+01   1.28391529815074e+10
  10.00000   7.83056567512572e+01   3.20432494195966e+14
  10.00000   1.14396574024638e+02   4.99555986242201e+16
  10.00000   3.24427525186386e+02   8.11243259120989e+20
  10.00000   5.72858704582419e+02   1.29800379173487e+23
  10.00000   2.60931820534026e+03   1.52355081709465e+30
# orbitals: 1s2
CORE 2 5 Rb
   0.00000   7.12259361195533e+01   2.16381615696600e+04
   0.00000   7.83056567512572e+01   6.14361546746265e+03
   0.00000   1.04053824612662e+02   7.45621103093027e+03
   0.00000   2.22074049371736e+02   0.00000000000000e+00
   0.00000   2.44147781424399e+02   4.08598206468763e+03
# orbitals: 1s2 2s2
CORE 4 16 Rb
   0.00000   1.89002948369530e+01   4.16779454524946e+01
   0.00000   2.07789476787755e+01   8.66746440237359e+01
   0.00000   7.83056567512572e+01   1.92094965997296e+04
   0.00000   8.60890879546106e+01   2.13992279032363e+04
   0.00000   5.21065772141198e+02   6.24896280361500e+03
   0.00000   2.60931820534026e+03   6.61006751358470e+03
   4.00000   3.66904782293382e+01   1.21655147042702e+07
   4.00000   1.83733298030772e+02   0.00000000000000e+00
   5.00000   4.43469047859252e+01   0.00000000000000e+00
   5.00000   2.01996033372236e+02   1.78108495084859e+12
   7.00000   5.89288851425796e+01   2.86009336959739e+10
  10.00000   8.60890879546106e+01   1.50300457751536e+14
  10.00000   9.46461772027434e+01   1.03594235972901e+15
  10.00000   2.68415599855507e+02   1.69514048921119e+20
  10.00000   4.73955508967988e+02   5.77102321099740e+22
  10.00000   1.96364118765238e+03   3.40149187286741e+28
# orbitals: 1s2 2s2 2p6
CORE 10 18 Rb
   0.00000   2.07789476787755e+01   3.10846362368980e+02
   0.00000   2.28443349885273e+01   1.40762325959678e+03
   0.00000   8.60890879546106e+01   2.68044997334235e+04
   0.00000   9.46461772027434e+01   1.34150360341936e+04
   0.00000   7.61223922350910e+02   6.92361732703662e+03
   3.00000   3.33732423298621e+01   2.90519800124208e+06
   3.00000   1.83733298030772e+02   0.00000000000000e+00
   4.00000   4.03374409771681e+01   1.21888955755236e+07
   4.00000   2.01996033372236e+02   1.04853139418571e+11
   4.00000   1.78610572461877e+03   0.00000000000000e+00
   7.00000   6.47863026322838e+01   1.75189892523380e+11
   7.00000   2.60931820534026e+03   0.00000000000000e+00
  10.00000   9.46461772027434e+01   0.00000000000000e+00
  10.00000   1.04053824612662e+02   5.17196987961463e+15
  10.00000   2.95095592617954e+02   6.58501694412402e+20
  10.00000   3.24427525186386e+02   0.00000000000000e+00
  10.00000   5.72858704582419e+02   3.94052377267453e+23
  10.00000   3.15382059849737e+03   1.23869202129362e+31
# orbitals: 1s2 2s2 2p6 3s2
CORE 12 17 Rb
   0.00000   7.32687654946509e+00   2.61003161640991e+00
   0.00000   1.89002948369530e+01   1.06059774941774e+03
   0.00000   2.07789476787755e+01   6.56783852764581e+02
   0.00000   8.60890879546106e+01   2.11520532253893e+04
   0.00000   9.46461772027434e+01   1.99143647116459e+04
   0.00000   8.36888111577828e+02   8.29570982927673e+03
   3.00000   1.83733298030772e+02   9.12969444379444e+08
   4.00000   2.01996033372236e+02   8.28881391007232e+10
   7.00000   1.56371872984332e+01   0.00000000000000e+00
   7.00000   5.89288851425796e+01   2.50450300873268e+11
   8.00000   1.71914935465493e+01   5.02151565592389e+05
  10.00000   2.51150178120477e+01   7.67570170669267e+07
  10.00000   2.76114021273218e+01   7.66426972263898e+08
  10.00000   1.04053824612662e+02   8.57281055447866e+15
  10.00000   1.14396574024638e+02   1.97783249464768e+16
  10.00000   2.95095592617954e+02   4.41869039434071e+20
  10.00000   3.24427525186386e+02   0.00000000000000e+00
# orbitals: 1s2 2s2 2p6 3s2 3p6
CORE 18 21 Rb
   0.00000   6.66444370329191e+00   2.01192165986073e+00
   0.00000   7.32687654946509e+00   3.76707403767508e+01
   0.00000   2.28443349885273e+01   2.08707694747889e+03
   0.00000   8.60890879546106e+01   2.65807085351479e+04
   0.00000   9.46461772027434e+01   1.36181240180230e+04
   0.00000   6.92400635094236e+02   6.66835476440612e+03
   0.00000   7.61223922350910e+02   0.00000000000000e+00
   0.00000   3.81194763718334e+03   7.66152220217138e+03
   3.00000   1.83733298030772e+02   1.57053204875105e+08
   4.00000   2.01996033372236e+02   7.08012034376220e+10
   6.00000   1.42234079862923e+01   4.22600730044325e+04
   6.00000   1.56371872984332e+01   0.00000000000000e+00
   6.00000   5.89288851425796e+01   4.07540099194496e+10
   7.00000   1.71914935465493e+01   1.28938635604024e+06
  10.00000   2.76114021273218e+01   1.57682182398110e+09
  10.00000   3.03559222271763e+01   2.75336961327784e+09
  10.00000   7.12259361195533e+01   1.18079298416592e+14
  10.00000   1.14396574024638e+02   3.50720988632201e+16
  10.00000   3.24427525186386e+02   4.63657500648472e+20
  10.00000   5.72858704582419e+02   1.00462196921494e+23
  10.00000   2.60931820534026e+03   2.63451104289464e+30
# orbitals: 1s2 2s2 2p6 3s2 3p6 3d10
CORE 28 19 Rb
   0.00000   6.06190230918928e+00   1.87447583776722e+01
   0.00000   6.66444370329191e+00   1.01071290401432e+02
   0.00000   2.28443349885273e+01   1.96237484230402e+03
   0.00000   2.51150178120477e+01   0.00000000000000e+00
   0.00000   8.60890879546106e+01   2.65240624657233e+04
   0.00000   9.46461772027434e+01   1.37640008435319e+04
   0.00000   7.61223922350910e+02   7.44659688692267e+03
   3.00000   1.83733298030772e+02   7.56626128472162e+07
   4.00000   1.07038189874682e+01   2.20566844398904e+03
   4.00000   2.01996033372236e+02   8.11917202951346e+10
   5.00000   1.29374503792504e+01   0.00000000000000e+00
   7.00000   1.71914935465493e+01   2.13208019544192e+06
   7.00000   6.47863026322838e+01   2.06795112453079e+11
  10.00000   2.76114021273218e+01   1.45626287835778e+09
  10.00000   3.03559222271763e+01   5.50650418747484e+09
  10.00000   7.83056567512572e+01   9.04380333815830e+14
  10.00000   1.14396574024638e+02   6.41151064980429e+16
  10.00000   3.24427525186386e+02   1.12964119866067e+20
  10.00000   2.86867940070624e+03   1.23784156838180e+31
# orbitals: 1s2 2s2 2p6 3s2 3p6 3d10 4s2
CORE 30 22 Rb
   0.00000   2.58353410389188e+00   0.00000000000000e+00
   0.00000   2.84033240932001e+00   1.51582947098240e+00
   0.00000   6.06190230918928e+00   9.93579518871805e+01
   0.00000   2.28443349885273e+01   2.03019650323588e+03
   0.00000   8.60890879546106e+01   2.25220077471493e+04
   0.00000   9.46461772027434e+01   1.79525724868631e+04
   0.00000   7.61223922350910e+02   7.10898268384939e+03
   3.00000   1.83733298030772e+02   6.17911061185028e+08
   4.00000   2.01996033372236e+02   6.46241145078298e+10
   7.00000   6.47863026322838e+01   3.57819849470122e+11
   8.00000   5.51383749974559e+00   2.37673790617990e-01
   8.00000   2.07789476787755e+01   1.10173354788031e+07
   9.00000   2.07789476787755e+01   3.70570146434902e+07
   9.00000   7.12259361195533e+01   3.46465773616964e+13
  10.00000   8.05515394249404e+00   3.05215397261079e+01
  10.00000   8.85582070330015e+00   1.93794001598887e+02
  10.00000   2.76114021273218e+01   0.00000000000000e+00
  10.00000   3.03559222271763e+01   9.61862747022998e+09
  10.00000   7.83056567512572e+01   0.00000000000000e+00
  10.00000   1.14396574024638e+02   5.13959248708322e+16
  10.00000   3.24427525186386e+02   5.05180083630338e+20
  10.00000   3.15382059849737e+03   3.28018942363400e+31
# orbitals: 1s2 2s2 2p6 3s2 3p6 3d10 4s2 4p6
CORE 36 23 Rb
   0.00000   2.13749081815700e+00   9.95843530599466e-01
   0.00000   2.34995328154931e+00   1.49718261576689e+00
   0.00000   6.66444370329191e+00   1.14648561838025e+02
   0.00000   2.28443349885273e+01   2.00928730217502e+03
   0.00000   8.60890879546106e+01   2.38976649393440e+04
   0.00000   9.46461772027434e+01   1.64808822112092e+04
   0.00000   6.92400635094236e+02   6.70864980988330e+03
   0.00000   7.61223922350910e+02   0.00000000000000e+00
   3.00000   1.83733298030772e+02   5.61624891814377e+08
   4.00000   2.01996033372236e+02   6.18943926385626e+10
   7.00000   5.01532397305603e+00   1.29164819357781e+00
   7.00000   5.51383749974559e+00   0.00000000000000e+00
   7.00000   6.47863026322838e+01   2.60237003651311e+11
   8.00000   5.51383749974559e+00   3.74128758914924e+00
   8.00000   2.07789476787755e+01   0.00000000000000e+00
   9.00000   2.07789476787755e+01   6.43866821630593e+05
  10.00000   8.85582070330015e+00   8.83312064489650e+02
  10.00000   2.28443349885273e+01   3.07251677983912e+08
  10.00000   3.03559222271763e+01   1.21668355602886e+10
  10.00000   7.83056567512572e+01   8.03579104168396e+14
  10.00000   1.14396574024638e+02   6.11045997369514e+16
  10.00000   3.24427525186386e+02   4.12438478857805e+20
  10.00000   2.86867940070624e+03   5.87227482831760e+30
