# Free-atom, free-ion and frozen-core density fits -- La (Z = 57)
#
#   rho(r) = sum_i c_i r^n_i exp(-alpha_i r)      r in bohr, rho in e/bohr^3
#
# All-electron B86BPBE densities (scalar-relativistic, spin-restricted),
# fitted with rhofit.py (monotone decay imposed).  Two kinds of block:
#
#   STATE <N> <q> <nterm> <symbol>
#     the atom or ion with N electrons (charge q), in order of increasing N;
#   CORE <N_core> <nterm> <symbol>
#     the frozen core of the neutral atom with N_core electrons, for a
#     pseudopotential with Z - N_core valence electrons, in order of
#     increasing N_core, each preceded by a '# orbitals:' comment.
#
# Each block header is followed by nterm lines:   n   alpha   c
#
# Generated 2026-09-23 by combine_fits.py from
#   /home/alberto/doc/manuals/critic2/atomic_density_fits/15_rhofit/rho_b86bpbe_mono/fit_057_La.dat
#     recipe: --npow 0,1,2,3,4,5,6,7,8,9,10 --amin 0.2 --ratio 1.1 --mom 3 --cusp none --targetz 1e-3 --besteffort --monotone --stats
#   /home/alberto/doc/manuals/critic2/atomic_density_fits/15_rhofit/core_b86bpbe_mono/core_057_La.dat
#     recipe: --npow 0,1,2,3,4,5,6,7,8,9,10 --amin 0.2 --ratio 1.1 --mom 3 --cusp none --besteffort --monotone --stats --target 1e-3*N_core
#
STATE 54 +3 28 La
   0.00000   2.87728004968811e+00   9.00861320636021e+00
   0.00000   1.59727589610187e+01   1.41400971221401e+01
   0.00000   1.75685278511455e+01   1.64027836361512e+03
   0.00000   3.76338664734678e+01   7.82420236589371e+03
   0.00000   1.42743029276552e+02   1.11253557648322e+05
   0.00000   1.57003864612381e+02   7.19280991661729e+04
   0.00000   7.92415044982203e+02   8.19325335724777e+04
   0.00000   8.71581786303288e+02   0.00000000000000e+00
   0.00000   3.63613206928534e+03   8.12834130439781e+04
   0.00000   1.14000000000000e+04   6.61541565763196e+04
   6.00000   4.06878440141563e+02   1.47142511021653e+16
   9.00000   5.60363925698971e+00   2.13050304265115e+00
   9.00000   4.55291672297725e+01   5.94715194414828e+11
   9.00000   1.29777521447327e+02   3.34492077735917e+16
   9.00000   4.92238461770979e+02   2.42765154858770e+21
  10.00000   5.60363925698971e+00   0.00000000000000e+00
  10.00000   7.45652485279790e+00   6.82407114800079e+01
  10.00000   8.20147382608367e+00   2.68727379780277e+02
  10.00000   1.59727589610187e+01   1.78326974640941e+06
  10.00000   1.93237230718712e+01   5.08373611561726e+07
  10.00000   2.12542722146193e+01   1.36085536210977e+08
  10.00000   4.55291672297725e+01   2.98448953865071e+12
  10.00000   6.05837298595780e+01   6.67041839476709e+13
  10.00000   1.29777521447327e+02   4.58085384486136e+17
  10.00000   1.89942088801778e+02   4.31374898937181e+19
  10.00000   8.71581786303288e+02   0.00000000000000e+00
  10.00000   2.73258291352722e+03   4.58503404725203e+31
  10.00000   3.00558338975932e+03   0.00000000000000e+00
STATE 55 +2 31 La
   0.00000   1.47738640991329e+00   0.00000000000000e+00
   0.00000   1.62498566170125e+00   0.00000000000000e+00
   0.00000   2.16229943010727e+00   4.67729502194192e+00
   0.00000   2.37832536339312e+00   0.00000000000000e+00
   0.00000   1.45219355308799e+01   0.00000000000000e+00
   0.00000   1.59727589610187e+01   1.33455599770939e+03
   0.00000   3.76338664734678e+01   8.34727028975655e+03
   0.00000   1.42743029276552e+02   1.07229074156213e+05
   0.00000   1.57003864612381e+02   7.58829493837727e+04
   0.00000   7.92415044982203e+02   8.30612671097510e+04
   0.00000   3.63613206928534e+03   6.30163081871642e+04
   0.00000   1.14000000000000e+04   1.71139186294681e+05
   6.00000   4.06878440141563e+02   1.66556440397722e+16
   8.00000   1.17989685089149e+02   1.45624234448904e+15
   9.00000   1.59727589610187e+01   2.57952851673638e+06
   9.00000   4.55291672297725e+01   6.24846107549583e+11
   9.00000   1.29777521447327e+02   0.00000000000000e+00
   9.00000   4.92238461770979e+02   0.00000000000000e+00
  10.00000   2.87728004968811e+00   3.27285802577511e-06
  10.00000   7.45652485279790e+00   9.39790942059725e+01
  10.00000   8.20147382608367e+00   3.82790564432784e+01
  10.00000   1.93237230718712e+01   2.96220864909383e+07
  10.00000   2.12542722146193e+01   1.60649535412926e+08
  10.00000   4.55291672297725e+01   2.73207859835740e+12
  10.00000   6.05837298595780e+01   6.23041510860940e+13
  10.00000   1.29777521447327e+02   3.62255531098935e+17
  10.00000   1.89942088801778e+02   3.90381995615279e+19
  10.00000   5.41415865983676e+02   2.05771660503737e+23
  10.00000   8.71581786303288e+02   0.00000000000000e+00
  10.00000   2.48437937364926e+03   1.22110113123870e+31
  10.00000   2.73258291352722e+03   5.84929163582267e+30
STATE 56 +1 30 La
   0.00000   1.34319376203688e+00   2.15187465543380e-01
   0.00000   1.47738640991329e+00   2.92054651846909e-02
   0.00000   1.96589537218394e+00   0.00000000000000e+00
   0.00000   2.16229943010727e+00   4.08792599484973e+00
   0.00000   4.21118061595326e+00   7.36798417257655e-01
   0.00000   1.59727589610187e+01   1.35610132906371e+03
   0.00000   3.76338664734678e+01   8.29406217272466e+03
   0.00000   1.42743029276552e+02   1.09184189988394e+05
   0.00000   1.57003864612381e+02   7.38908679766277e+04
   0.00000   7.92415044982203e+02   8.17998546694913e+04
   0.00000   3.63613206928534e+03   8.15949348441697e+04
   0.00000   1.14000000000000e+04   6.50133851691943e+04
   6.00000   4.06878440141563e+02   1.50552233361511e+16
   9.00000   1.59727589610187e+01   2.56376295783493e+06
   9.00000   4.55291672297725e+01   6.52590639307341e+11
   9.00000   1.29777521447327e+02   3.32335462160270e+16
   9.00000   4.92238461770979e+02   0.00000000000000e+00
  10.00000   2.61593350828309e+00   9.80232479210965e-07
  10.00000   2.87728004968811e+00   6.66453823109764e-06
  10.00000   7.45652485279790e+00   9.51362047617721e+01
  10.00000   1.59727589610187e+01   0.00000000000000e+00
  10.00000   1.93237230718712e+01   3.08304789997726e+07
  10.00000   2.12542722146193e+01   1.57336790770447e+08
  10.00000   4.55291672297725e+01   2.63438362901476e+12
  10.00000   6.05837298595780e+01   5.98166210545484e+13
  10.00000   1.29777521447327e+02   4.78859077067863e+17
  10.00000   1.89942088801778e+02   4.41225656063129e+19
  10.00000   5.41415865983676e+02   2.67564378291962e+23
  10.00000   8.71581786303288e+02   0.00000000000000e+00
  10.00000   2.73258291352722e+03   4.54232871362827e+31
STATE 57 +0 30 La
   0.00000   1.00942106990622e+00   9.93916717982410e-02
   0.00000   1.11026793952505e+00   8.92504462155303e-02
   0.00000   2.61593350828309e+00   6.19680163763217e+00
   0.00000   2.87728004968811e+00   0.00000000000000e+00
   0.00000   1.59727589610187e+01   1.35732604983591e+03
   0.00000   3.76338664734678e+01   8.29050456576969e+03
   0.00000   1.42743029276552e+02   1.09546187431060e+05
   0.00000   1.57003864612381e+02   7.33657697574559e+04
   0.00000   7.92415044982203e+02   8.37339222094861e+04
   0.00000   3.63613206928534e+03   0.00000000000000e+00
   0.00000   3.99940221257859e+03   8.75253596736145e+04
   6.00000   4.06878440141563e+02   1.60290333722910e+16
   9.00000   2.37832536339312e+00   1.39485344344622e-05
   9.00000   4.55291672297725e+01   7.26583593739804e+11
   9.00000   1.29777521447327e+02   3.44839627821314e+16
  10.00000   2.61593350828309e+00   2.78853581533425e-06
  10.00000   2.87728004968811e+00   6.73790066628212e-05
  10.00000   7.45652485279790e+00   7.33292047313872e+01
  10.00000   8.20147382608367e+00   1.74495352146551e+02
  10.00000   1.59727589610187e+01   1.91110662382102e+06
  10.00000   1.93237230718712e+01   5.14961432075337e+07
  10.00000   2.12542722146193e+01   1.40903640820429e+08
  10.00000   4.55291672297725e+01   2.37459275439697e+12
  10.00000   6.05837298595780e+01   5.63594671943829e+13
  10.00000   1.29777521447327e+02   4.63015818455007e+17
  10.00000   1.89942088801778e+02   4.37912820548028e+19
  10.00000   5.41415865983676e+02   1.88822537162766e+23
  10.00000   8.71581786303288e+02   0.00000000000000e+00
  10.00000   2.48437937364926e+03   1.39700208105514e+31
  10.00000   2.73258291352722e+03   3.51838639169942e+30
STATE 58 -1 34 La
   0.00000   9.17734233419813e-01   3.36803064731307e-02
   0.00000   1.00942106990622e+00   1.44495281758859e-01
   0.00000   2.37832536339312e+00   4.64558678745964e+00
   0.00000   2.61593350828309e+00   0.00000000000000e+00
   0.00000   1.59727589610187e+01   1.36331983952090e+03
   0.00000   3.76338664734678e+01   8.31971044121466e+03
   0.00000   1.42743029276552e+02   1.03439767128671e+05
   0.00000   1.57003864612381e+02   7.99779420933698e+04
   0.00000   7.20439106669958e+02   3.83188702396946e+04
   0.00000   7.92415044982203e+02   3.83115335564202e+04
   0.00000   3.63613206928534e+03   1.00086185579950e+05
   0.00000   3.99940221257859e+03   0.00000000000000e+00
   0.00000   1.14000000000000e+04   1.07618028926636e+04
   6.00000   4.06878440141563e+02   1.80673890240140e+16
   8.00000   1.17989685089149e+02   1.58454986145277e+15
   9.00000   1.96589537218394e+00   8.67279202974557e-07
   9.00000   1.59727589610187e+01   0.00000000000000e+00
   9.00000   4.55291672297725e+01   2.83463267540099e+11
   9.00000   4.92238461770979e+02   1.73222076413758e+21
   9.00000   2.48437937364926e+03   0.00000000000000e+00
  10.00000   2.61593350828309e+00   1.38672898478040e-05
  10.00000   2.87728004968811e+00   5.34958410266421e-05
  10.00000   7.45652485279790e+00   7.07355803263759e+01
  10.00000   8.20147382608367e+00   1.51946940214406e+02
  10.00000   1.59727589610187e+01   2.21451963365561e+06
  10.00000   1.93237230718712e+01   4.71319342888052e+07
  10.00000   2.12542722146193e+01   1.58111067101521e+08
  10.00000   4.55291672297725e+01   3.41318267014207e+12
  10.00000   5.50808424135217e+01   9.28895913042051e+12
  10.00000   6.05837298595780e+01   5.31986769123635e+13
  10.00000   1.29777521447327e+02   3.07579363504101e+17
  10.00000   1.89942088801778e+02   3.72336775778465e+19
  10.00000   8.71581786303288e+02   7.08354251007766e+24
  10.00000   2.48437937364926e+03   7.80121124583266e+30
# orbitals: 1s2
CORE 2 5 La
   0.00000   1.07272550994795e+02   2.60453474644997e+04
   0.00000   1.17989685089149e+02   8.08786982470166e+04
   0.00000   1.72689437993258e+02   4.34634596521362e+04
   0.00000   3.69921219687893e+02   0.00000000000000e+00
   0.00000   4.06878440141563e+02   5.39185958259004e+04
# orbitals: 1s2 2s2
CORE 4 15 La
   0.00000   3.42155405987913e+01   7.03559415455293e+02
   0.00000   1.29777521447327e+02   1.24510553921002e+05
   0.00000   1.42743029276552e+02   4.97338353691334e+04
   0.00000   5.95506370802932e+02   7.72175568152660e+04
   0.00000   2.73258291352722e+03   2.62871497025427e+04
   0.00000   3.00558338975932e+03   6.51036260842838e+04
   4.00000   6.05837298595780e+01   4.04689861100676e+08
   6.00000   8.06161971989280e+01   0.00000000000000e+00
   7.00000   9.75288660888983e+01   4.66157511246752e+12
   8.00000   4.06878440141563e+02   1.04719015146309e+19
  10.00000   1.42743029276552e+02   1.13291853931111e+17
  10.00000   1.57003864612381e+02   5.67379335573090e+17
  10.00000   4.47527895781993e+02   8.81003179406688e+22
  10.00000   2.05355835184735e+03   1.96010757804794e+30
  10.00000   2.25872043686569e+03   0.00000000000000e+00
# orbitals: 1s2 2s2 2p6
CORE 10 16 La
   0.00000   3.42155405987913e+01   6.77575419258892e+02
   0.00000   3.76338664734678e+01   7.36089929439961e+03
   0.00000   1.42743029276552e+02   1.27088678918463e+05
   0.00000   1.57003864612381e+02   5.28305169765262e+04
   0.00000   7.92415044982203e+02   7.77289777119441e+04
   0.00000   3.63613206928534e+03   9.13240994841653e+04
   0.00000   3.99940221257859e+03   0.00000000000000e+00
   3.00000   5.50808424135217e+01   5.14117971201076e+07
   4.00000   6.66363868610202e+01   8.62962383244715e+08
   6.00000   4.06878440141563e+02   2.03068001747413e+16
   7.00000   1.07272550994795e+02   9.49799719912635e+12
   8.00000   1.17989685089149e+02   0.00000000000000e+00
  10.00000   1.57003864612381e+02   1.58316029402395e+18
  10.00000   4.92238461770979e+02   4.15234933227598e+23
  10.00000   2.73258291352722e+03   0.00000000000000e+00
  10.00000   3.00558338975932e+03   8.86404533030889e+31
# orbitals: 1s2 2s2 2p6 3s2
CORE 12 18 La
   0.00000   3.11077050584981e+01   5.43907845613564e+03
   0.00000   3.42155405987913e+01   2.74712352655782e+03
   0.00000   1.42743029276552e+02   5.65435038422868e+04
   0.00000   1.57003864612381e+02   1.33564616293090e+05
   0.00000   9.58657732492562e+02   8.46204151556576e+04
   0.00000   4.39896509620518e+03   9.71445703537935e+04
   4.00000   3.36320864599678e+02   0.00000000000000e+00
   5.00000   3.69921219687893e+02   3.41377695172685e+14
   8.00000   1.07272550994795e+02   5.84156211982938e+14
   9.00000   3.11077050584981e+01   0.00000000000000e+00
  10.00000   3.42155405987913e+01   5.43173673785764e+09
  10.00000   4.55291672297725e+01   7.24968087527386e+11
  10.00000   5.00777883437555e+01   4.35686455740679e+11
  10.00000   1.17989685089149e+02   8.52167561213788e+16
  10.00000   1.72689437993258e+02   1.34217593472685e+19
  10.00000   4.92238461770979e+02   4.85849650197929e+23
  10.00000   8.71581786303288e+02   7.45279110979188e+25
  10.00000   3.63613206928534e+03   1.33765512164480e+33
# orbitals: 1s2 2s2 2p6 3s2 3p6
CORE 18 21 La
   0.00000   1.32028920036732e+01   7.55105211071650e+01
   0.00000   3.42155405987913e+01   9.42414475298493e+03
   0.00000   1.42743029276552e+02   9.57545434041268e+04
   0.00000   1.57003864612381e+02   8.84034902799320e+04
   0.00000   9.58657732492562e+02   9.60206727337019e+04
   0.00000   4.39896509620518e+03   7.07427010251731e+04
   0.00000   4.83844657003255e+03   0.00000000000000e+00
   4.00000   3.36320864599678e+02   0.00000000000000e+00
   5.00000   3.69921219687893e+02   1.22088914130194e+14
   7.00000   3.11077050584981e+01   6.46265228574508e+08
   7.00000   1.07272550994795e+02   6.05890226256563e+13
   8.00000   3.11077050584981e+01   2.78998819905664e+08
   9.00000   1.17989685089149e+02   6.18243962614840e+15
   9.00000   4.92238461770979e+02   7.79730518469678e+21
  10.00000   4.55291672297725e+01   4.59456060023636e+10
  10.00000   5.00777883437555e+01   6.48762203675211e+12
  10.00000   1.29777521447327e+02   1.95891096915189e+17
  10.00000   1.89942088801778e+02   3.17232668797619e+19
  10.00000   8.71581786303288e+02   0.00000000000000e+00
  10.00000   3.30585815642704e+03   8.51274328917579e+32
  10.00000   3.63613206928534e+03   0.00000000000000e+00
# orbitals: 1s2 2s2 2p6 3s2 3p6 3d10
CORE 28 20 La
   0.00000   1.45219355308799e+01   1.12825761073779e+03
   0.00000   1.59727589610187e+01   2.77748243180428e+01
   0.00000   3.76338664734678e+01   8.47919916015290e+03
   0.00000   1.42743029276552e+02   8.49342021999069e+04
   0.00000   1.57003864612381e+02   1.00063579979905e+05
   0.00000   9.58657732492562e+02   9.45154930197894e+04
   0.00000   4.83844657003255e+03   8.43000323684214e+04
   0.00000   5.32183472682135e+03   0.00000000000000e+00
   5.00000   3.69921219687893e+02   1.61740713741743e+14
   6.00000   2.82821576707952e+01   2.98072684939697e+07
   7.00000   3.11077050584981e+01   9.76055164012125e+08
   8.00000   1.17989685089149e+02   1.78940451899218e+15
   9.00000   4.92238461770979e+02   7.97036535368039e+21
  10.00000   5.00777883437555e+01   6.50967058018826e+12
  10.00000   5.50808424135217e+01   8.77642131165622e+12
  10.00000   1.29777521447327e+02   2.20438012246475e+17
  10.00000   1.89942088801778e+02   3.05718569048377e+19
  10.00000   8.71581786303288e+02   0.00000000000000e+00
  10.00000   3.30585815642704e+03   7.30965021128920e+32
  10.00000   3.63613206928534e+03   0.00000000000000e+00
# orbitals: 1s2 2s2 2p6 3s2 3p6 3d10 4s2
CORE 30 23 La
   0.00000   6.16347448768595e+00   0.00000000000000e+00
   0.00000   1.09133530209824e+01   2.60371040487150e+02
   0.00000   1.20036586645069e+01   4.99759427340797e+02
   0.00000   3.76338664734678e+01   8.98140483836364e+03
   0.00000   1.42743029276552e+02   1.05664543520918e+05
   0.00000   1.57003864612381e+02   7.75258830245555e+04
   0.00000   7.92415044982203e+02   8.10013001911491e+04
   0.00000   8.71581786303288e+02   0.00000000000000e+00
   0.00000   3.63613206928534e+03   5.56107062521147e+04
   0.00000   3.99940221257859e+03   3.77190194962668e+04
   6.00000   4.06878440141563e+02   1.64700135186126e+16
   8.00000   1.17989685089149e+02   1.43979329779099e+15
   9.00000   4.13937024216661e+01   2.84960325934360e+11
  10.00000   1.32028920036732e+01   3.54896690619414e+03
  10.00000   1.75685278511455e+01   1.15561240936259e+06
  10.00000   1.93237230718712e+01   7.78203621862253e+06
  10.00000   5.00777883437555e+01   0.00000000000000e+00
  10.00000   5.50808424135217e+01   1.76355267503186e+13
  10.00000   1.29777521447327e+02   4.18115540484395e+17
  10.00000   1.89942088801778e+02   3.97987724039109e+19
  10.00000   5.41415865983676e+02   2.59380225269121e+23
  10.00000   2.73258291352722e+03   4.10625044251407e+31
  10.00000   3.00558338975932e+03   0.00000000000000e+00
# orbitals: 1s2 2s2 2p6 3s2 3p6 3d10 4s2 4p6
CORE 36 23 La
   0.00000   6.77924042183312e+00   8.84472446500498e+00
   0.00000   1.32028920036732e+01   9.99612221334721e+02
   0.00000   4.13937024216661e+01   1.03314735779445e+04
   0.00000   1.42743029276552e+02   6.94366668381099e+04
   0.00000   1.57003864612381e+02   1.14845144601531e+05
   0.00000   8.71581786303288e+02   8.54157194058082e+04
   0.00000   3.99940221257859e+03   1.18989183613104e+03
   0.00000   4.39896509620518e+03   9.53659522774016e+04
   5.00000   3.69921219687893e+02   0.00000000000000e+00
   6.00000   4.06878440141563e+02   2.32897250561540e+16
   9.00000   1.32028920036732e+01   0.00000000000000e+00
   9.00000   4.13937024216661e+01   1.89514464766338e+11
   9.00000   1.29777521447327e+02   3.71657961584338e+16
  10.00000   1.45219355308799e+01   3.15472205384056e+05
  10.00000   1.93237230718712e+01   3.94338159970464e+07
  10.00000   2.12542722146193e+01   5.09947115933761e+07
  10.00000   4.55291672297725e+01   1.19138280117270e+12
  10.00000   5.50808424135217e+01   2.33137772029079e+13
  10.00000   1.29777521447327e+02   5.34109661141559e+17
  10.00000   1.89942088801778e+02   4.81590504396693e+19
  10.00000   5.41415865983676e+02   4.39682576947547e+22
  10.00000   8.71581786303288e+02   0.00000000000000e+00
  10.00000   3.00558338975932e+03   1.37564124984575e+32
# orbitals: 1s2 2s2 2p6 3s2 3p6 3d10 4s2 4p6 4d10
CORE 46 25 La
   0.00000   5.09465448185306e+00   2.31694669811846e+01
   0.00000   1.59727589610187e+01   1.32252171809155e+03
   0.00000   3.76338664734678e+01   8.29010906663672e+03
   0.00000   1.42743029276552e+02   1.07235446804196e+05
   0.00000   1.57003864612381e+02   7.59321901514788e+04
   0.00000   7.92415044982203e+02   8.12592171618668e+04
   0.00000   8.71581786303288e+02   0.00000000000000e+00
   0.00000   3.63613206928534e+03   5.51709348168702e+04
   0.00000   3.99940221257859e+03   3.77813751940421e+04
   6.00000   9.92208104956797e+00   3.81697427854170e+03
   6.00000   4.06878440141563e+02   1.57950471280433e+16
   9.00000   1.32028920036732e+01   0.00000000000000e+00
   9.00000   4.55291672297725e+01   7.08557049156967e+11
   9.00000   1.29777521447327e+02   3.43297634990967e+16
   9.00000   4.92238461770979e+02   2.23227532791931e+21
  10.00000   1.45219355308799e+01   6.82529133657183e+05
  10.00000   1.93237230718712e+01   7.39673207489255e+07
  10.00000   2.12542722146193e+01   4.76380091966746e+07
  10.00000   4.55291672297725e+01   2.28265994737866e+12
  10.00000   6.05837298595780e+01   5.17038310922084e+13
  10.00000   1.29777521447327e+02   4.61288931294643e+17
  10.00000   1.89942088801778e+02   4.31180551220482e+19
  10.00000   8.71581786303288e+02   0.00000000000000e+00
  10.00000   2.73258291352722e+03   4.24653340693472e+31
  10.00000   3.00558338975932e+03   0.00000000000000e+00
# orbitals: 1s2 2s2 2p6 3s2 3p6 3d10 4s2 4p6 4d10 5s2
CORE 48 27 La
   0.00000   3.48091165816020e+00   1.32145742662564e+01
   0.00000   1.59727589610187e+01   6.24522622677872e+02
   0.00000   1.75685278511455e+01   8.81028033252485e+02
   0.00000   3.76338664734678e+01   7.99719294155818e+03
   0.00000   1.42743029276552e+02   1.10774029329566e+05
   0.00000   1.57003864612381e+02   7.24102015662109e+04
   0.00000   7.92415044982203e+02   8.18778039583776e+04
   0.00000   8.71581786303288e+02   0.00000000000000e+00
   0.00000   3.63613206928534e+03   5.35264961698843e+04
   0.00000   3.99940221257859e+03   3.88027607278487e+04
   6.00000   4.06878440141563e+02   1.48503842553008e+16
   9.00000   4.55291672297725e+01   6.32386307601516e+11
   9.00000   1.29777521447327e+02   3.32980742007638e+16
   9.00000   4.92238461770979e+02   2.38484979546388e+21
  10.00000   2.87728004968811e+00   1.32080920646365e-07
  10.00000   7.45652485279790e+00   1.28541519404423e+01
  10.00000   8.20147382608367e+00   3.02227235121162e+01
  10.00000   1.45219355308799e+01   6.28886219639507e+05
  10.00000   1.93237230718712e+01   6.79696916723273e+07
  10.00000   2.12542722146193e+01   7.12113073968189e+07
  10.00000   4.55291672297725e+01   2.69307086257877e+12
  10.00000   6.05837298595780e+01   5.96618523057435e+13
  10.00000   1.29777521447327e+02   4.68830028458970e+17
  10.00000   1.89942088801778e+02   4.33792720983085e+19
  10.00000   8.71581786303288e+02   0.00000000000000e+00
  10.00000   2.73258291352722e+03   4.54613916065415e+31
  10.00000   3.00558338975932e+03   0.00000000000000e+00
# orbitals: 1s2 2s2 2p6 3s2 3p6 3d10 4s2 4p6 4d10 5s2 5p6
CORE 54 29 La
   0.00000   2.61593350828309e+00   4.79321873184437e+00
   0.00000   2.87728004968811e+00   3.37674896372944e+00
   0.00000   1.59727589610187e+01   1.33950994680054e+03
   0.00000   3.76338664734678e+01   8.40309421139101e+03
   0.00000   1.42743029276552e+02   9.83698372698246e+04
   0.00000   1.57003864612381e+02   8.55656401545358e+04
   0.00000   7.92415044982203e+02   8.08596486067860e+04
   0.00000   3.63613206928534e+03   0.00000000000000e+00
   0.00000   3.99940221257859e+03   9.77811109355596e+04
   6.00000   4.06878440141563e+02   1.69491237888547e+16
   8.00000   1.17989685089149e+02   1.64696060971979e+15
   9.00000   5.09465448185306e+00   4.68319797180749e-01
   9.00000   1.59727589610187e+01   0.00000000000000e+00
   9.00000   4.55291672297725e+01   8.06751480500217e+11
   9.00000   1.29777521447327e+02   0.00000000000000e+00
  10.00000   5.09465448185306e+00   0.00000000000000e+00
  10.00000   7.45652485279790e+00   9.66691443906694e+01
  10.00000   8.20147382608367e+00   1.16187982349300e+02
  10.00000   1.59727589610187e+01   1.54191884359695e+06
  10.00000   1.93237230718712e+01   5.86843143514030e+07
  10.00000   2.12542722146193e+01   1.13454822057440e+08
  10.00000   4.55291672297725e+01   2.08978588689009e+12
  10.00000   6.05837298595780e+01   5.33133610526096e+13
  10.00000   1.29777521447327e+02   2.88850082998134e+17
  10.00000   1.89942088801778e+02   3.62930062164122e+19
  10.00000   5.41415865983676e+02   4.25402436876676e+23
  10.00000   8.71581786303288e+02   3.08966125398092e+25
  10.00000   2.48437937364926e+03   9.01883893986069e+30
  10.00000   2.73258291352722e+03   7.23000189191774e+30
# orbitals: 1s2 2s2 2p6 3s2 3p6 3d10 4s2 4p6 4d10 5s2 5p6 6s2
CORE 56 33 La
   0.00000   1.00942106990622e+00   1.05826367330936e-01
   0.00000   1.11026793952505e+00   0.00000000000000e+00
   0.00000   2.61593350828309e+00   6.60201049624782e+00
   0.00000   2.87728004968811e+00   0.00000000000000e+00
   0.00000   1.59727589610187e+01   1.33471019803276e+03
   0.00000   3.76338664734678e+01   8.37885186669005e+03
   0.00000   1.42743029276552e+02   1.02266830670693e+05
   0.00000   1.57003864612381e+02   8.13725249748320e+04
   0.00000   7.92415044982203e+02   8.16014734487251e+04
   0.00000   3.63613206928534e+03   0.00000000000000e+00
   0.00000   3.99940221257859e+03   9.59347562460027e+04
   6.00000   4.06878440141563e+02   1.81266465264316e+16
   8.00000   2.16229943010727e+00   3.02233319658838e-05
   8.00000   2.37832536339312e+00   0.00000000000000e+00
   8.00000   1.17989685089149e+02   1.55206715946665e+15
   9.00000   4.55291672297725e+01   7.22965070894805e+11
   9.00000   1.29777521447327e+02   0.00000000000000e+00
   9.00000   4.92238461770979e+02   1.71628821775347e+21
  10.00000   2.87728004968811e+00   8.13494680391781e-05
  10.00000   3.16473658757741e+00   0.00000000000000e+00
  10.00000   7.45652485279790e+00   6.53825245266868e+01
  10.00000   8.20147382608367e+00   1.99448560542253e+02
  10.00000   1.59727589610187e+01   1.86885678049179e+06
  10.00000   1.93237230718712e+01   5.19780371551066e+07
  10.00000   2.12542722146193e+01   1.37019278985487e+08
  10.00000   4.55291672297725e+01   2.38601432267975e+12
  10.00000   6.05837298595780e+01   5.75701806396745e+13
  10.00000   1.29777521447327e+02   3.25934333545188e+17
  10.00000   1.89942088801778e+02   3.77112890752212e+19
  10.00000   5.41415865983676e+02   0.00000000000000e+00
  10.00000   8.71581786303288e+02   0.00000000000000e+00
  10.00000   2.48437937364926e+03   8.49742838847349e+30
  10.00000   2.73258291352722e+03   1.11485412157200e+31
