# Free-atom, free-ion and frozen-core density fits -- Mo (Z = 42)
#
#   rho(r) = sum_i c_i r^n_i exp(-alpha_i r)      r in bohr, rho in e/bohr^3
#
# All-electron B86BPBE densities (scalar-relativistic, spin-restricted),
# fitted with rhofit.py (monotone decay imposed).  Two kinds of block:
#
#   STATE <N> <q> <nterm> <symbol>
#     the atom or ion with N electrons (charge q), in order of increasing N;
#   CORE <N_core> <nterm> <symbol>
#     the frozen core of the neutral atom with N_core electrons, for a
#     pseudopotential with Z - N_core valence electrons, in order of
#     increasing N_core, each preceded by a '# orbitals:' comment.
#
# Each block header is followed by nterm lines:   n   alpha   c
#
# Generated 2026-09-23 by combine_fits.py from
#   /home/alberto/doc/manuals/critic2/atomic_density_fits/15_rhofit/rho_b86bpbe_mono/fit_042_Mo.dat
#     recipe: --npow 0,1,2,3,4,5,6,7,8,9,10 --amin 0.2 --ratio 1.1 --mom 3 --cusp none --targetz 1e-3 --besteffort --monotone --stats
#   /home/alberto/doc/manuals/critic2/atomic_density_fits/15_rhofit/core_b86bpbe_mono/core_042_Mo.dat
#     recipe: --npow 0,1,2,3,4,5,6,7,8,9,10 --amin 0.2 --ratio 1.1 --mom 3 --cusp none --besteffort --monotone --stats --target 1e-3*N_core
#
STATE 36 +6 23 Mo
   0.00000   4.18753417458659e+00   6.43142053158141e+00
   0.00000   8.14538178332818e+00   2.11034551710766e+02
   0.00000   2.54835297998380e+01   0.00000000000000e+00
   0.00000   2.80245465846572e+01   3.57761533129217e+03
   0.00000   1.06033905060134e+02   6.24544973290807e+04
   0.00000   7.80376168129622e+02   1.29279372142296e+04
   0.00000   3.57082184008531e+03   1.34876089103921e+04
   0.00000   3.92687605637811e+03   0.00000000000000e+00
   4.00000   2.49434119761026e+02   4.17106312681915e+11
   7.00000   7.97274220329898e+01   2.01257707374969e+12
   8.00000   2.54835297998380e+01   4.05886614644310e+08
   9.00000   8.95757507023809e+00   2.35291882867907e+02
   9.00000   2.80245465846572e+01   0.00000000000000e+00
  10.00000   8.95757507023809e+00   5.85241107247195e+02
  10.00000   1.19131741670216e+01   6.77048047579703e+04
  10.00000   1.31010620207313e+01   5.20633982381668e+04
  10.00000   3.72713934069166e+01   1.06069495193401e+11
  10.00000   8.76772123166528e+01   3.82981741908520e+15
  10.00000   1.28233878852077e+02   2.64444660826345e+17
  10.00000   1.41020350785320e+02   0.00000000000000e+00
  10.00000   3.64814343999560e+02   7.42411363001448e+21
  10.00000   6.45276687123368e+02   6.15881204406781e+23
  10.00000   2.95263769112858e+03   1.46519185221201e+31
STATE 37 +5 26 Mo
   0.00000   3.14862783017841e+00   1.09869928332886e+00
   0.00000   3.46258418663586e+00   6.82439368647331e+00
   0.00000   8.14538178332818e+00   0.00000000000000e+00
   0.00000   8.95757507023809e+00   2.10641558548979e+02
   0.00000   2.54835297998380e+01   3.20570290575712e+03
   0.00000   2.80245465846572e+01   0.00000000000000e+00
   0.00000   1.06033905060134e+02   6.30081120435859e+04
   0.00000   7.80376168129622e+02   1.26667577430461e+04
   0.00000   8.58189130355241e+02   0.00000000000000e+00
   0.00000   3.92687605637811e+03   1.57314428042473e+04
   4.00000   2.49434119761026e+02   4.17981336329691e+11
   7.00000   7.40683096439973e+00   0.00000000000000e+00
   7.00000   7.97274220329898e+01   0.00000000000000e+00
   8.00000   8.14538178332818e+00   1.92643983095901e+02
   8.00000   2.54835297998380e+01   1.77952816440026e+08
   9.00000   8.14538178332818e+00   2.27105512275276e+02
   9.00000   8.76772123166528e+01   4.25217185245692e+14
  10.00000   1.19131741670216e+01   6.73080678198861e+04
  10.00000   2.80245465846572e+01   3.43832738343557e+09
  10.00000   3.72713934069166e+01   1.66091561546953e+11
  10.00000   8.76772123166528e+01   1.95521214717802e+15
  10.00000   1.28233878852077e+02   2.81150245959743e+17
  10.00000   1.41020350785320e+02   0.00000000000000e+00
  10.00000   3.64814343999560e+02   1.03366431608638e+22
  10.00000   6.45276687123368e+02   1.81552446626147e+24
  10.00000   2.95263769112858e+03   5.37871487162547e+30
STATE 38 +4 25 Mo
   0.00000   2.86313824548653e+00   3.02107811855743e+00
   0.00000   3.14862783017841e+00   2.85091797159219e+00
   0.00000   8.95757507023809e+00   2.53876647028872e+02
   0.00000   2.54835297998380e+01   0.00000000000000e+00
   0.00000   2.80245465846572e+01   3.51318026488225e+03
   0.00000   1.06033905060134e+02   6.24738015772042e+04
   0.00000   7.80376168129622e+02   1.30741625244863e+04
   0.00000   8.58189130355241e+02   0.00000000000000e+00
   0.00000   4.74903332283324e+03   2.21394109582479e+04
   3.00000   2.06251842416840e+02   0.00000000000000e+00
   4.00000   2.49434119761026e+02   4.16547792120497e+11
   7.00000   6.73524536903592e+00   3.99450194607181e+01
   8.00000   7.40683096439973e+00   9.86661246051602e+01
   8.00000   2.54835297998380e+01   4.33108970020905e+08
   9.00000   8.76772123166528e+01   4.67379526142044e+14
  10.00000   1.08329934252055e+01   5.24419068587161e+03
  10.00000   1.19131741670216e+01   5.20173391965594e+04
  10.00000   3.72713934069166e+01   1.02604467913525e+11
  10.00000   8.76772123166528e+01   2.33337714423756e+15
  10.00000   1.28233878852077e+02   2.81643917446349e+17
  10.00000   1.41020350785320e+02   1.12900357637102e+17
  10.00000   3.64814343999560e+02   7.35187073529794e+21
  10.00000   6.45276687123368e+02   6.66359024377667e+23
  10.00000   2.95263769112858e+03   1.29954677470417e+31
  10.00000   3.24705145529617e+03   0.00000000000000e+00
STATE 39 +3 24 Mo
   0.00000   2.60353431872677e+00   4.41818203901079e+00
   0.00000   2.86313824548653e+00   3.18451888713772e-01
   0.00000   8.95757507023809e+00   2.21013018860296e+02
   0.00000   2.54835297998380e+01   3.18660752695311e+03
   0.00000   1.06033905060134e+02   6.30212693553414e+04
   0.00000   7.80376168129622e+02   1.26992290014239e+04
   0.00000   8.58189130355241e+02   0.00000000000000e+00
   0.00000   4.31843319345982e+03   1.85996519929186e+04
   4.00000   2.49434119761026e+02   4.15180305500967e+11
   5.00000   5.06426458337391e+00   6.39913702547346e-01
   7.00000   6.73524536903592e+00   9.36813610549929e+01
   8.00000   2.54835297998380e+01   1.40028052187635e+08
   9.00000   8.76772123166528e+01   4.24127622038192e+14
  10.00000   1.08329934252055e+01   5.54257193422888e+03
  10.00000   1.19131741670216e+01   4.58741261231757e+04
  10.00000   2.80245465846572e+01   4.01409982988994e+09
  10.00000   3.72713934069166e+01   1.71694162955572e+11
  10.00000   8.76772123166528e+01   1.93660655186745e+15
  10.00000   1.28233878852077e+02   2.79070236009269e+17
  10.00000   1.41020350785320e+02   0.00000000000000e+00
  10.00000   3.64814343999560e+02   1.06131022703630e+22
  10.00000   6.45276687123368e+02   1.95218856715444e+24
  10.00000   2.95263769112858e+03   4.43617472808647e+30
  10.00000   3.24705145529617e+03   0.00000000000000e+00
STATE 40 +2 24 Mo
   0.00000   2.15280792598596e+00   8.13791740678986e-01
   0.00000   2.36746896852555e+00   3.21302616392112e+00
   0.00000   8.95757507023809e+00   1.95900976975087e+02
   0.00000   9.85075387174372e+00   3.31915497266163e+01
   0.00000   2.54835297998380e+01   3.17168007688871e+03
   0.00000   1.06033905060134e+02   6.30330133968038e+04
   0.00000   7.80376168129622e+02   1.26861572593716e+04
   0.00000   8.58189130355241e+02   0.00000000000000e+00
   0.00000   4.31843319345982e+03   1.85985131003057e+04
   4.00000   2.49434119761026e+02   4.12741123726044e+11
   8.00000   7.40683096439973e+00   1.56730074529820e+02
   8.00000   2.54835297998380e+01   9.07278211811600e+07
   9.00000   8.76772123166528e+01   4.21852542872713e+14
  10.00000   1.08329934252055e+01   4.96227903811812e+03
  10.00000   1.19131741670216e+01   4.48274805092044e+04
  10.00000   2.80245465846572e+01   4.72825545293355e+09
  10.00000   3.72713934069166e+01   1.80921636468548e+11
  10.00000   8.76772123166528e+01   1.93439441425359e+15
  10.00000   1.28233878852077e+02   2.78240480532046e+17
  10.00000   1.41020350785320e+02   0.00000000000000e+00
  10.00000   3.64814343999560e+02   1.08104902381845e+22
  10.00000   6.45276687123368e+02   2.05701091689987e+24
  10.00000   2.95263769112858e+03   4.07841518339829e+30
  10.00000   3.24705145529617e+03   0.00000000000000e+00
STATE 41 +1 26 Mo
   0.00000   1.95761043874394e+00   3.99896694496674e-01
   0.00000   2.15280792598596e+00   3.10124540903983e+00
   0.00000   8.95757507023809e+00   2.25485197652323e+02
   0.00000   2.54835297998380e+01   3.17583296033878e+03
   0.00000   1.06033905060134e+02   6.29266501363473e+04
   0.00000   7.80376168129622e+02   1.27705152738683e+04
   0.00000   8.58189130355241e+02   0.00000000000000e+00
   0.00000   3.92687605637811e+03   1.63089788311374e+04
   3.00000   2.06251842416840e+02   8.30084355239634e+08
   4.00000   2.49434119761026e+02   3.42618406788767e+11
   8.00000   7.40683096439973e+00   1.33500484299523e+02
   8.00000   2.54835297998380e+01   9.73755485622174e+07
   9.00000   8.76772123166528e+01   4.19331529340137e+14
  10.00000   1.47193705199682e+00   3.47001140325101e-12
  10.00000   1.61870701615402e+00   0.00000000000000e+00
  10.00000   3.46258418663586e+00   2.85837848982806e-04
  10.00000   1.08329934252055e+01   5.95006178015461e+03
  10.00000   1.19131741670216e+01   4.11448150069837e+04
  10.00000   2.80245465846572e+01   4.61526085703851e+09
  10.00000   3.72713934069166e+01   1.78630558464268e+11
  10.00000   8.76772123166528e+01   1.96130830012753e+15
  10.00000   1.28233878852077e+02   2.79268689713664e+17
  10.00000   1.41020350785320e+02   0.00000000000000e+00
  10.00000   3.64814343999560e+02   1.00431549351658e+22
  10.00000   6.45276687123368e+02   1.53031758538891e+24
  10.00000   2.95263769112858e+03   1.34647446425989e+31
STATE 42 +0 25 Mo
   0.00000   1.10675681032395e+00   0.00000000000000e+00
   0.00000   1.21711387835319e+00   2.34986906433868e-01
   0.00000   2.15280792598596e+00   3.41515023173900e-01
   0.00000   2.36746896852555e+00   3.20793311371923e+00
   0.00000   8.95757507023809e+00   2.24192233523761e+02
   0.00000   2.54835297998380e+01   3.17791713655110e+03
   0.00000   1.06033905060134e+02   6.29361077852003e+04
   0.00000   7.80376168129622e+02   1.27690197982082e+04
   0.00000   3.92687605637811e+03   1.62895508202294e+04
   3.00000   2.06251842416840e+02   7.99216026811373e+08
   4.00000   2.49434119761026e+02   3.45811448825567e+11
   8.00000   2.54835297998380e+01   1.05407086231586e+08
   9.00000   8.14538178332818e+00   2.50961597385033e+02
   9.00000   8.76772123166528e+01   4.19690177482866e+14
  10.00000   3.46258418663586e+00   4.42041186491512e-04
  10.00000   1.08329934252055e+01   4.55534209287261e+03
  10.00000   1.19131741670216e+01   4.70655913906705e+04
  10.00000   2.80245465846572e+01   4.49813789873310e+09
  10.00000   3.72713934069166e+01   1.77674125585611e+11
  10.00000   8.76772123166528e+01   1.96593364544075e+15
  10.00000   1.28233878852077e+02   2.79744706403660e+17
  10.00000   1.41020350785320e+02   0.00000000000000e+00
  10.00000   3.64814343999560e+02   1.00273840680126e+22
  10.00000   6.45276687123368e+02   1.52795405535707e+24
  10.00000   2.95263769112858e+03   1.31949735243522e+31
STATE 43 -1 29 Mo
   0.00000   1.10675681032395e+00   0.00000000000000e+00
   0.00000   1.21711387835319e+00   3.18595629070020e-01
   0.00000   2.36746896852555e+00   3.34546923317335e+00
   0.00000   8.95757507023809e+00   2.24435409602997e+02
   0.00000   2.54835297998380e+01   3.17769324079800e+03
   0.00000   2.80245465846572e+01   0.00000000000000e+00
   0.00000   1.06033905060134e+02   6.29499016716666e+04
   0.00000   7.80376168129622e+02   1.28183396349302e+04
   0.00000   8.58189130355241e+02   0.00000000000000e+00
   0.00000   4.31843319345982e+03   1.91773869859547e+04
   3.00000   2.06251842416840e+02   7.46782920505616e+08
   4.00000   2.49434119761026e+02   3.50820749631707e+11
   8.00000   8.14538178332818e+00   5.03499771262910e+02
   8.00000   2.54835297998380e+01   1.08567572227909e+08
   9.00000   2.36746896852555e+00   7.57095423576791e-06
   9.00000   8.76772123166528e+01   4.20714487381925e+14
  10.00000   3.46258418663586e+00   3.77865284504202e-04
  10.00000   3.80784579702497e+00   2.13053764281762e-03
  10.00000   1.08329934252055e+01   0.00000000000000e+00
  10.00000   1.19131741670216e+01   5.04504168660409e+04
  10.00000   2.80245465846572e+01   4.46784064922663e+09
  10.00000   3.72713934069166e+01   1.77655709708636e+11
  10.00000   8.76772123166528e+01   1.96053281533982e+15
  10.00000   1.28233878852077e+02   2.79841298599568e+17
  10.00000   1.41020350785320e+02   0.00000000000000e+00
  10.00000   3.64814343999560e+02   1.00470352522146e+22
  10.00000   6.45276687123368e+02   1.54464186113892e+24
  10.00000   2.95263769112858e+03   1.22159181373553e+31
  10.00000   3.24705145529617e+03   0.00000000000000e+00
STATE 44 -2 28 Mo
   0.00000   1.00640594030182e+00   0.00000000000000e+00
   0.00000   1.10675681032395e+00   3.01434169568369e-01
   0.00000   2.36746896852555e+00   3.26358739059647e+00
   0.00000   8.95757507023809e+00   2.25181208485994e+02
   0.00000   2.54835297998380e+01   3.17659969512161e+03
   0.00000   1.06033905060134e+02   6.30444668923185e+04
   0.00000   7.80376168129622e+02   1.26871705782312e+04
   0.00000   8.58189130355241e+02   0.00000000000000e+00
   0.00000   4.31843319345982e+03   1.86034879483176e+04
   4.00000   2.49434119761026e+02   4.12076643496970e+11
   8.00000   8.14538178332818e+00   3.38974831381591e+02
   8.00000   2.54835297998380e+01   7.97518112835552e+07
   9.00000   8.14538178332818e+00   1.30758376000750e+02
   9.00000   8.76772123166528e+01   4.18242744742533e+14
  10.00000   2.36746896852555e+00   5.23674885661125e-07
  10.00000   3.46258418663586e+00   4.03534198379088e-04
  10.00000   3.80784579702497e+00   9.89927009126023e-04
  10.00000   1.08329934252055e+01   0.00000000000000e+00
  10.00000   1.19131741670216e+01   5.32556153591340e+04
  10.00000   2.80245465846572e+01   4.85307234316416e+09
  10.00000   3.72713934069166e+01   1.82605472981311e+11
  10.00000   8.76772123166528e+01   1.97622229643624e+15
  10.00000   1.28233878852077e+02   2.79690408233952e+17
  10.00000   1.41020350785320e+02   0.00000000000000e+00
  10.00000   3.64814343999560e+02   1.08271726376739e+22
  10.00000   6.45276687123368e+02   2.07606093990038e+24
  10.00000   2.95263769112858e+03   4.05151593323061e+30
  10.00000   3.24705145529617e+03   0.00000000000000e+00
# orbitals: 1s2
CORE 2 6 Mo
   0.00000   7.97274220329898e+01   2.04304855397410e+04
   0.00000   8.76772123166528e+01   2.28681575570029e+04
   0.00000   1.28233878852077e+02   1.06020073365356e+04
   0.00000   1.41020350785320e+02   0.00000000000000e+00
   0.00000   2.74305724675953e+02   0.00000000000000e+00
   0.00000   3.01657330048063e+02   8.41867410209347e+03
# orbitals: 1s2 2s2
CORE 4 17 Mo
   0.00000   2.31729098309398e+01   1.40922883689083e+02
   0.00000   2.54835297998380e+01   1.55593605258632e+02
   0.00000   8.76772123166528e+01   5.62962304710457e+03
   0.00000   9.64196930441139e+01   5.65211426400549e+04
   0.00000   5.33565759629587e+02   1.05056545587657e+04
   0.00000   5.86768732752729e+02   1.51734832987192e+03
   0.00000   3.24705145529617e+03   2.23267760174269e+04
   4.00000   4.09878030638384e+01   1.41297538513280e+07
   5.00000   4.95692860648700e+01   3.40594134174384e+08
   5.00000   2.26817650905599e+02   5.58001571094594e+12
   8.00000   7.97274220329898e+01   3.71566424142326e+12
   9.00000   8.76772123166528e+01   0.00000000000000e+00
   9.00000   2.01880379862688e+03   0.00000000000000e+00
  10.00000   1.06033905060134e+02   4.97711900301354e+15
  10.00000   3.01657330048063e+02   8.92489580578795e+20
  10.00000   5.33565759629587e+02   3.01777609834304e+23
  10.00000   2.01880379862688e+03   0.00000000000000e+00
# orbitals: 1s2 2s2 2p6
CORE 10 15 Mo
   0.00000   2.54835297998380e+01   2.84227097818786e+03
   0.00000   1.06033905060134e+02   6.26833716347598e+04
   0.00000   8.58189130355241e+02   1.34355156113972e+04
   3.00000   3.72713934069166e+01   9.26415298928086e+05
   3.00000   4.09878030638384e+01   3.21776662828566e+06
   3.00000   2.06251842416840e+02   7.91751717392105e+08
   4.00000   4.50747838069354e+01   9.13876776885584e+07
   4.00000   2.26817650905599e+02   3.06816117470429e+11
   8.00000   8.76772123166528e+01   0.00000000000000e+00
   9.00000   9.64196930441139e+01   4.67284627056509e+14
  10.00000   1.16606770539681e+02   1.31003532327338e+16
  10.00000   3.31736221980873e+02   4.75384681015697e+21
  10.00000   3.64814343999560e+02   0.00000000000000e+00
  10.00000   6.45276687123368e+02   3.26685619692139e+24
  10.00000   3.24705145529617e+03   0.00000000000000e+00
# orbitals: 1s2 2s2 2p6 3s2
CORE 12 19 Mo
   0.00000   9.85075387174372e+00   0.00000000000000e+00
   0.00000   2.10717963426040e+01   7.52125414977683e+02
   0.00000   2.31729098309398e+01   1.96780861384416e+03
   0.00000   9.64196930441139e+01   1.03265735623721e+04
   0.00000   1.06033905060134e+02   5.30669374678521e+04
   0.00000   8.58189130355241e+02   1.47203470604988e+04
   3.00000   2.06251842416840e+02   0.00000000000000e+00
   4.00000   2.26817650905599e+02   2.46904512508442e+11
   7.00000   1.91611931493962e+01   9.66466603065211e+05
   7.00000   7.24984480696038e+01   4.30406908271199e+11
   8.00000   7.24984480696038e+01   1.00346772114679e+13
   9.00000   2.10717963426040e+01   0.00000000000000e+00
  10.00000   3.08189335403847e+01   3.17184946319914e+09
  10.00000   3.38919547439402e+01   4.07767762779274e+09
  10.00000   1.16606770539681e+02   3.55716736045031e+16
  10.00000   1.28233878852077e+02   1.36372466856004e+17
  10.00000   3.64814343999560e+02   7.54010440066975e+21
  10.00000   6.45276687123368e+02   2.66986620528541e+24
  10.00000   3.57082184008531e+03   1.25028582646006e+32
# orbitals: 1s2 2s2 2p6 3s2 3p6
CORE 18 20 Mo
   0.00000   8.14538178332818e+00   1.73686850103084e+00
   0.00000   8.95757507023809e+00   5.18112098828637e+01
   0.00000   2.54835297998380e+01   3.48767937517609e+03
   0.00000   1.06033905060134e+02   6.26330427237064e+04
   0.00000   7.80376168129622e+02   1.27740810550568e+04
   0.00000   8.58189130355241e+02   0.00000000000000e+00
   0.00000   4.31843319345982e+03   1.85681175093354e+04
   4.00000   2.49434119761026e+02   4.08774835618750e+11
   6.00000   1.74238264711273e+01   2.79978513794399e+05
   7.00000   1.91611931493962e+01   5.14755971932267e+05
   7.00000   2.10717963426040e+01   1.01545674565174e+07
   7.00000   7.24984480696038e+01   7.14667094787488e+11
   8.00000   7.97274220329898e+01   9.50581887472902e+12
  10.00000   3.38919547439402e+01   3.36725527821014e+10
  10.00000   8.76772123166528e+01   2.48290737507881e+15
  10.00000   1.28233878852077e+02   2.68400032359585e+17
  10.00000   3.64814343999560e+02   9.71118884714934e+21
  10.00000   6.45276687123368e+02   1.64847353303200e+24
  10.00000   7.09618593668959e+02   0.00000000000000e+00
  10.00000   2.95263769112858e+03   7.42265840823390e+30
# orbitals: 1s2 2s2 2p6 3s2 3p6 3d10
CORE 28 19 Mo
   0.00000   8.14538178332818e+00   7.73547711475475e+01
   0.00000   8.95757507023809e+00   1.80891323344116e+02
   0.00000   2.80245465846572e+01   3.46986074334851e+03
   0.00000   1.06033905060134e+02   6.23631098697827e+04
   0.00000   7.80376168129622e+02   3.65703133350209e+03
   0.00000   8.58189130355241e+02   1.07670569583249e+04
   4.00000   2.49434119761026e+02   4.40057593252072e+11
   5.00000   1.58439887604558e+01   1.27198165619223e+05
   6.00000   1.74238264711273e+01   0.00000000000000e+00
   6.00000   1.91611931493962e+01   3.35141692574580e+06
   7.00000   7.97274220329898e+01   0.00000000000000e+00
   9.00000   8.76772123166528e+01   3.85113338721083e+14
  10.00000   3.38919547439402e+01   3.58565339075701e+10
  10.00000   3.72713934069166e+01   1.87266151947355e+10
  10.00000   8.76772123166528e+01   2.80701388368551e+15
  10.00000   1.28233878852077e+02   3.06314198975034e+17
  10.00000   1.41020350785320e+02   2.37335384441504e+16
  10.00000   3.64814343999560e+02   7.01837915218944e+21
  10.00000   3.24705145529617e+03   5.78000929027300e+31
# orbitals: 1s2 2s2 2p6 3s2 3p6 3d10 4s2
CORE 30 22 Mo
   0.00000   3.80784579702497e+00   3.77471950962417e-01
   0.00000   7.40683096439973e+00   2.02991679271489e+02
   0.00000   2.80245465846572e+01   3.52644639034822e+03
   0.00000   1.06033905060134e+02   6.25817025616589e+04
   0.00000   7.80376168129622e+02   0.00000000000000e+00
   0.00000   8.58189130355241e+02   1.49361431209754e+04
   4.00000   2.49434119761026e+02   4.37099229420402e+11
   7.00000   7.97274220329898e+01   1.89767080819230e+12
   8.00000   2.54835297998380e+01   6.90742847544874e+07
   9.00000   7.40683096439973e+00   7.93870913713446e+00
   9.00000   2.54835297998380e+01   4.80986753186589e+08
  10.00000   7.40683096439973e+00   0.00000000000000e+00
  10.00000   1.08329934252055e+01   3.26998157534832e+03
  10.00000   1.19131741670216e+01   1.00278824210484e+04
  10.00000   3.38919547439402e+01   2.07034074303957e+10
  10.00000   3.72713934069166e+01   7.57828737166448e+10
  10.00000   8.76772123166528e+01   3.98752604392125e+15
  10.00000   1.28233878852077e+02   2.63254529060858e+17
  10.00000   1.41020350785320e+02   0.00000000000000e+00
  10.00000   3.64814343999560e+02   7.67581227912470e+21
  10.00000   2.95263769112858e+03   8.63835803183220e+30
  10.00000   3.24705145529617e+03   3.03081139260175e+31
# orbitals: 1s2 2s2 2p6 3s2 3p6 3d10 4s2 4p6
CORE 36 24 Mo
   0.00000   3.14862783017841e+00   2.75652935275271e+00
   0.00000   3.46258418663586e+00   1.72522803218781e+00
   0.00000   8.14538178332818e+00   2.13989798738942e+02
   0.00000   2.54835297998380e+01   0.00000000000000e+00
   0.00000   2.80245465846572e+01   3.56446011320592e+03
   0.00000   1.06033905060134e+02   6.24578196436884e+04
   0.00000   7.80376168129622e+02   1.30701256487248e+04
   0.00000   8.58189130355241e+02   0.00000000000000e+00
   0.00000   4.74903332283324e+03   2.21165816623376e+04
   4.00000   2.49434119761026e+02   4.15042252032274e+11
   7.00000   7.97274220329898e+01   2.00372699462957e+12
   8.00000   7.40683096439973e+00   1.62352193187586e+02
   8.00000   2.54835297998380e+01   4.07890912373043e+08
   9.00000   8.76772123166528e+01   0.00000000000000e+00
  10.00000   1.08329934252055e+01   2.74784972687453e+03
  10.00000   1.19131741670216e+01   5.48546928754050e+04
  10.00000   3.72713934069166e+01   9.89392368502269e+10
  10.00000   8.76772123166528e+01   3.83587648937764e+15
  10.00000   1.28233878852077e+02   2.62580987773888e+17
  10.00000   1.41020350785320e+02   0.00000000000000e+00
  10.00000   3.64814343999560e+02   7.67944827503137e+21
  10.00000   6.45276687123368e+02   7.33845611939246e+23
  10.00000   2.95263769112858e+03   1.28240588091801e+31
  10.00000   3.24705145529617e+03   0.00000000000000e+00
