# Free-atom, free-ion and frozen-core density fits -- Eu (Z = 63)
#
#   rho(r) = sum_i c_i r^n_i exp(-alpha_i r)      r in bohr, rho in e/bohr^3
#
# All-electron B86BPBE densities (scalar-relativistic, spin-restricted),
# fitted with rhofit.py (monotone decay imposed).  Two kinds of block:
#
#   STATE <N> <q> <nterm> <symbol>
#     the atom or ion with N electrons (charge q), in order of increasing N;
#   CORE <N_core> <nterm> <symbol>
#     the frozen core of the neutral atom with N_core electrons, for a
#     pseudopotential with Z - N_core valence electrons, in order of
#     increasing N_core, each preceded by a '# orbitals:' comment.
#
# Each block header is followed by nterm lines:   n   alpha   c
#
# Generated 2026-09-23 by combine_fits.py from
#   /home/alberto/doc/manuals/critic2/atomic_density_fits/15_rhofit/rho_b86bpbe_mono/fit_063_Eu.dat
#     recipe: --npow 0,1,2,3,4,5,6,7,8,9,10 --amin 0.2 --ratio 1.1 --mom 3 --cusp none --targetz 1e-3 --besteffort --monotone --stats
#   /home/alberto/doc/manuals/critic2/atomic_density_fits/15_rhofit/core_b86bpbe_mono/core_063_Eu.dat
#     recipe: --npow 0,1,2,3,4,5,6,7,8,9,10 --amin 0.2 --ratio 1.1 --mom 3 --cusp none --besteffort --monotone --stats --target 1e-3*N_core
#
STATE 60 +3 29 Eu
   0.00000   3.16858332988244e+00   1.41998268138471e+01
   0.00000   3.48528870185296e+00   7.03880976568912e+00
   0.00000   1.76031500405386e+01   0.00000000000000e+00
   0.00000   1.93626152655383e+01   2.67722145385892e+03
   0.00000   4.56380043026928e+01   1.18702869144320e+04
   0.00000   1.57464905001640e+02   6.40988493294657e+04
   0.00000   1.73203793999929e+02   2.02285465200837e+05
   0.00000   7.95308103856461e+02   1.41321279522982e+05
   0.00000   8.74800521331364e+02   0.00000000000000e+00
   0.00000   3.65185407000969e+03   1.99253747990793e+05
   0.00000   4.01686318645524e+03   0.00000000000000e+00
   0.00000   1.26000000000000e+04   6.27466665409595e+03
   6.00000   4.49048918949599e+02   3.09733918515980e+16
   9.00000   6.17277590901882e+00   6.22065972476089e+00
   9.00000   1.76031500405386e+01   6.42987033653775e+06
   9.00000   5.01996015920445e+01   3.13197696782152e+12
   9.00000   1.43156196146522e+02   2.51457638321619e+17
   9.00000   5.43301502465402e+02   1.18875804896595e+22
  10.00000   8.21488309249172e+00   9.51488350371169e+01
  10.00000   9.03597483433285e+00   1.17951094719618e+03
  10.00000   1.93626152655383e+01   0.00000000000000e+00
  10.00000   2.34267081413622e+01   1.07985290130836e+09
  10.00000   5.52171384025946e+01   1.50499225847674e+13
  10.00000   6.68068733494419e+01   1.87331491066023e+14
  10.00000   1.57464905001640e+02   0.00000000000000e+00
  10.00000   2.09558196316315e+02   8.24368014319092e+19
  10.00000   2.30503899680946e+02   1.84508265193829e+20
  10.00000   2.74405327170283e+03   4.91537067327101e+31
  10.00000   3.01832613173010e+03   0.00000000000000e+00
STATE 61 +2 30 Eu
   0.00000   2.61889376787807e+00   3.04850457350046e+00
   0.00000   2.88065671950537e+00   9.77378033475180e+00
   0.00000   5.61186074313395e+00   8.63812477615268e-01
   0.00000   1.76031500405386e+01   2.20513797288878e+03
   0.00000   4.56380043026928e+01   1.24995857624601e+04
   0.00000   1.57464905001640e+02   7.42858848495886e+04
   0.00000   1.73203793999929e+02   1.90698758379202e+05
   0.00000   7.95308103856461e+02   1.43951153441661e+05
   0.00000   8.74800521331364e+02   0.00000000000000e+00
   0.00000   3.65185407000969e+03   1.92517086887080e+05
   0.00000   1.26000000000000e+04   3.46946315935301e+04
   6.00000   4.49048918949599e+02   2.23900537481830e+16
   9.00000   7.59033163900679e-01   0.00000000000000e+00
   9.00000   1.76031500405386e+01   2.46296828220691e+05
   9.00000   5.01996015920445e+01   2.88901841030301e+12
   9.00000   1.43156196146522e+02   2.65978190982314e+17
   9.00000   5.43301502465402e+02   1.29364460148289e+22
  10.00000   7.59033163900679e-01   0.00000000000000e+00
  10.00000   1.11110538735251e+00   7.76835119196932e-14
  10.00000   6.17277590901882e+00   2.13425665385730e+00
  10.00000   8.21488309249172e+00   1.21601475009460e+02
  10.00000   9.03597483433285e+00   9.58387826345999e+02
  10.00000   1.76031500405386e+01   9.75893190400393e+06
  10.00000   2.34267081413622e+01   1.23383050649356e+09
  10.00000   5.52171384025946e+01   1.59496012221301e+13
  10.00000   6.68068733494419e+01   1.72205088466166e+14
  10.00000   2.09558196316315e+02   7.08734981584876e+19
  10.00000   2.30503899680946e+02   2.37805351991366e+20
  10.00000   2.74405327170283e+03   6.03325373270070e+31
  10.00000   3.01832613173010e+03   0.00000000000000e+00
STATE 62 +1 31 Eu
   0.00000   1.22216228829662e+00   9.48916466895984e-02
   0.00000   1.34431951814536e+00   0.00000000000000e+00
   0.00000   2.61889376787807e+00   9.73283286176571e+00
   0.00000   2.88065671950537e+00   4.05540588733618e-01
   0.00000   4.63830854242939e+00   3.71297224026727e+00
   0.00000   1.76031500405386e+01   2.12043921879629e+03
   0.00000   4.56380043026928e+01   1.33871351451432e+04
   0.00000   1.57464905001640e+02   2.25434813570224e+04
   0.00000   1.73203793999929e+02   2.46495620822392e+05
   0.00000   7.95308103856461e+02   1.32239970971924e+05
   0.00000   3.01832613173010e+03   1.46368052171077e+05
   0.00000   3.32001303744054e+03   0.00000000000000e+00
   0.00000   1.14550481672560e+04   2.19546970741768e+05
   6.00000   4.49048918949599e+02   5.52877104997143e+16
   9.00000   1.76031500405386e+01   0.00000000000000e+00
   9.00000   5.01996015920445e+01   3.39931388202009e+12
   9.00000   1.43156196146522e+02   1.92392307261423e+17
   9.00000   5.43301502465402e+02   4.61856854300206e+21
  10.00000   2.88065671950537e+00   2.00124010450636e-05
  10.00000   3.16858332988244e+00   1.75944545387630e-04
  10.00000   8.21488309249172e+00   6.70231773038851e+01
  10.00000   9.03597483433285e+00   9.40957913535147e+02
  10.00000   1.76031500405386e+01   1.00222641196252e+07
  10.00000   2.34267081413622e+01   1.24477161012662e+09
  10.00000   5.52171384025946e+01   9.02956025395844e+12
  10.00000   6.68068733494419e+01   1.87340608060212e+14
  10.00000   1.43156196146522e+02   7.30523340020867e+17
  10.00000   2.09558196316315e+02   1.33872775982290e+20
  10.00000   2.30503899680946e+02   6.84154107442091e+19
  10.00000   2.49470336514859e+03   7.36391957912378e+29
  10.00000   2.74405327170283e+03   2.17727173616833e+31
STATE 63 +0 36 Eu
   0.00000   1.01014013738258e+00   7.98463462881504e-02
   0.00000   1.11110538735251e+00   0.00000000000000e+00
   0.00000   2.61889376787807e+00   6.00577812824400e+00
   0.00000   2.88065671950537e+00   6.08907635618302e+00
   0.00000   5.10191548575654e+00   5.43108682375328e+00
   0.00000   1.93626152655383e+01   2.62738197777817e+03
   0.00000   4.56380043026928e+01   1.21515266316552e+04
   0.00000   1.57464905001640e+02   5.37122005456118e+04
   0.00000   1.73203793999929e+02   2.13129733650374e+05
   0.00000   7.95308103856461e+02   1.40669627837843e+05
   0.00000   8.74800521331364e+02   0.00000000000000e+00
   0.00000   3.01832613173010e+03   0.00000000000000e+00
   0.00000   3.32001303744054e+03   1.49961625275041e+05
   0.00000   1.14550481672560e+04   2.22239984755189e+05
   0.00000   1.26000000000000e+04   0.00000000000000e+00
   6.00000   4.49048918949599e+02   4.03417215658810e+16
   8.00000   2.16456499747003e+00   4.55659059402001e-05
   9.00000   1.76031500405386e+01   5.78399104166220e+06
   9.00000   5.01996015920445e+01   4.31497807111896e+12
   9.00000   1.43156196146522e+02   2.18760203375538e+17
   9.00000   5.43301502465402e+02   7.19089015826600e+21
  10.00000   2.88065671950537e+00   0.00000000000000e+00
  10.00000   3.16858332988244e+00   3.13288780643352e-04
  10.00000   8.21488309249172e+00   8.71399815609090e+01
  10.00000   9.03597483433285e+00   8.20271626279276e+02
  10.00000   1.76031500405386e+01   3.20784825440171e+06
  10.00000   2.34267081413622e+01   1.01563865829213e+09
  10.00000   2.57682480484822e+01   3.54888129503923e+08
  10.00000   5.52171384025946e+01   0.00000000000000e+00
  10.00000   6.68068733494419e+01   1.93521874542782e+14
  10.00000   1.43156196146522e+02   3.75599353818137e+17
  10.00000   2.09558196316315e+02   1.07748495459015e+20
  10.00000   2.30503899680946e+02   1.28182306824724e+20
  10.00000   8.74800521331364e+02   0.00000000000000e+00
  10.00000   2.49470336514859e+03   1.32287521792327e+31
  10.00000   2.74405327170283e+03   6.11100627494240e+30
STATE 64 -1 35 Eu
   0.00000   9.18349518206038e-01   6.33249283784116e-02
   0.00000   2.61889376787807e+00   4.27665053327902e+00
   0.00000   2.88065671950537e+00   9.17478871579684e+00
   0.00000   5.10191548575654e+00   1.81911951431141e+00
   0.00000   1.93626152655383e+01   2.64460312142706e+03
   0.00000   4.56380043026928e+01   1.21374151084573e+04
   0.00000   1.57464905001640e+02   5.08997350942985e+04
   0.00000   1.73203793999929e+02   2.16453607262475e+05
   0.00000   7.95308103856461e+02   1.38097431598026e+05
   0.00000   8.74800521331364e+02   0.00000000000000e+00
   0.00000   3.32001303744054e+03   1.67977273634627e+05
   0.00000   3.65185407000969e+03   0.00000000000000e+00
   0.00000   1.26000000000000e+04   1.44396969303619e+05
   6.00000   4.49048918949599e+02   3.94922411483017e+16
   9.00000   2.38091700444204e+00   0.00000000000000e+00
   9.00000   1.76031500405386e+01   8.65950527229344e+06
   9.00000   5.01996015920445e+01   4.33628568506816e+12
   9.00000   1.43156196146522e+02   2.23239185418163e+17
   9.00000   5.43301502465402e+02   9.25576173497173e+21
   9.00000   2.74405327170283e+03   0.00000000000000e+00
  10.00000   1.22216228829662e+00   9.64770746677952e-10
  10.00000   1.34431951814536e+00   1.95764932981157e-09
  10.00000   2.38091700444204e+00   9.64673832783100e-06
  10.00000   3.16858332988244e+00   2.27165874251424e-04
  10.00000   8.21488309249172e+00   1.17603586865099e+02
  10.00000   9.03597483433285e+00   6.74486040026978e+02
  10.00000   2.34267081413622e+01   9.20697710480142e+08
  10.00000   2.57682480484822e+01   5.20112190529838e+08
  10.00000   5.52171384025946e+01   0.00000000000000e+00
  10.00000   6.68068733494419e+01   1.91820783730101e+14
  10.00000   1.43156196146522e+02   3.16404442040424e+17
  10.00000   2.09558196316315e+02   1.04280369086545e+20
  10.00000   2.30503899680946e+02   1.32583749522593e+20
  10.00000   8.74800521331364e+02   0.00000000000000e+00
  10.00000   2.74405327170283e+03   4.15535819050487e+31
# orbitals: 1s2
CORE 2 7 Eu
   0.00000   1.18321290901687e+02   2.68170234452841e+04
   0.00000   1.30147708119012e+02   1.13891824672158e+05
   0.00000   1.73203793999929e+02   0.00000000000000e+00
   0.00000   1.90515812114815e+02   7.23233389736194e+04
   0.00000   3.37421521116531e+02   3.56179450288136e+04
   0.00000   5.97605425233573e+02   0.00000000000000e+00
   0.00000   6.57337118796836e+02   9.62769239231496e+04
# orbitals: 1s2 2s2
CORE 4 17 Eu
   0.00000   3.77206696505435e+01   2.83779580575799e+02
   0.00000   4.14909156781573e+01   1.09781496250402e+03
   0.00000   1.43156196146522e+02   1.01015395200928e+05
   0.00000   1.57464905001640e+02   1.49285602328184e+05
   0.00000   5.97605425233573e+02   9.90349353936882e+04
   0.00000   6.57337118796836e+02   3.22110777886666e+04
   0.00000   2.49470336514859e+03   1.42597203413659e+05
   0.00000   9.46781294121202e+03   2.00039472419341e+05
   4.00000   6.68068733494419e+01   6.53925717482683e+08
   5.00000   8.08292217931862e+01   2.46712391407168e+09
   7.00000   1.07569530673867e+02   1.66225060766306e+13
   8.00000   4.49048918949599e+02   3.94291849885636e+19
  10.00000   1.57464905001640e+02   0.00000000000000e+00
  10.00000   1.73203793999929e+02   3.42581298641093e+18
  10.00000   4.93932133339978e+02   2.78287978776279e+23
  10.00000   2.06191929184153e+03   2.06115836808369e+30
  10.00000   2.26801168339625e+03   0.00000000000000e+00
# orbitals: 1s2 2s2 2p6
CORE 10 16 Eu
   0.00000   4.14909156781573e+01   1.20375651362720e+04
   0.00000   1.57464905001640e+02   6.60807799271736e+04
   0.00000   1.73203793999929e+02   1.98313635279895e+05
   0.00000   8.74800521331364e+02   1.46818542571302e+05
   0.00000   4.01686318645524e+03   1.84049657559769e+05
   0.00000   4.41835559400010e+03   0.00000000000000e+00
   3.00000   6.07361866763196e+01   4.49087274677171e+07
   4.00000   7.34843356319654e+01   3.21594352748638e+09
   5.00000   4.08244206033483e+02   0.00000000000000e+00
   6.00000   4.49048918949599e+02   3.35298905235943e+16
   9.00000   1.57464905001640e+02   1.65940871376367e+17
  10.00000   1.73203793999929e+02   0.00000000000000e+00
  10.00000   1.90515812114815e+02   5.74633711008930e+18
  10.00000   5.43301502465402e+02   2.50292699941026e+24
  10.00000   8.74800521331364e+02   2.14058448970403e+26
  10.00000   3.01832613173010e+03   1.90603757124795e+32
# orbitals: 1s2 2s2 2p6 3s2
CORE 12 19 Eu
   0.00000   3.42930228371528e+01   4.35313237770569e+03
   0.00000   3.77206696505435e+01   7.52616034724105e+03
   0.00000   1.73203793999929e+02   2.76895361551524e+05
   0.00000   9.62238343116072e+02   1.57682307995365e+05
   0.00000   4.85997786055030e+03   2.14874499159767e+05
   5.00000   4.08244206033483e+02   7.68484199055049e+14
   7.00000   1.18321290901687e+02   0.00000000000000e+00
   8.00000   3.42930228371528e+01   0.00000000000000e+00
   8.00000   1.18321290901687e+02   2.67663931646026e+15
   9.00000   3.77206696505435e+01   6.49326121736085e+09
   9.00000   5.43301502465402e+02   0.00000000000000e+00
  10.00000   3.77206696505435e+01   1.85979928534475e+09
  10.00000   5.01996015920445e+01   1.34138592284026e+12
  10.00000   5.52171384025946e+01   5.50134085131439e+12
  10.00000   1.90515812114815e+02   3.34607507785114e+19
  10.00000   2.09558196316315e+02   3.63872292956255e+19
  10.00000   5.43301502465402e+02   1.56552201569800e+24
  10.00000   3.32001303744054e+03   6.36147860284720e+32
  10.00000   3.65185407000969e+03   0.00000000000000e+00
# orbitals: 1s2 2s2 2p6 3s2 3p6
CORE 18 17 Eu
   0.00000   1.60035660007781e+01   1.40803877160702e+02
   0.00000   1.76031500405386e+01   2.17599349877650e+02
   0.00000   4.14909156781573e+01   1.51091244798244e+04
   0.00000   1.73203793999929e+02   2.71562080412367e+05
   0.00000   9.62238343116072e+02   1.63157379811607e+05
   0.00000   5.34574103476709e+03   2.27726989580081e+05
   6.00000   4.93932133339978e+02   6.88676216194668e+15
   7.00000   3.42930228371528e+01   6.79421992426802e+08
   8.00000   3.77206696505435e+01   9.19368224753705e+09
   8.00000   1.30147708119012e+02   4.57149580161189e+15
   8.00000   5.43301502465402e+02   1.09909024219021e+21
   9.00000   5.97605425233573e+02   0.00000000000000e+00
  10.00000   5.52171384025946e+01   2.13477449501347e+13
  10.00000   6.07361866763196e+01   1.49465346334762e+13
  10.00000   1.43156196146522e+02   1.62772352785134e+18
  10.00000   2.09558196316315e+02   1.53588240073185e+20
  10.00000   3.32001303744054e+03   5.45035869438095e+32
# orbitals: 1s2 2s2 2p6 3s2 3p6 3d10
CORE 28 21 Eu
   0.00000   1.60035660007781e+01   4.08561981943240e+02
   0.00000   1.76031500405386e+01   1.45086858514701e+03
   0.00000   4.14909156781573e+01   1.20626027779715e+04
   0.00000   1.73203793999929e+02   2.73600277501604e+05
   0.00000   9.62238343116072e+02   1.61084548222632e+05
   0.00000   4.85997786055030e+03   1.69825032060412e+05
   0.00000   5.34574103476709e+03   3.73176409190590e+04
   5.00000   4.08244206033483e+02   4.78267877143471e+14
   6.00000   4.49048918949599e+02   0.00000000000000e+00
   7.00000   3.42930228371528e+01   1.85784108521784e+09
   7.00000   3.77206696505435e+01   3.85902568263610e+09
   7.00000   1.30147708119012e+02   0.00000000000000e+00
   8.00000   3.77206696505435e+01   0.00000000000000e+00
   9.00000   1.43156196146522e+02   2.25845842463598e+17
  10.00000   5.52171384025946e+01   1.35555288133346e+13
  10.00000   6.07361866763196e+01   6.65510955951322e+13
  10.00000   2.09558196316315e+02   8.07672865387905e+19
  10.00000   2.30503899680946e+02   6.76513724063697e+19
  10.00000   5.97605425233573e+02   5.23620594024344e+24
  10.00000   3.32001303744054e+03   6.39564322745881e+32
  10.00000   3.65185407000969e+03   0.00000000000000e+00
# orbitals: 1s2 2s2 2p6 3s2 3p6 3d10 4s2
CORE 30 23 Eu
   0.00000   1.32272485523737e+01   6.52079532897384e+02
   0.00000   1.45493348719661e+01   6.77976842384663e+02
   0.00000   4.56380043026928e+01   1.46299473370923e+04
   0.00000   1.73203793999929e+02   2.71180958359491e+05
   0.00000   8.74800521331364e+02   1.45930676837877e+05
   0.00000   4.01686318645524e+03   1.96740375236621e+05
   0.00000   4.41835559400010e+03   0.00000000000000e+00
   6.00000   4.93932133339978e+02   0.00000000000000e+00
   7.00000   4.93932133339978e+02   6.95763784842522e+18
   9.00000   4.56380043026928e+01   6.63338846510354e+11
   9.00000   1.43156196146522e+02   1.49570586172526e+17
  10.00000   1.32272485523737e+01   0.00000000000000e+00
  10.00000   1.45493348719661e+01   1.11271850589552e+04
  10.00000   2.12979420761549e+01   3.31978246155918e+07
  10.00000   2.34267081413622e+01   4.20613330383999e+07
  10.00000   5.01996015920445e+01   1.29507673575251e+12
  10.00000   6.07361866763196e+01   8.78677025469001e+13
  10.00000   1.43156196146522e+02   1.43222430051772e+18
  10.00000   2.09558196316315e+02   1.66620561741259e+20
  10.00000   2.30503899680946e+02   0.00000000000000e+00
  10.00000   5.97605425233573e+02   1.28455848013903e+24
  10.00000   9.62238343116072e+02   2.62134704644008e+26
  10.00000   3.01832613173010e+03   1.29153708652909e+32
# orbitals: 1s2 2s2 2p6 3s2 3p6 3d10 4s2 4p6
CORE 36 23 Eu
   0.00000   7.46840329467217e+00   1.23715080685662e+01
   0.00000   1.45493348719661e+01   1.32402623974122e+03
   0.00000   4.56380043026928e+01   1.49625632501907e+04
   0.00000   1.57464905001640e+02   9.72716415183207e+03
   0.00000   1.73203793999929e+02   2.59356391395979e+05
   0.00000   8.74800521331364e+02   1.52343465717864e+05
   0.00000   4.01686318645524e+03   0.00000000000000e+00
   0.00000   4.41835559400010e+03   2.04567326017109e+05
   6.00000   4.49048918949599e+02   5.49829098309462e+16
   9.00000   1.60035660007781e+01   8.28868754925878e+05
   9.00000   5.01996015920445e+01   3.92632160654347e+12
   9.00000   1.43156196146522e+02   1.87541866219553e+17
   9.00000   5.43301502465402e+02   4.43587515032455e+21
  10.00000   1.60035660007781e+01   8.46025375425266e+04
  10.00000   2.12979420761549e+01   5.30567248181275e+07
  10.00000   2.34267081413622e+01   4.50772332916528e+08
  10.00000   6.07361866763196e+01   0.00000000000000e+00
  10.00000   6.68068733494419e+01   1.17311799058825e+14
  10.00000   1.43156196146522e+02   1.08535787339076e+18
  10.00000   2.09558196316315e+02   1.43108933032218e+20
  10.00000   2.30503899680946e+02   8.23275667173293e+19
  10.00000   2.74405327170283e+03   5.42695253452631e+31
  10.00000   3.01832613173010e+03   1.33163553802380e+31
# orbitals: 1s2 2s2 2p6 3s2 3p6 3d10 4s2 4p6 4d10
CORE 46 28 Eu
   0.00000   5.61186074313395e+00   1.41633918965354e+01
   0.00000   1.76031500405386e+01   2.23222104980454e+03
   0.00000   4.56380043026928e+01   1.22902219052408e+04
   0.00000   1.57464905001640e+02   8.24142474155502e+04
   0.00000   1.73203793999929e+02   1.81804472393265e+05
   0.00000   7.95308103856461e+02   1.45311069748602e+05
   0.00000   8.74800521331364e+02   0.00000000000000e+00
   0.00000   3.65185407000969e+03   1.88415598540799e+05
   0.00000   4.01686318645524e+03   0.00000000000000e+00
   0.00000   1.26000000000000e+04   5.19605483567677e+04
   5.00000   9.93913611276129e+00   1.53133300160994e+03
   6.00000   1.20252991498181e+01   4.28051065002835e+03
   6.00000   4.49048918949599e+02   1.79077447401048e+16
   7.00000   1.32272485523737e+01   7.29237487694331e+04
   8.00000   1.60035660007781e+01   1.91025526264067e+06
   9.00000   5.01996015920445e+01   4.00949033945819e+12
   9.00000   1.43156196146522e+02   2.66196679332923e+17
   9.00000   5.43301502465402e+02   1.42538335724150e+22
  10.00000   2.12979420761549e+01   0.00000000000000e+00
  10.00000   2.34267081413622e+01   8.95640015722165e+08
  10.00000   5.52171384025946e+01   0.00000000000000e+00
  10.00000   6.07361866763196e+01   8.93391017535014e+12
  10.00000   6.68068733494419e+01   1.42820407221514e+14
  10.00000   2.09558196316315e+02   6.63040850184258e+19
  10.00000   2.30503899680946e+02   2.48638832324877e+20
  10.00000   5.43301502465402e+02   0.00000000000000e+00
  10.00000   2.74405327170283e+03   6.60031732817871e+31
  10.00000   3.01832613173010e+03   0.00000000000000e+00
# orbitals: 1s2 2s2 2p6 3s2 3p6 3d10 4s2 4p6 4d10 5s2
CORE 48 27 Eu
   0.00000   3.48528870185296e+00   9.97810312163137e-01
   0.00000   3.83364932230285e+00   1.65992882429301e+01
   0.00000   1.93626152655383e+01   2.68594273470676e+03
   0.00000   4.56380043026928e+01   1.22961406113480e+04
   0.00000   1.73203793999929e+02   2.72907327933284e+05
   0.00000   8.74800521331364e+02   1.46296991809913e+05
   0.00000   3.65185407000969e+03   0.00000000000000e+00
   0.00000   4.01686318645524e+03   1.79858917186849e+05
   0.00000   1.26000000000000e+04   1.25958109151910e+05
   6.00000   4.49048918949599e+02   4.47764535532460e+16
   8.00000   1.60035660007781e+01   0.00000000000000e+00
   9.00000   5.01996015920445e+01   3.93057517735189e+12
   9.00000   1.43156196146522e+02   2.47052090562194e+17
  10.00000   3.48528870185296e+00   2.18949065580076e-07
  10.00000   8.21488309249172e+00   3.89890910366562e+01
  10.00000   1.76031500405386e+01   8.32753567293046e+06
  10.00000   2.12979420761549e+01   4.79452249847567e+07
  10.00000   2.34267081413622e+01   8.93376339122422e+08
  10.00000   5.52171384025946e+01   4.98783137712627e+12
  10.00000   6.68068733494419e+01   1.78753926012631e+14
  10.00000   2.09558196316315e+02   8.04334003597052e+19
  10.00000   2.30503899680946e+02   1.54607057418160e+20
  10.00000   5.43301502465402e+02   1.53221662883485e+24
  10.00000   8.74800521331364e+02   2.13058644613604e+26
  10.00000   9.62238343116072e+02   0.00000000000000e+00
  10.00000   2.74405327170283e+03   4.00726562851579e+31
  10.00000   3.01832613173010e+03   0.00000000000000e+00
# orbitals: 1s2 2s2 2p6 3s2 3p6 3d10 4s2 4p6 4d10 4f6
CORE 52 30 Eu
   0.00000   1.11110538735251e+00   0.00000000000000e+00
   0.00000   1.22216228829662e+00   0.00000000000000e+00
   0.00000   1.78905371639748e+00   0.00000000000000e+00
   0.00000   1.96787272279171e+00   3.41463988492590e-01
   0.00000   4.21682918794631e+00   2.35377285380402e+01
   0.00000   1.76031500405386e+01   2.18798204193482e+03
   0.00000   4.56380043026928e+01   1.31977256942537e+04
   0.00000   1.73203793999929e+02   2.72345076615538e+05
   0.00000   8.74800521331364e+02   1.43903703758108e+05
   0.00000   3.65185407000969e+03   1.60049195220330e+05
   0.00000   4.01686318645524e+03   0.00000000000000e+00
   0.00000   1.26000000000000e+04   1.70253012223322e+05
   6.00000   4.49048918949599e+02   0.00000000000000e+00
   8.00000   1.45493348719661e+01   5.05824718970750e+05
   9.00000   1.60035660007781e+01   1.15797794504043e+06
   9.00000   5.01996015920445e+01   2.66764958500679e+12
   9.00000   1.43156196146522e+02   2.53511612914382e+17
   9.00000   5.43301502465402e+02   5.91258718712142e+22
  10.00000   2.61889376787807e+00   4.60599004627626e-07
  10.00000   6.78975551372722e+00   5.27977331267504e-01
  10.00000   2.12979420761549e+01   7.68722240577971e+07
  10.00000   2.34267081413622e+01   8.50604867080135e+08
  10.00000   5.52171384025946e+01   1.82063758653370e+13
  10.00000   6.68068733494419e+01   1.55916755174791e+14
  10.00000   1.57464905001640e+02   0.00000000000000e+00
  10.00000   2.09558196316315e+02   8.13606617523784e+19
  10.00000   2.30503899680946e+02   1.55135103911675e+20
  10.00000   8.74800521331364e+02   2.53730617047217e+26
  10.00000   9.62238343116072e+02   1.66114242786334e+26
  10.00000   3.01832613173010e+03   1.10294870430699e+32
# orbitals: 1s2 2s2 2p6 3s2 3p6 3d10 4s2 4p6 4d10 4f7
CORE 53 29 Eu
   0.00000   1.22216228829662e+00   8.62758237241208e-03
   0.00000   1.34431951814536e+00   0.00000000000000e+00
   0.00000   1.96787272279171e+00   0.00000000000000e+00
   0.00000   2.16456499747003e+00   6.23535165030049e-01
   0.00000   4.21682918794631e+00   2.47047378304762e+01
   0.00000   1.76031500405386e+01   2.19099922229131e+03
   0.00000   4.56380043026928e+01   1.28199928896300e+04
   0.00000   1.57464905001640e+02   3.40195524886549e+04
   0.00000   1.73203793999929e+02   2.35130083392845e+05
   0.00000   8.74800521331364e+02   1.52039737248682e+05
   0.00000   3.65185407000969e+03   2.94510791379949e+04
   0.00000   4.01686318645524e+03   1.50871292204570e+05
   6.00000   4.49048918949599e+02   4.79502933172815e+16
   8.00000   1.45493348719661e+01   5.53030568652264e+05
   9.00000   1.60035660007781e+01   1.02567267418063e+06
   9.00000   5.01996015920445e+01   2.56989566556039e+12
   9.00000   1.43156196146522e+02   2.58237832313826e+17
   9.00000   5.43301502465402e+02   0.00000000000000e+00
  10.00000   6.78975551372722e+00   8.39717584302976e-02
  10.00000   2.12979420761549e+01   7.84003018586254e+07
  10.00000   2.34267081413622e+01   8.51945037238485e+08
  10.00000   5.52171384025946e+01   1.93201979206330e+13
  10.00000   6.68068733494419e+01   1.55061893092606e+14
  10.00000   1.57464905001640e+02   0.00000000000000e+00
  10.00000   2.09558196316315e+02   7.64794689340685e+19
  10.00000   2.30503899680946e+02   1.92616959806166e+20
  10.00000   5.43301502465402e+02   5.92095754720661e+23
  10.00000   9.62238343116072e+02   0.00000000000000e+00
  10.00000   3.01832613173010e+03   2.17728366730283e+32
# orbitals: 1s2 2s2 2p6 3s2 3p6 3d10 4s2 4p6 4d10 4f6 5s2
CORE 54 31 Eu
   0.00000   1.34431951814536e+00   1.31742946529142e-02
   0.00000   1.47868657392901e+00   0.00000000000000e+00
   0.00000   3.16858332988244e+00   6.83466461236014e+00
   0.00000   3.48528870185296e+00   1.13435771462899e+01
   0.00000   1.76031500405386e+01   9.54901880030690e+02
   0.00000   1.93626152655383e+01   1.49921168573128e+03
   0.00000   4.56380043026928e+01   1.26446306640009e+04
   0.00000   1.73203793999929e+02   2.72696863497551e+05
   0.00000   8.74800521331364e+02   1.46483117059037e+05
   0.00000   3.65185407000969e+03   0.00000000000000e+00
   0.00000   4.01686318645524e+03   1.79795652757065e+05
   0.00000   1.26000000000000e+04   1.24750636965280e+05
   6.00000   4.49048918949599e+02   4.10912204709690e+16
   8.00000   1.60035660007781e+01   1.62924860308094e+06
   9.00000   1.60035660007781e+01   9.00472148474043e+05
   9.00000   5.01996015920445e+01   3.73691453808333e+12
   9.00000   1.43156196146522e+02   2.54235955579804e+17
   9.00000   5.43301502465402e+02   0.00000000000000e+00
  10.00000   3.83364932230285e+00   3.20744138797409e-04
  10.00000   2.12979420761549e+01   0.00000000000000e+00
  10.00000   2.34267081413622e+01   9.78256957045303e+08
  10.00000   5.52171384025946e+01   6.10201963689412e+12
  10.00000   6.68068733494419e+01   1.72815619534051e+14
  10.00000   1.57464905001640e+02   0.00000000000000e+00
  10.00000   2.09558196316315e+02   7.42855539758869e+19
  10.00000   2.30503899680946e+02   1.80129003324890e+20
  10.00000   5.43301502465402e+02   1.64908451797755e+24
  10.00000   8.74800521331364e+02   2.32582455446920e+26
  10.00000   9.62238343116072e+02   0.00000000000000e+00
  10.00000   2.74405327170283e+03   4.15862919292148e+31
  10.00000   3.01832613173010e+03   0.00000000000000e+00
# orbitals: 1s2 2s2 2p6 3s2 3p6 3d10 4s2 4p6 4d10 4f7 5s2
CORE 55 31 Eu
   0.00000   1.47868657392901e+00   4.87609852368181e-02
   0.00000   1.62648384882075e+00   0.00000000000000e+00
   0.00000   3.16858332988244e+00   4.68687896854159e+00
   0.00000   3.48528870185296e+00   1.58518484779787e+01
   0.00000   1.76031500405386e+01   5.72555752109437e+02
   0.00000   1.93626152655383e+01   1.95634390812620e+03
   0.00000   4.56380043026928e+01   1.25247976639654e+04
   0.00000   1.73203793999929e+02   2.72775191415368e+05
   0.00000   8.74800521331364e+02   1.46397681779307e+05
   0.00000   3.65185407000969e+03   0.00000000000000e+00
   0.00000   4.01686318645524e+03   1.80046036565815e+05
   0.00000   1.26000000000000e+04   1.23859584691130e+05
   6.00000   4.49048918949599e+02   4.16726050967462e+16
   8.00000   1.60035660007781e+01   1.76228962822134e+06
   9.00000   1.60035660007781e+01   7.41032281831997e+05
   9.00000   5.01996015920445e+01   3.81349428730375e+12
   9.00000   1.43156196146522e+02   2.52448993433319e+17
   9.00000   5.43301502465402e+02   0.00000000000000e+00
  10.00000   3.83364932230285e+00   1.15066437391909e-04
  10.00000   2.12979420761549e+01   0.00000000000000e+00
  10.00000   2.34267081413622e+01   9.66895250161324e+08
  10.00000   5.52171384025946e+01   5.39376826930343e+12
  10.00000   6.68068733494419e+01   1.75115391243958e+14
  10.00000   1.57464905001640e+02   0.00000000000000e+00
  10.00000   2.09558196316315e+02   7.53803894232221e+19
  10.00000   2.30503899680946e+02   1.74771807433895e+20
  10.00000   5.43301502465402e+02   1.63961736490762e+24
  10.00000   8.74800521331364e+02   2.30860945683379e+26
  10.00000   9.62238343116072e+02   0.00000000000000e+00
  10.00000   2.74405327170283e+03   4.11443545209889e+31
  10.00000   3.01832613173010e+03   0.00000000000000e+00
# orbitals: 1s2 2s2 2p6 3s2 3p6 3d10 4s2 4p6 4d10 5s2 5p6 6s2
CORE 56 33 Eu
   0.00000   1.01014013738258e+00   7.32028016244834e-02
   0.00000   2.61889376787807e+00   6.67549642120309e+00
   0.00000   5.10191548575654e+00   0.00000000000000e+00
   0.00000   1.76031500405386e+01   6.77308404951324e+02
   0.00000   1.93626152655383e+01   1.84044600865703e+03
   0.00000   4.56380043026928e+01   1.24786550563087e+04
   0.00000   1.57464905001640e+02   4.17136798854610e+04
   0.00000   1.73203793999929e+02   2.26271210799255e+05
   0.00000   7.95308103856461e+02   1.30033000509268e+05
   0.00000   8.74800521331364e+02   7.30836267733209e+03
   0.00000   3.32001303744054e+03   1.67496290854894e+05
   0.00000   3.65185407000969e+03   0.00000000000000e+00
   0.00000   1.26000000000000e+04   1.49061233202662e+05
   6.00000   4.49048918949599e+02   4.45344636657294e+16
   9.00000   2.16456499747003e+00   1.71233989777842e-06
   9.00000   1.76031500405386e+01   7.29251185470281e+06
   9.00000   5.01996015920445e+01   4.31374807502991e+12
   9.00000   1.43156196146522e+02   2.12666338695532e+17
   9.00000   5.43301502465402e+02   8.00929789443809e+21
  10.00000   2.16456499747003e+00   3.44312109701863e-07
  10.00000   2.88065671950537e+00   6.93752235356572e-05
  10.00000   3.16858332988244e+00   2.03842904531387e-04
  10.00000   8.21488309249172e+00   1.27580698363681e+02
  10.00000   9.03597483433285e+00   7.94473787814624e+02
  10.00000   2.34267081413622e+01   9.45999323050468e+08
  10.00000   2.57682480484822e+01   3.54130734849133e+08
  10.00000   5.52171384025946e+01   0.00000000000000e+00
  10.00000   6.68068733494419e+01   1.91804113921364e+14
  10.00000   1.43156196146522e+02   4.46459409711942e+17
  10.00000   2.09558196316315e+02   1.13855529350076e+20
  10.00000   2.30503899680946e+02   1.10291801247672e+20
  10.00000   8.74800521331364e+02   0.00000000000000e+00
  10.00000   2.74405327170283e+03   3.68424009226991e+31
# orbitals: 1s2 2s2 2p6 3s2 3p6 3d10 4s2 4p6 4d10 4f7 5s2 5p6
CORE 61 33 Eu
   0.00000   2.61889376787807e+00   1.04526283420483e+01
   0.00000   2.88065671950537e+00   8.78277702402319e-01
   0.00000   1.93626152655383e+01   2.33909030781732e+03
   0.00000   4.14909156781573e+01   1.01524971254735e+04
   0.00000   4.56380043026928e+01   1.87808907343001e+03
   0.00000   1.73203793999929e+02   2.74438335979867e+05
   0.00000   7.95308103856461e+02   0.00000000000000e+00
   0.00000   8.74800521331364e+02   1.42228737398337e+05
   0.00000   3.65185407000969e+03   1.56814954365082e+05
   0.00000   1.26000000000000e+04   2.04435968262583e+05
   6.00000   4.49048918949599e+02   0.00000000000000e+00
   8.00000   1.26000000000000e+04   7.51566178851968e+31
   9.00000   6.78975551372722e+00   1.32207096087504e+01
   9.00000   1.76031500405386e+01   7.33440443093163e+06
   9.00000   5.01996015920445e+01   3.52303919675914e+12
   9.00000   1.43156196146522e+02   1.70029119928180e+17
   9.00000   5.43301502465402e+02   6.09995898428133e+22
   9.00000   2.74405327170283e+03   1.04130085602812e+29
  10.00000   2.88065671950537e+00   3.87137983069679e-06
  10.00000   3.16858332988244e+00   0.00000000000000e+00
  10.00000   8.21488309249172e+00   0.00000000000000e+00
  10.00000   9.03597483433285e+00   8.79412282521802e+02
  10.00000   1.76031500405386e+01   2.83455553904291e+06
  10.00000   2.34267081413622e+01   9.22939450068003e+08
  10.00000   2.57682480484822e+01   6.92114396207237e+08
  10.00000   5.01996015920445e+01   3.22904883697242e+12
  10.00000   6.68068733494419e+01   2.55672644769315e+14
  10.00000   1.43156196146522e+02   6.44796567483602e+17
  10.00000   2.09558196316315e+02   1.34721005490639e+20
  10.00000   2.30503899680946e+02   0.00000000000000e+00
  10.00000   5.97605425233573e+02   0.00000000000000e+00
  10.00000   8.74800521331364e+02   3.50187758344264e+26
  10.00000   2.74405327170283e+03   0.00000000000000e+00
