# Free-atom, free-ion and frozen-core density fits -- Ir (Z = 77)
#
#   rho(r) = sum_i c_i r^n_i exp(-alpha_i r)      r in bohr, rho in e/bohr^3
#
# All-electron B86BPBE densities (scalar-relativistic, spin-restricted),
# fitted with rhofit.py (monotone decay imposed).  Two kinds of block:
#
#   STATE <N> <q> <nterm> <symbol>
#     the atom or ion with N electrons (charge q), in order of increasing N;
#   CORE <N_core> <nterm> <symbol>
#     the frozen core of the neutral atom with N_core electrons, for a
#     pseudopotential with Z - N_core valence electrons, in order of
#     increasing N_core, each preceded by a '# orbitals:' comment.
#
# Each block header is followed by nterm lines:   n   alpha   c
#
# Generated 2026-09-23 by combine_fits.py from
#   /home/alberto/doc/manuals/critic2/atomic_density_fits/15_rhofit/rho_b86bpbe_mono/fit_077_Ir.dat
#     recipe: --npow 0,1,2,3,4,5,6,7,8,9,10 --amin 0.2 --ratio 1.1 --mom 3 --cusp none --targetz 1e-3 --besteffort --monotone --stats
#   /home/alberto/doc/manuals/critic2/atomic_density_fits/15_rhofit/core_b86bpbe_mono/core_077_Ir.dat
#     recipe: --npow 0,1,2,3,4,5,6,7,8,9,10 --amin 0.2 --ratio 1.1 --mom 3 --cusp none --besteffort --monotone --stats --target 1e-3*N_core
#
STATE 68 +9 29 Ir
   0.00000   4.97932189636239e+00   4.17386223697241e+01
   0.00000   5.47309706163401e+00   9.05801796001728e+01
   0.00000   2.73088400475349e+01   3.28814001974085e+03
   0.00000   3.00169250616206e+01   4.48994635143682e+03
   0.00000   5.81844363968303e+01   2.16537709584241e+04
   0.00000   2.18619095762316e+02   5.77443242981199e+05
   0.00000   2.40298489540901e+02   0.00000000000000e+00
   0.00000   7.47319661103982e+02   2.82311725374609e+05
   0.00000   8.21427721770221e+02   1.46786544406256e+05
   0.00000   2.32413727168897e+03   4.68379212947483e+05
   0.00000   6.57588478510697e+03   7.34957636012221e+05
   0.00000   7.22798333670802e+03   0.00000000000000e+00
   0.00000   1.54000000000000e+04   6.23526470130889e+05
   8.00000   1.80951504825020e+02   0.00000000000000e+00
   9.00000   1.06089836724645e+01   7.34356048994224e+03
   9.00000   7.02963420216673e+01   1.44284202346088e+14
  10.00000   1.16610250498380e+01   0.00000000000000e+00
  10.00000   1.28173922602862e+01   1.25799323726976e+05
  10.00000   2.26035867745046e+01   1.19968941893618e+08
  10.00000   3.00169250616206e+01   2.86568400867617e+10
  10.00000   3.29935577119571e+01   2.94759318790467e+10
  10.00000   7.02963420216673e+01   7.71557370341002e+14
  10.00000   9.33515575037179e+01   7.12053677373496e+15
  10.00000   1.98895586581694e+02   1.87121159790945e+20
  10.00000   2.64127723492267e+02   1.03897894005481e+21
  10.00000   2.90319986823442e+02   6.47870608554596e+21
  10.00000   7.47319661103982e+02   4.30817548347141e+25
  10.00000   8.21427721770221e+02   0.00000000000000e+00
  10.00000   2.55461067536279e+03   2.05375600935225e+31
STATE 69 +8 28 Ir
   0.00000   4.53009443618230e+00   1.47673873856203e+01
   0.00000   4.97932189636239e+00   9.33642598143458e+01
   0.00000   6.61239889544355e+00   3.82031253532792e-01
   0.00000   2.48450746773987e+01   5.79911631741191e+03
   0.00000   5.81844363968303e+01   2.46752049319097e+04
   0.00000   2.18619095762316e+02   5.34809989867445e+05
   0.00000   2.40298489540901e+02   4.94392880981968e+04
   0.00000   8.21427721770221e+02   4.63282038062189e+05
   0.00000   9.02884718830823e+02   0.00000000000000e+00
   0.00000   2.80793900694814e+03   5.98909196179020e+05
   0.00000   9.59855780098259e+03   0.00000000000000e+00
   0.00000   1.05504001528522e+04   1.16315159841177e+06
   8.00000   1.80951504825020e+02   1.27676384144754e+17
   9.00000   2.48450746773987e+01   4.43980853954514e+08
   9.00000   7.02963420216673e+01   2.07384949083271e+14
   9.00000   7.47319661103982e+02   0.00000000000000e+00
  10.00000   8.78107904299285e+00   1.54149355992303e+02
  10.00000   1.16610250498380e+01   2.86923703226043e+04
  10.00000   1.28173922602862e+01   7.19515044138219e+04
  10.00000   3.00169250616206e+01   1.95772073195374e+10
  10.00000   3.29935577119571e+01   4.07536371994410e+10
  10.00000   7.02963420216673e+01   3.90287140322484e+14
  10.00000   7.72672887935755e+01   0.00000000000000e+00
  10.00000   1.98895586581694e+02   1.05239035958229e+20
  10.00000   2.90319986823442e+02   6.62684117535044e+21
  10.00000   7.47319661103982e+02   5.05899894562335e+25
  10.00000   2.80793900694814e+03   1.07105680354547e+32
  10.00000   3.08638867862760e+03   0.00000000000000e+00
STATE 70 +7 29 Ir
   0.00000   4.12139564942003e+00   0.00000000000000e+00
   0.00000   4.53009443618230e+00   8.44567890791353e+01
   0.00000   2.26035867745046e+01   2.96752360574006e+01
   0.00000   2.48450746773987e+01   5.85456159537655e+03
   0.00000   5.81844363968303e+01   2.45126726832687e+04
   0.00000   2.18619095762316e+02   5.74943681538794e+05
   0.00000   2.40298489540901e+02   0.00000000000000e+00
   0.00000   7.47319661103982e+02   3.17689177550093e+05
   0.00000   8.21427721770221e+02   1.09364452355191e+05
   0.00000   2.32413727168897e+03   4.18114125361152e+05
   0.00000   2.55461067536279e+03   8.40663404402061e+04
   0.00000   7.22798333670802e+03   7.81756312977372e+05
   0.00000   1.54000000000000e+04   5.58322734852600e+05
   9.00000   7.98886236806648e+00   0.00000000000000e+00
   9.00000   2.48450746773987e+01   5.48237794261823e+08
   9.00000   7.02963420216673e+01   0.00000000000000e+00
  10.00000   7.98886236806648e+00   5.14713090616580e+01
  10.00000   1.16610250498380e+01   4.54552721331019e+04
  10.00000   3.00169250616206e+01   1.58280100082511e+10
  10.00000   3.29935577119571e+01   5.37416644562119e+10
  10.00000   7.02963420216673e+01   1.17329371915327e+15
  10.00000   8.49295104952916e+01   5.76166146961668e+15
  10.00000   1.98895586581694e+02   1.86816334230749e+20
  10.00000   2.64127723492267e+02   1.25476070684563e+21
  10.00000   2.90319986823442e+02   6.23238309168192e+21
  10.00000   7.47319661103982e+02   2.72726188921561e+25
  10.00000   8.21427721770221e+02   1.83248084036404e+25
  10.00000   2.55461067536279e+03   2.22923382723481e+31
  10.00000   2.80793900694814e+03   0.00000000000000e+00
STATE 71 +6 28 Ir
   0.00000   3.74956909582067e+00   1.55464970088369e+01
   0.00000   4.12139564942003e+00   3.74290810378763e+01
   0.00000   7.26811837399841e+00   3.94344620110409e+01
   0.00000   2.26035867745046e+01   4.76370967764153e+03
   0.00000   2.48450746773987e+01   0.00000000000000e+00
   0.00000   5.81844363968303e+01   2.63826193616027e+04
   0.00000   2.18619095762316e+02   5.72584131237628e+05
   0.00000   2.40298489540901e+02   0.00000000000000e+00
   0.00000   7.47319661103982e+02   4.10184245366221e+05
   0.00000   2.11445685628272e+03   2.16545990606670e+05
   0.00000   2.32413727168897e+03   2.74173214563313e+05
   0.00000   7.22798333670802e+03   8.90447203862495e+05
   0.00000   1.54000000000000e+04   3.74637754716182e+05
   8.00000   1.80951504825020e+02   0.00000000000000e+00
   9.00000   7.98886236806648e+00   0.00000000000000e+00
   9.00000   7.02963420216673e+01   1.98456609362010e+14
  10.00000   7.98886236806648e+00   5.16446286567744e+01
  10.00000   1.16610250498380e+01   3.99114286589186e+04
  10.00000   2.48450746773987e+01   7.47898717289178e+08
  10.00000   3.00169250616206e+01   2.36929378852399e+10
  10.00000   3.29935577119571e+01   4.78349916050190e+10
  10.00000   7.02963420216673e+01   3.71549330089997e+14
  10.00000   1.98895586581694e+02   1.95298326391553e+20
  10.00000   2.64127723492267e+02   1.23667004011096e+21
  10.00000   2.90319986823442e+02   6.61991193561783e+21
  10.00000   7.47319661103982e+02   1.62371119776153e+25
  10.00000   8.21427721770221e+02   3.43140005114845e+25
  10.00000   2.55461067536279e+03   1.93169720813328e+31
STATE 72 +5 30 Ir
   0.00000   3.41128821405727e+00   1.15669158844736e+01
   0.00000   3.74956909582067e+00   2.47795190006942e+01
   0.00000   7.26811837399841e+00   1.04728473245992e+02
   0.00000   2.48450746773987e+01   5.71848804833678e+03
   0.00000   5.81844363968303e+01   2.44983237946045e+04
   0.00000   2.18619095762316e+02   5.75730393323163e+05
   0.00000   2.40298489540901e+02   0.00000000000000e+00
   0.00000   7.47319661103982e+02   2.51384532273237e+05
   0.00000   8.21427721770221e+02   1.89814137792116e+05
   0.00000   2.55461067536279e+03   5.57438939058943e+05
   0.00000   7.94474733408503e+03   6.53604532500924e+05
   0.00000   1.54000000000000e+04   8.02646178334216e+05
   8.00000   1.80951504825020e+02   1.17389794842286e+17
   9.00000   7.26811837399841e+00   2.27724664959462e+01
   9.00000   7.02963420216673e+01   2.07026766422746e+14
  10.00000   7.98886236806648e+00   1.79475103771264e+01
  10.00000   1.06089836724645e+01   0.00000000000000e+00
  10.00000   1.16610250498380e+01   3.95198399418745e+04
  10.00000   2.48450746773987e+01   6.80160406857684e+08
  10.00000   3.00169250616206e+01   2.48942743745112e+10
  10.00000   3.29935577119571e+01   4.00388614706204e+10
  10.00000   7.02963420216673e+01   3.76438986207829e+14
  10.00000   7.72672887935755e+01   0.00000000000000e+00
  10.00000   1.98895586581694e+02   1.13988026654100e+20
  10.00000   2.64127723492267e+02   2.25572126226382e+19
  10.00000   2.90319986823442e+02   6.96754092976238e+21
  10.00000   7.47319661103982e+02   3.73885961633834e+25
  10.00000   8.21427721770221e+02   0.00000000000000e+00
  10.00000   2.55461067536279e+03   2.55403068078929e+31
  10.00000   2.80793900694814e+03   0.00000000000000e+00
STATE 73 +4 30 Ir
   0.00000   3.10352656051510e+00   7.28302951338917e+00
   0.00000   3.41128821405727e+00   2.45090649533895e+01
   0.00000   7.26811837399841e+00   0.00000000000000e+00
   0.00000   7.98886236806648e+00   8.03914673629584e+01
   0.00000   2.26035867745046e+01   4.74324279886089e+03
   0.00000   2.48450746773987e+01   0.00000000000000e+00
   0.00000   5.81844363968303e+01   2.63048241506023e+04
   0.00000   2.18619095762316e+02   5.73070932773605e+05
   0.00000   2.40298489540901e+02   0.00000000000000e+00
   0.00000   7.47319661103982e+02   4.16100446253447e+05
   0.00000   8.21427721770221e+02   0.00000000000000e+00
   0.00000   2.55461067536279e+03   6.53346660120769e+05
   0.00000   7.22798333670802e+03   0.00000000000000e+00
   0.00000   7.94474733408503e+03   1.06724944239668e+05
   0.00000   1.54000000000000e+04   1.95321997742753e+06
   8.00000   1.80951504825020e+02   1.80751044124819e+16
   9.00000   7.02963420216673e+01   1.96111868982086e+14
  10.00000   7.26811837399841e+00   8.11664917258037e+00
  10.00000   1.06089836724645e+01   3.44528027118286e+01
  10.00000   1.16610250498380e+01   2.95485794890715e+04
  10.00000   2.48450746773987e+01   9.80737963161972e+08
  10.00000   3.00169250616206e+01   2.14217063813175e+10
  10.00000   3.29935577119571e+01   5.54372942466859e+10
  10.00000   7.02963420216673e+01   3.82012510908672e+14
  10.00000   1.98895586581694e+02   1.84126737656902e+20
  10.00000   2.64127723492267e+02   1.01789272313386e+21
  10.00000   2.90319986823442e+02   6.81429804137274e+21
  10.00000   7.47319661103982e+02   2.40207556795813e+25
  10.00000   8.21427721770221e+02   1.31915200764663e+25
  10.00000   2.80793900694814e+03   2.54234889077690e+31
STATE 74 +3 28 Ir
   0.00000   2.82353073309126e+00   6.39399561832956e+00
   0.00000   3.10352656051510e+00   1.63096975140669e+01
   0.00000   6.61239889544355e+00   5.33305125190319e+01
   0.00000   7.26811837399841e+00   2.37317454608852e+01
   0.00000   2.26035867745046e+01   4.79101301536291e+03
   0.00000   2.48450746773987e+01   0.00000000000000e+00
   0.00000   5.81844363968303e+01   2.60218341077803e+04
   0.00000   2.18619095762316e+02   5.73765966718002e+05
   0.00000   2.40298489540901e+02   0.00000000000000e+00
   0.00000   7.47319661103982e+02   4.08829444384597e+05
   0.00000   2.11445685628272e+03   1.65578353642372e+05
   0.00000   2.32413727168897e+03   3.36783355660623e+05
   0.00000   7.22798333670802e+03   8.37200039432351e+05
   0.00000   1.54000000000000e+04   4.79147861308072e+05
   8.00000   1.80951504825020e+02   9.78936550844126e+16
   9.00000   2.26035867745046e+01   0.00000000000000e+00
   9.00000   7.02963420216673e+01   1.95153162597763e+14
  10.00000   6.01583751151941e+00   1.66601910671305e-01
  10.00000   1.16610250498380e+01   2.82182919848618e+04
  10.00000   2.48450746773987e+01   9.43471962539688e+08
  10.00000   3.00169250616206e+01   2.18804032355596e+10
  10.00000   3.29935577119571e+01   5.38877088427134e+10
  10.00000   7.02963420216673e+01   3.86804525752117e+14
  10.00000   1.98895586581694e+02   1.36168059992591e+20
  10.00000   2.90319986823442e+02   7.76898135344872e+21
  10.00000   7.47319661103982e+02   3.70630749580714e+25
  10.00000   8.21427721770221e+02   0.00000000000000e+00
  10.00000   2.55461067536279e+03   1.38679409372191e+31
STATE 75 +2 30 Ir
   0.00000   2.56879573777119e+00   7.84852742250964e+00
   0.00000   2.82353073309126e+00   0.00000000000000e+00
   0.00000   3.10352656051510e+00   1.02191460158453e+01
   0.00000   6.61239889544355e+00   1.02463417706143e+02
   0.00000   2.48450746773987e+01   5.77675483242121e+03
   0.00000   5.81844363968303e+01   2.46310916916967e+04
   0.00000   2.18619095762316e+02   5.74360177736436e+05
   0.00000   2.40298489540901e+02   0.00000000000000e+00
   0.00000   7.47319661103982e+02   4.07445810068314e+05
   0.00000   2.11445685628272e+03   2.55084927937670e+05
   0.00000   2.32413727168897e+03   2.25857011722433e+05
   0.00000   6.57588478510697e+03   7.34613070992843e+05
   0.00000   7.22798333670802e+03   0.00000000000000e+00
   0.00000   1.54000000000000e+04   6.83972885491886e+05
   8.00000   1.80951504825020e+02   0.00000000000000e+00
   9.00000   7.02963420216673e+01   5.31978445756662e+13
  10.00000   4.12139564942003e+00   0.00000000000000e+00
  10.00000   4.53009443618230e+00   4.60575601316567e-03
  10.00000   1.16610250498380e+01   3.00149958030751e+04
  10.00000   2.48450746773987e+01   8.51004589777981e+08
  10.00000   3.00169250616206e+01   2.24356648326376e+10
  10.00000   3.29935577119571e+01   4.98932912058035e+10
  10.00000   7.02963420216673e+01   9.53850261420647e+14
  10.00000   8.49295104952916e+01   4.30864014356659e+15
  10.00000   1.98895586581694e+02   1.87556597091604e+20
  10.00000   2.64127723492267e+02   1.25143828440750e+21
  10.00000   2.90319986823442e+02   6.24114959548915e+21
  10.00000   7.47319661103982e+02   2.46091474241135e+25
  10.00000   8.21427721770221e+02   3.07126910214250e+25
  10.00000   2.55461067536279e+03   1.49711383522381e+31
STATE 76 +1 29 Ir
   0.00000   1.93437526480447e+00   1.90887340030276e+00
   0.00000   2.12619786353503e+00   1.29900600163771e+00
   0.00000   3.41128821405727e+00   1.54285045367331e+01
   0.00000   6.01583751151941e+00   8.54666317803405e+01
   0.00000   6.61239889544355e+00   0.00000000000000e+00
   0.00000   2.48450746773987e+01   5.86482069840214e+03
   0.00000   5.81844363968303e+01   2.42142913479283e+04
   0.00000   2.18619095762316e+02   5.75590978031430e+05
   0.00000   2.40298489540901e+02   0.00000000000000e+00
   0.00000   7.47319661103982e+02   4.05936577715689e+05
   0.00000   2.11445685628272e+03   2.16511055399752e+05
   0.00000   2.32413727168897e+03   2.74998949196160e+05
   0.00000   6.57588478510697e+03   6.95996768751182e+05
   0.00000   7.22798333670802e+03   0.00000000000000e+00
   0.00000   1.54000000000000e+04   7.64047149887244e+05
   8.00000   1.80951504825020e+02   9.62735549251223e+16
   9.00000   7.02963420216673e+01   1.94318111986789e+13
  10.00000   4.12139564942003e+00   1.15895591221887e-03
  10.00000   1.16610250498380e+01   3.47043400822799e+04
  10.00000   2.48450746773987e+01   8.24194165961271e+08
  10.00000   3.00169250616206e+01   2.17885901814971e+10
  10.00000   3.29935577119571e+01   5.24238120987448e+10
  10.00000   7.02963420216673e+01   1.08964216863483e+15
  10.00000   8.49295104952916e+01   5.18975685249904e+15
  10.00000   1.98895586581694e+02   1.29788599367696e+20
  10.00000   2.90319986823442e+02   7.47186380330353e+21
  10.00000   7.47319661103982e+02   4.50051972985057e+25
  10.00000   8.21427721770221e+02   0.00000000000000e+00
  10.00000   2.55461067536279e+03   1.05051260975131e+31
STATE 77 +0 33 Ir
   0.00000   1.60108664726717e+00   1.06859970683211e+00
   0.00000   1.75985863275501e+00   6.64215143570398e-01
   0.00000   3.41128821405727e+00   7.70849679887475e+00
   0.00000   3.74956909582067e+00   1.82860827219255e+01
   0.00000   6.01583751151941e+00   6.46464694418090e+01
   0.00000   2.48450746773987e+01   5.90581245893096e+03
   0.00000   5.81844363968303e+01   2.44482136122443e+04
   0.00000   2.18619095762316e+02   5.74968423018909e+05
   0.00000   2.40298489540901e+02   0.00000000000000e+00
   0.00000   7.47319661103982e+02   3.27685771255842e+05
   0.00000   8.21427721770221e+02   9.71761307431590e+04
   0.00000   2.32413727168897e+03   4.87321196114898e+05
   0.00000   6.57588478510697e+03   6.59923903410202e+05
   0.00000   7.22798333670802e+03   0.00000000000000e+00
   0.00000   1.54000000000000e+04   8.18062161851256e+05
   8.00000   1.80951504825020e+02   0.00000000000000e+00
   9.00000   2.48450746773987e+01   7.15382760060708e+08
   9.00000   7.02963420216673e+01   0.00000000000000e+00
  10.00000   1.75985863275501e+00   0.00000000000000e+00
  10.00000   1.93437526480447e+00   1.82155545935371e-09
  10.00000   1.16610250498380e+01   3.14763087772179e+04
  10.00000   2.48450746773987e+01   0.00000000000000e+00
  10.00000   3.00169250616206e+01   1.18598364132704e+10
  10.00000   3.29935577119571e+01   6.15119514635552e+10
  10.00000   7.02963420216673e+01   1.17611124175615e+15
  10.00000   8.49295104952916e+01   5.72011405022703e+15
  10.00000   1.98895586581694e+02   1.85732652762263e+20
  10.00000   2.64127723492267e+02   1.29471589022199e+21
  10.00000   2.90319986823442e+02   6.09001732086310e+21
  10.00000   7.47319661103982e+02   2.53104688309034e+25
  10.00000   8.21427721770221e+02   2.46478985700972e+25
  10.00000   2.55461067536279e+03   2.16477999611396e+31
  10.00000   2.80793900694814e+03   0.00000000000000e+00
STATE 78 -1 30 Ir
   0.00000   1.45663884833987e+00   3.40317211544240e-01
   0.00000   1.60108664726717e+00   1.13649729023461e+00
   0.00000   3.10352656051510e+00   4.60693046023850e+00
   0.00000   3.41128821405727e+00   1.37236212641617e+01
   0.00000   6.01583751151941e+00   8.08194019174960e+01
   0.00000   6.61239889544355e+00   0.00000000000000e+00
   0.00000   2.48450746773987e+01   5.88492750307369e+03
   0.00000   5.81844363968303e+01   2.41785157372792e+04
   0.00000   2.18619095762316e+02   5.75654971707293e+05
   0.00000   2.40298489540901e+02   0.00000000000000e+00
   0.00000   7.47319661103982e+02   4.05875829078801e+05
   0.00000   2.11445685628272e+03   2.17311265973839e+05
   0.00000   2.32413727168897e+03   2.74227892137399e+05
   0.00000   6.57588478510697e+03   6.95989130951844e+05
   0.00000   7.22798333670802e+03   0.00000000000000e+00
   0.00000   1.54000000000000e+04   7.64400246804780e+05
   8.00000   1.80951504825020e+02   9.56671596278067e+16
   9.00000   7.02963420216673e+01   0.00000000000000e+00
  10.00000   1.93437526480447e+00   3.17157571199478e-09
  10.00000   1.16610250498380e+01   3.36782628740196e+04
  10.00000   2.48450746773987e+01   8.40579887304620e+08
  10.00000   3.00169250616206e+01   2.13385724151377e+10
  10.00000   3.29935577119571e+01   5.44364691951698e+10
  10.00000   7.02963420216673e+01   1.16525907410353e+15
  10.00000   8.49295104952916e+01   5.71628934106196e+15
  10.00000   1.98895586581694e+02   1.30082040357171e+20
  10.00000   2.90319986823442e+02   7.47904518536994e+21
  10.00000   7.47319661103982e+02   4.52701734607411e+25
  10.00000   8.21427721770221e+02   0.00000000000000e+00
  10.00000   2.55461067536279e+03   1.04701617265774e+31
STATE 79 -2 31 Ir
   0.00000   1.45663884833987e+00   1.11781220152980e+00
   0.00000   1.60108664726717e+00   1.35695619149838e-01
   0.00000   3.10352656051510e+00   1.34898590242405e+01
   0.00000   3.41128821405727e+00   2.34034862172813e+00
   0.00000   6.01583751151941e+00   8.52220276335677e+01
   0.00000   6.61239889544355e+00   0.00000000000000e+00
   0.00000   2.48450746773987e+01   5.85637740964864e+03
   0.00000   5.81844363968303e+01   2.44988396965262e+04
   0.00000   2.18619095762316e+02   5.74622674708824e+05
   0.00000   2.40298489540901e+02   0.00000000000000e+00
   0.00000   7.47319661103982e+02   4.07322821130328e+05
   0.00000   2.11445685628272e+03   2.45011585948552e+05
   0.00000   2.32413727168897e+03   2.38108483655148e+05
   0.00000   6.57588478510697e+03   7.27104000070804e+05
   0.00000   7.22798333670802e+03   0.00000000000000e+00
   0.00000   1.54000000000000e+04   6.98630101825974e+05
   8.00000   1.80951504825020e+02   0.00000000000000e+00
   9.00000   7.02963420216673e+01   0.00000000000000e+00
  10.00000   2.12619786353503e+00   5.25447042190731e-08
  10.00000   1.16610250498380e+01   3.35570994823539e+04
  10.00000   2.48450746773987e+01   8.55445206564428e+08
  10.00000   3.00169250616206e+01   2.13014357191492e+10
  10.00000   3.29935577119571e+01   5.44525438844128e+10
  10.00000   7.02963420216673e+01   1.16283300316119e+15
  10.00000   8.49295104952916e+01   5.75656383109327e+15
  10.00000   1.98895586581694e+02   1.87192682157100e+20
  10.00000   2.64127723492267e+02   1.23267905914797e+21
  10.00000   2.90319986823442e+02   6.27351552264327e+21
  10.00000   7.47319661103982e+02   2.68157452767470e+25
  10.00000   8.21427721770221e+02   2.67061298296387e+25
  10.00000   2.55461067536279e+03   1.40515097873725e+31
# orbitals: 1s2
CORE 2 7 Ir
   0.00000   1.36261560199554e+02   0.00000000000000e+00
   0.00000   1.49773957230334e+02   1.35723227171135e+05
   0.00000   1.80951504825020e+02   8.80481380915494e+04
   0.00000   1.98895586581694e+02   1.55683817397565e+05
   0.00000   3.85536745796441e+02   2.40485309205407e+05
   0.00000   9.92419410610361e+02   0.00000000000000e+00
   0.00000   1.09083282285649e+03   4.37852790561472e+05
# orbitals: 1s2 2s2
CORE 4 16 Ir
   0.00000   4.81593855591136e+01   3.96175300320350e+02
   0.00000   5.29351178894944e+01   4.04520861387491e+03
   0.00000   1.98895586581694e+02   5.39529380405162e+05
   0.00000   6.18558121789651e+02   8.85577140571258e+04
   0.00000   6.79897526064743e+02   3.12649255078368e+05
   0.00000   2.11445685628272e+03   2.46584510984740e+05
   0.00000   2.32413727168897e+03   3.06011411113776e+05
   0.00000   7.22798333670802e+03   0.00000000000000e+00
   0.00000   7.94474733408503e+03   9.31488382935162e+05
   4.00000   8.49295104952916e+01   1.90300308663308e+09
   5.00000   9.33515575037179e+01   0.00000000000000e+00
   5.00000   1.02608778003649e+02   1.29660959620619e+11
  10.00000   1.98895586581694e+02   1.74376796414023e+19
  10.00000   2.18619095762316e+02   3.77189780718992e+19
  10.00000   6.18558121789651e+02   8.98858301154895e+24
  10.00000   6.79897526064743e+02   5.65394352658939e+24
# orbitals: 1s2 2s2 2p6
CORE 10 15 Ir
   0.00000   5.29351178894944e+01   2.54044739873329e+04
   0.00000   2.18619095762316e+02   5.76427473031044e+05
   0.00000   8.21427721770221e+02   0.00000000000000e+00
   0.00000   9.02884718830823e+02   5.02805330360958e+05
   0.00000   3.08638867862760e+03   1.23642649726248e+05
   0.00000   3.39245085167071e+03   4.73235660357620e+05
   0.00000   1.15966320871568e+04   1.14679452155878e+06
   3.00000   7.72672887935755e+01   2.02640371111008e+08
   4.00000   9.33515575037179e+01   1.62708518461377e+10
   9.00000   1.98895586581694e+02   2.49510038594861e+18
  10.00000   2.18619095762316e+02   0.00000000000000e+00
  10.00000   2.40298489540901e+02   1.59769971756913e+20
  10.00000   6.79897526064743e+02   1.42921427655742e+25
  10.00000   7.47319661103982e+02   9.03777757243476e+25
  10.00000   3.08638867862760e+03   4.33176242708516e+32
# orbitals: 1s2 2s2 2p6 3s2
CORE 12 20 Ir
   0.00000   4.38145131228971e+01   1.38277339530737e+04
   0.00000   4.81593855591136e+01   9.60073836523158e+03
   0.00000   2.18619095762316e+02   5.85572856975797e+05
   0.00000   2.40298489540901e+02   6.38415997900928e+03
   0.00000   8.21427721770221e+02   2.63214166477303e+05
   0.00000   9.02884718830823e+02   2.16130598290018e+05
   0.00000   3.08638867862760e+03   6.51973135231845e+05
   0.00000   1.05504001528522e+04   0.00000000000000e+00
   0.00000   1.15966320871568e+04   1.04335960962078e+06
   7.00000   1.49773957230334e+02   9.66454171573078e+14
   8.00000   1.49773957230334e+02   2.30121399272900e+16
   9.00000   4.81593855591136e+01   1.05637862365133e+11
   9.00000   7.47319661103982e+02   1.58318135362673e+23
  10.00000   4.81593855591136e+01   0.00000000000000e+00
  10.00000   6.39543043218322e+01   2.53910846148977e+13
  10.00000   7.02963420216673e+01   1.54131964712038e+14
  10.00000   2.40298489540901e+02   2.39097362950241e+20
  10.00000   2.64127723492267e+02   1.59115853374975e+21
  10.00000   7.47319661103982e+02   8.28382012737575e+25
  10.00000   3.08638867862760e+03   2.86264925793277e+32
# orbitals: 1s2 2s2 2p6 3s2 3p6
CORE 18 19 Ir
   0.00000   2.05643227765114e+01   1.56927547372264e+02
   0.00000   2.26035867745046e+01   5.68866818129911e+02
   0.00000   5.29351178894944e+01   3.27587628170555e+04
   0.00000   2.18619095762316e+02   2.14410954608415e+05
   0.00000   2.40298489540901e+02   4.12106046699175e+05
   0.00000   1.09083282285649e+03   5.74094570316271e+05
   0.00000   1.19900541514926e+03   0.00000000000000e+00
   0.00000   4.95182574678036e+03   1.02336847703452e+06
   0.00000   5.44287425246122e+03   0.00000000000000e+00
   6.00000   6.18558121789651e+02   0.00000000000000e+00
   7.00000   4.38145131228971e+01   0.00000000000000e+00
   8.00000   4.81593855591136e+01   2.12388730046377e+11
   8.00000   1.64626313037823e+02   7.35647746045585e+16
   9.00000   7.47319661103982e+02   2.55705323696714e+24
  10.00000   7.02963420216673e+01   4.55096958252666e+14
  10.00000   7.72672887935755e+01   6.98442607298161e+14
  10.00000   1.80951504825020e+02   2.22219524549816e+19
  10.00000   2.64127723492267e+02   2.90042795247971e+21
  10.00000   4.09863702613319e+03   1.65901429543644e+34
# orbitals: 1s2 2s2 2p6 3s2 3p6 3d10
CORE 28 19 Ir
   0.00000   2.05643227765114e+01   3.17848883396625e+02
   0.00000   2.26035867745046e+01   3.88231027865787e+03
   0.00000   5.29351178894944e+01   2.39531274065253e+04
   0.00000   2.18619095762316e+02   4.26110240127830e+05
   0.00000   2.40298489540901e+02   1.83078930523281e+05
   0.00000   9.92419410610361e+02   5.49801680833151e+05
   0.00000   1.09083282285649e+03   0.00000000000000e+00
   0.00000   4.50507895077474e+03   1.00288319325559e+06
   0.00000   4.95182574678036e+03   0.00000000000000e+00
   7.00000   4.81593855591136e+01   5.30798207644488e+10
   7.00000   1.64626313037823e+02   3.44531127223165e+15
   8.00000   4.81593855591136e+01   2.00925922957515e+11
   9.00000   1.80951504825020e+02   1.70070480355677e+18
   9.00000   7.47319661103982e+02   0.00000000000000e+00
  10.00000   7.02963420216673e+01   1.81499852963690e+14
  10.00000   7.72672887935755e+01   2.15303103267755e+15
  10.00000   2.90319986823442e+02   3.22177911478780e+21
  10.00000   7.47319661103982e+02   1.37064225087829e+26
  10.00000   3.72886372370923e+03   5.01045530920576e+33
# orbitals: 1s2 2s2 2p6 3s2 3p6 3d10 4s2
CORE 30 24 Ir
   0.00000   1.70211350437696e+01   9.73382483482677e+02
   0.00000   1.87090383254369e+01   2.09486071146764e+03
   0.00000   5.81844363968303e+01   2.90158767428516e+04
   0.00000   2.18619095762316e+02   4.73092238652064e+05
   0.00000   2.40298489540901e+02   1.17466343748322e+05
   0.00000   8.21427721770221e+02   3.41590736014374e+05
   0.00000   9.02884718830823e+02   1.23350551485128e+05
   0.00000   3.08638867862760e+03   7.04111378514507e+05
   0.00000   1.05504001528522e+04   0.00000000000000e+00
   0.00000   1.15966320871568e+04   8.55991363836574e+05
   7.00000   1.64626313037823e+02   0.00000000000000e+00
   9.00000   5.81844363968303e+01   6.88166360554547e+12
   9.00000   1.80951504825020e+02   4.53881414240804e+18
   9.00000   7.47319661103982e+02   2.89695405066339e+23
  10.00000   1.70211350437696e+01   0.00000000000000e+00
  10.00000   1.87090383254369e+01   1.70188059219315e+05
  10.00000   2.73088400475349e+01   4.19639659526995e+08
  10.00000   3.00169250616206e+01   2.43566262271331e+09
  10.00000   6.39543043218322e+01   8.35812784808354e+13
  10.00000   7.72672887935755e+01   2.34266601090759e+15
  10.00000   2.64127723492267e+02   1.35423637170961e+21
  10.00000   2.90319986823442e+02   5.38021412713542e+21
  10.00000   7.47319661103982e+02   4.26063709761963e+25
  10.00000   3.08638867862760e+03   2.08183709204252e+32
# orbitals: 1s2 2s2 2p6 3s2 3p6 3d10 4s2 4p6
CORE 36 26 Ir
   0.00000   1.06089836724645e+01   3.55833618961151e+01
   0.00000   1.87090383254369e+01   1.01957058441535e+03
   0.00000   2.05643227765114e+01   2.22980713177163e+03
   0.00000   5.81844363968303e+01   3.00806784487135e+04
   0.00000   2.18619095762316e+02   4.62471091585237e+05
   0.00000   2.40298489540901e+02   1.25098456088122e+05
   0.00000   8.21427721770221e+02   4.44773182321938e+05
   0.00000   2.55461067536279e+03   3.78205163321205e+05
   0.00000   2.80793900694814e+03   1.68763518069903e+05
   0.00000   9.59855780098259e+03   1.19418222988962e+06
   0.00000   1.05504001528522e+04   0.00000000000000e+00
   0.00000   1.54000000000000e+04   0.00000000000000e+00
   9.00000   2.05643227765114e+01   0.00000000000000e+00
   9.00000   6.39543043218322e+01   6.49270145252520e+13
   9.00000   1.80951504825020e+02   4.51837216633710e+18
  10.00000   2.26035867745046e+01   1.01142488599773e+08
  10.00000   3.00169250616206e+01   1.42775767150353e+10
  10.00000   3.29935577119571e+01   8.09550099622970e+09
  10.00000   7.72672887935755e+01   5.68026719478732e+14
  10.00000   8.49295104952916e+01   3.07191004775265e+15
  10.00000   1.98895586581694e+02   0.00000000000000e+00
  10.00000   2.64127723492267e+02   1.53056377282109e+21
  10.00000   2.90319986823442e+02   5.34670170394752e+21
  10.00000   7.47319661103982e+02   1.78935505868805e+25
  10.00000   8.21427721770221e+02   1.01726566492920e+26
  10.00000   2.80793900694814e+03   7.36939031326533e+31
# orbitals: 1s2 2s2 2p6 3s2 3p6 3d10 4s2 4p6 4d10
CORE 46 28 Ir
   0.00000   7.98886236806648e+00   4.73138350657038e+01
   0.00000   8.78107904299285e+00   0.00000000000000e+00
   0.00000   2.26035867745046e+01   5.01507724553715e+03
   0.00000   2.48450746773987e+01   0.00000000000000e+00
   0.00000   5.81844363968303e+01   2.58380474676813e+04
   0.00000   2.18619095762316e+02   5.72769339160278e+05
   0.00000   2.40298489540901e+02   0.00000000000000e+00
   0.00000   7.47319661103982e+02   4.07612405453032e+05
   0.00000   8.21427721770221e+02   0.00000000000000e+00
   0.00000   2.11445685628272e+03   2.81910801012926e+05
   0.00000   2.32413727168897e+03   1.92183658983087e+05
   0.00000   6.57588478510697e+03   7.55833298967874e+05
   0.00000   7.22798333670802e+03   0.00000000000000e+00
   0.00000   1.54000000000000e+04   6.39686936425648e+05
   6.00000   1.54855120364117e+01   1.43371480170743e+05
   9.00000   2.05643227765114e+01   0.00000000000000e+00
   9.00000   1.80951504825020e+02   8.44956213532429e+17
  10.00000   2.26035867745046e+01   2.56443055775487e+08
  10.00000   3.00169250616206e+01   2.61127353031137e+10
  10.00000   3.29935577119571e+01   1.44995888709534e+10
  10.00000   7.02963420216673e+01   1.14890114264945e+15
  10.00000   8.49295104952916e+01   4.99518401054622e+15
  10.00000   1.98895586581694e+02   1.50799321221033e+20
  10.00000   2.64127723492267e+02   1.31573299666643e+21
  10.00000   2.90319986823442e+02   5.98370032990447e+21
  10.00000   7.47319661103982e+02   1.79266568711438e+25
  10.00000   8.21427721770221e+02   4.13617532826901e+25
  10.00000   2.55461067536279e+03   1.76998030883122e+31
# orbitals: 1s2 2s2 2p6 3s2 3p6 3d10 4s2 4p6 4d10 5s2
CORE 48 27 Ir
   0.00000   5.47309706163401e+00   4.91470476054283e+01
   0.00000   2.48450746773987e+01   2.20935269861805e+03
   0.00000   2.73088400475349e+01   4.05383847806165e+03
   0.00000   5.81844363968303e+01   2.43639325621651e+04
   0.00000   2.18619095762316e+02   5.55580310157165e+05
   0.00000   2.40298489540901e+02   2.12861227171742e+04
   0.00000   7.47319661103982e+02   4.00179613541503e+05
   0.00000   2.11445685628272e+03   3.99262667109222e+05
   0.00000   2.32413727168897e+03   5.69831981719438e+04
   0.00000   5.98261765316907e+03   6.66236630625844e+05
   0.00000   6.57588478510697e+03   0.00000000000000e+00
   0.00000   1.54000000000000e+04   8.66629881487688e+05
   9.00000   1.80951504825020e+02   4.11314445119240e+18
  10.00000   1.16610250498380e+01   2.73375100667636e+03
  10.00000   1.28173922602862e+01   1.38358215510175e+04
  10.00000   2.26035867745046e+01   1.79281276043626e+08
  10.00000   3.00169250616206e+01   2.41768323202079e+10
  10.00000   3.29935577119571e+01   1.71215841031864e+10
  10.00000   7.02963420216673e+01   1.37307904320066e+15
  10.00000   8.49295104952916e+01   2.57864908995571e+15
  10.00000   9.33515575037179e+01   1.03647707282555e+16
  10.00000   1.98895586581694e+02   0.00000000000000e+00
  10.00000   2.64127723492267e+02   1.52634365139109e+21
  10.00000   2.90319986823442e+02   4.73462601016269e+21
  10.00000   7.47319661103982e+02   1.06511001710918e+25
  10.00000   8.21427721770221e+02   8.48060587933449e+25
  10.00000   2.55461067536279e+03   1.24353295839048e+31
# orbitals: 1s2 2s2 2p6 3s2 3p6 3d10 4s2 4p6 4d10 4f14
CORE 60 28 Ir
   0.00000   2.82353073309126e+00   7.14384387520301e-03
   0.00000   6.01583751151941e+00   4.45389107670946e+01
   0.00000   6.61239889544355e+00   1.35093330350952e+02
   0.00000   2.48450746773987e+01   5.59609069092502e+03
   0.00000   5.29351178894944e+01   0.00000000000000e+00
   0.00000   5.81844363968303e+01   2.44485301553100e+04
   0.00000   2.18619095762316e+02   5.75088886991096e+05
   0.00000   2.40298489540901e+02   0.00000000000000e+00
   0.00000   7.47319661103982e+02   3.76627452668538e+05
   0.00000   8.21427721770221e+02   4.10332432472716e+04
   0.00000   2.55461067536279e+03   6.38253627608265e+05
   0.00000   2.80793900694814e+03   0.00000000000000e+00
   0.00000   7.94474733408503e+03   0.00000000000000e+00
   0.00000   8.73258933538142e+03   2.86998984565924e+05
   0.00000   1.54000000000000e+04   1.57970477451794e+06
   8.00000   1.80951504825020e+02   1.11099122634778e+17
   9.00000   2.05643227765114e+01   4.92078918696064e+07
   9.00000   7.02963420216673e+01   1.83800775725583e+14
  10.00000   8.78107904299285e+00   3.00210484029282e+00
  10.00000   2.26035867745046e+01   1.03744737694998e+08
  10.00000   3.00169250616206e+01   3.00402006739019e+10
  10.00000   3.29935577119571e+01   1.13921917810687e+10
  10.00000   7.02963420216673e+01   4.40743825482207e+14
  10.00000   1.98895586581694e+02   1.18674819047760e+20
  10.00000   2.90319986823442e+02   7.02042766404718e+21
  10.00000   7.47319661103982e+02   4.25954610650421e+25
  10.00000   8.21427721770221e+02   0.00000000000000e+00
  10.00000   2.80793900694814e+03   1.91119072882303e+31
# orbitals: 1s2 2s2 2p6 3s2 3p6 3d10 4s2 4p6 4d10 4f14 5s2
CORE 62 29 Ir
   0.00000   5.47309706163401e+00   6.82184145828593e+01
   0.00000   6.01583751151941e+00   8.28830680358409e+01
   0.00000   2.48450746773987e+01   0.00000000000000e+00
   0.00000   2.73088400475349e+01   6.79660928785267e+03
   0.00000   5.81844363968303e+01   2.26204946963526e+04
   0.00000   2.18619095762316e+02   5.77048712187932e+05
   0.00000   2.40298489540901e+02   0.00000000000000e+00
   0.00000   7.47319661103982e+02   4.10621310893187e+05
   0.00000   8.21427721770221e+02   5.21802116334571e+02
   0.00000   2.55461067536279e+03   6.59931097768062e+05
   0.00000   2.80793900694814e+03   0.00000000000000e+00
   0.00000   8.73258933538142e+03   0.00000000000000e+00
   0.00000   9.59855780098259e+03   2.28929870565389e+05
   0.00000   1.54000000000000e+04   1.70090132624014e+06
   8.00000   1.80951504825020e+02   7.48025422681925e+16
   9.00000   2.05643227765114e+01   9.61557415698555e+06
   9.00000   7.02963420216673e+01   1.29621117321097e+14
  10.00000   1.16610250498380e+01   0.00000000000000e+00
  10.00000   1.28173922602862e+01   1.63441858536103e+04
  10.00000   2.26035867745046e+01   2.21927138524082e+08
  10.00000   3.00169250616206e+01   2.69013192769297e+10
  10.00000   3.29935577119571e+01   2.29176268140289e+10
  10.00000   7.02963420216673e+01   7.90476226212042e+14
  10.00000   9.33515575037179e+01   6.13035759454060e+15
  10.00000   1.98895586581694e+02   1.46883092120184e+20
  10.00000   2.90319986823442e+02   7.69666902738195e+21
  10.00000   7.47319661103982e+02   5.24756733294250e+25
  10.00000   8.21427721770221e+02   0.00000000000000e+00
  10.00000   2.80793900694814e+03   0.00000000000000e+00
# orbitals: 1s2 2s2 2p6 3s2 3p6 3d10 4s2 4p6 4d10 4f14 5s2 5p6
CORE 68 30 Ir
   0.00000   4.12139564942003e+00   0.00000000000000e+00
   0.00000   4.53009443618230e+00   8.23094455422918e+01
   0.00000   6.61239889544355e+00   0.00000000000000e+00
   0.00000   2.26035867745046e+01   1.24583653659205e+03
   0.00000   2.48450746773987e+01   4.35072777572724e+03
   0.00000   5.81844363968303e+01   2.49386287184214e+04
   0.00000   2.18619095762316e+02   5.74431357126333e+05
   0.00000   2.40298489540901e+02   0.00000000000000e+00
   0.00000   7.47319661103982e+02   4.08904818348389e+05
   0.00000   8.21427721770221e+02   0.00000000000000e+00
   0.00000   2.32413727168897e+03   5.42817671545997e+05
   0.00000   6.57588478510697e+03   0.00000000000000e+00
   0.00000   7.22798333670802e+03   5.96617449716897e+05
   0.00000   1.54000000000000e+04   1.01629897059005e+06
   8.00000   1.80951504825020e+02   0.00000000000000e+00
   9.00000   7.98886236806648e+00   0.00000000000000e+00
   9.00000   7.02963420216673e+01   0.00000000000000e+00
  10.00000   7.98886236806648e+00   2.17605424353908e+01
  10.00000   1.16610250498380e+01   2.89052880579619e+04
  10.00000   2.48450746773987e+01   8.02493883073144e+08
  10.00000   3.00169250616206e+01   2.08631705702549e+10
  10.00000   3.29935577119571e+01   5.11993433830940e+10
  10.00000   7.02963420216673e+01   1.16211958074748e+15
  10.00000   8.49295104952916e+01   5.58700511820096e+15
  10.00000   1.98895586581694e+02   1.90267993236029e+20
  10.00000   2.64127723492267e+02   1.16733908055218e+21
  10.00000   2.90319986823442e+02   6.56246757687360e+21
  10.00000   7.47319661103982e+02   3.07901308531445e+25
  10.00000   8.21427721770221e+02   9.48804298837984e+24
  10.00000   2.80793900694814e+03   3.42202113805959e+31
