# Free-atom, free-ion and frozen-core density fits -- Pb (Z = 82)
#
#   rho(r) = sum_i c_i r^n_i exp(-alpha_i r)      r in bohr, rho in e/bohr^3
#
# All-electron B86BPBE densities (scalar-relativistic, spin-restricted),
# fitted with rhofit.py (monotone decay imposed).  Two kinds of block:
#
#   STATE <N> <q> <nterm> <symbol>
#     the atom or ion with N electrons (charge q), in order of increasing N;
#   CORE <N_core> <nterm> <symbol>
#     the frozen core of the neutral atom with N_core electrons, for a
#     pseudopotential with Z - N_core valence electrons, in order of
#     increasing N_core, each preceded by a '# orbitals:' comment.
#
# Each block header is followed by nterm lines:   n   alpha   c
#
# Generated 2026-09-23 by combine_fits.py from
#   /home/alberto/doc/manuals/critic2/atomic_density_fits/15_rhofit/rho_b86bpbe_mono/fit_082_Pb.dat
#     recipe: --npow 0,1,2,3,4,5,6,7,8,9,10 --amin 0.2 --ratio 1.1 --mom 3 --cusp none --targetz 1e-3 --besteffort --monotone --stats
#   /home/alberto/doc/manuals/critic2/atomic_density_fits/15_rhofit/core_b86bpbe_mono/core_082_Pb.dat
#     recipe: --npow 0,1,2,3,4,5,6,7,8,9,10 --amin 0.2 --ratio 1.1 --mom 3 --cusp none --besteffort --monotone --stats --target 1e-3*N_core
#
STATE 78 +4 30 Pb
   0.00000   3.46582473678659e+00   2.07853028766825e+01
   0.00000   3.81152831579900e+00   1.65460314594533e+01
   0.00000   8.96875438850619e+00   1.06893343620691e+02
   0.00000   2.55240871086665e+01   6.49706753337458e+03
   0.00000   6.60504456092936e+01   3.77500895701670e+04
   0.00000   2.50018128100951e+02   7.96683359756709e+05
   0.00000   9.46383689049760e+02   7.35927866516088e+05
   0.00000   2.96195111960570e+03   8.13969637660848e+05
   0.00000   3.25739511365397e+03   5.85802938801352e+04
   0.00000   8.42938663648923e+03   1.23121223885303e+06
   0.00000   9.27018770129310e+03   0.00000000000000e+00
   0.00000   1.64000000000000e+04   1.23299771799465e+06
   7.00000   7.41561243715097e+00   1.52413940184937e+02
   8.00000   7.41561243715097e+00   0.00000000000000e+00
   9.00000   8.15529316390029e+00   1.87539066429223e+02
   9.00000   7.26387405106880e+01   2.88888148912095e+14
   9.00000   2.06721854557043e+02   1.01216257536908e+19
   9.00000   7.82496024623897e+02   2.13139396956591e+24
  10.00000   1.31190487062427e+01   2.90197959840706e+05
  10.00000   2.80700231944801e+01   5.58639426846901e+09
  10.00000   3.39490697288498e+01   1.50160984969038e+11
  10.00000   3.73353675946464e+01   1.73899119590079e+11
  10.00000   7.98841941837960e+01   1.61699413029139e+15
  10.00000   9.66153130615143e+01   1.34067030700640e+16
  10.00000   2.06721854557043e+02   1.76097217179714e+20
  10.00000   3.02382467074157e+02   1.57889628788505e+22
  10.00000   3.32544032945794e+02   0.00000000000000e+00
  10.00000   7.82496024623897e+02   4.14714557407473e+25
  10.00000   2.96195111960570e+03   0.00000000000000e+00
  10.00000   3.25739511365397e+03   6.10524198794799e+32
STATE 79 +3 31 Pb
   0.00000   2.86563907425509e+00   2.45048704075635e+00
   0.00000   3.15147628743348e+00   2.74147558517620e+01
   0.00000   8.96875438850619e+00   6.15567343018605e+01
   0.00000   2.55240871086665e+01   6.61126502211996e+03
   0.00000   6.60504456092936e+01   3.76303436970445e+04
   0.00000   2.50018128100951e+02   7.96951555950999e+05
   0.00000   9.46383689049760e+02   7.36022008236375e+05
   0.00000   2.96195111960570e+03   7.90345408199016e+05
   0.00000   3.25739511365397e+03   8.73075589227703e+04
   0.00000   8.42938663648923e+03   1.21340882163979e+06
   0.00000   9.27018770129310e+03   0.00000000000000e+00
   0.00000   1.64000000000000e+04   1.25815178106424e+06
   9.00000   2.80700231944801e+01   4.96633454502441e+09
   9.00000   7.26387405106880e+01   3.85135096423782e+14
   9.00000   2.06721854557043e+02   9.78886705478950e+18
   9.00000   7.82496024623897e+02   2.09517648729317e+24
  10.00000   4.60982307246513e+00   1.79358505719252e-03
  10.00000   5.06963637977125e+00   1.90213740006781e-02
  10.00000   1.31190487062427e+01   1.74612663837456e+05
  10.00000   1.44276267317984e+01   1.27376611209371e+05
  10.00000   2.80700231944801e+01   0.00000000000000e+00
  10.00000   3.39490697288498e+01   5.71613543600029e+10
  10.00000   3.73353675946464e+01   3.00059297677286e+11
  10.00000   7.98841941837960e+01   0.00000000000000e+00
  10.00000   9.66153130615143e+01   1.35126905555780e+16
  10.00000   2.06721854557043e+02   1.83145556530641e+20
  10.00000   3.02382467074157e+02   1.59311327151651e+22
  10.00000   3.32544032945794e+02   0.00000000000000e+00
  10.00000   7.82496024623897e+02   4.55761324377125e+25
  10.00000   2.96195111960570e+03   0.00000000000000e+00
  10.00000   3.25739511365397e+03   5.95120594361264e+32
STATE 80 +2 31 Pb
   0.00000   2.60572714338435e+00   7.55859125965783e+00
   0.00000   3.15147628743348e+00   1.54953786300136e+01
   0.00000   7.41561243715097e+00   0.00000000000000e+00
   0.00000   8.15529316390029e+00   8.80561611845314e+01
   0.00000   2.55240871086665e+01   6.53190455453702e+03
   0.00000   6.60504456092936e+01   3.77403207912139e+04
   0.00000   2.50018128100951e+02   7.96902661646864e+05
   0.00000   9.46383689049760e+02   7.36248971160304e+05
   0.00000   2.96195111960570e+03   7.91647659177956e+05
   0.00000   3.25739511365397e+03   8.54068024228641e+04
   0.00000   8.42938663648923e+03   1.21609794273758e+06
   0.00000   9.27018770129310e+03   0.00000000000000e+00
   0.00000   1.64000000000000e+04   1.25406602654133e+06
   9.00000   7.26387405106880e+01   3.59838401616538e+14
   9.00000   2.06721854557043e+02   9.70370545811358e+18
   9.00000   7.82496024623897e+02   2.07234741265927e+24
  10.00000   4.60982307246513e+00   5.82341013303730e-03
  10.00000   5.06963637977125e+00   6.75476770859192e-02
  10.00000   1.31190487062427e+01   1.27234929948700e+05
  10.00000   1.44276267317984e+01   4.11098124767461e+05
  10.00000   2.80700231944801e+01   6.79643341874255e+09
  10.00000   3.39490697288498e+01   1.27427868297996e+11
  10.00000   3.73353675946464e+01   2.49092955212523e+11
  10.00000   7.98841941837960e+01   3.91412408757180e+14
  10.00000   9.66153130615143e+01   1.37013011507652e+16
  10.00000   2.06721854557043e+02   1.85595182132833e+20
  10.00000   3.02382467074157e+02   1.60332509637631e+22
  10.00000   3.32544032945794e+02   0.00000000000000e+00
  10.00000   7.82496024623897e+02   4.63412299449321e+25
  10.00000   2.96195111960570e+03   0.00000000000000e+00
  10.00000   3.25739511365397e+03   5.98486815714004e+32
STATE 81 +1 32 Pb
   0.00000   1.61981781112832e+00   5.68158562176882e-01
   0.00000   1.78138882443187e+00   3.66764348858035e-01
   0.00000   3.15147628743348e+00   2.39924270774818e+01
   0.00000   3.46582473678659e+00   0.00000000000000e+00
   0.00000   8.15529316390029e+00   8.73133258165137e+01
   0.00000   2.55240871086665e+01   6.53286948238033e+03
   0.00000   6.60504456092936e+01   3.77420941019620e+04
   0.00000   2.50018128100951e+02   7.96872963335061e+05
   0.00000   9.46383689049760e+02   7.36223857049569e+05
   0.00000   2.96195111960570e+03   7.95169673515888e+05
   0.00000   3.25739511365397e+03   8.11549441576620e+04
   0.00000   8.42938663648923e+03   1.21863382574687e+06
   0.00000   9.27018770129310e+03   0.00000000000000e+00
   0.00000   1.64000000000000e+04   1.25052648395248e+06
   9.00000   7.26387405106880e+01   3.52152028782819e+14
   9.00000   2.06721854557043e+02   9.75751805382995e+18
   9.00000   7.82496024623897e+02   2.07947840914812e+24
  10.00000   2.36938908558642e+00   7.93970100274656e-08
  10.00000   4.60982307246513e+00   2.39964014299261e-02
  10.00000   1.31190487062427e+01   1.43446046224497e+05
  10.00000   1.44276267317984e+01   3.84465867249065e+05
  10.00000   2.80700231944801e+01   6.60875249299870e+09
  10.00000   3.39490697288498e+01   1.30136425747722e+11
  10.00000   3.73353675946464e+01   2.40648990055909e+11
  10.00000   7.98841941837960e+01   5.28678350295681e+14
  10.00000   9.66153130615143e+01   1.36815873063340e+16
  10.00000   2.06721854557043e+02   1.84394553454368e+20
  10.00000   3.02382467074157e+02   1.60052238670167e+22
  10.00000   3.32544032945794e+02   0.00000000000000e+00
  10.00000   7.82496024623897e+02   4.56622118774200e+25
  10.00000   2.96195111960570e+03   0.00000000000000e+00
  10.00000   3.25739511365397e+03   6.00603243961504e+32
STATE 82 +0 34 Pb
   0.00000   1.21783516431009e+00   1.95651904570638e-01
   0.00000   1.33930985126715e+00   0.00000000000000e+00
   0.00000   1.47290120228824e+00   3.07836171079137e-01
   0.00000   3.15147628743348e+00   2.49623616380736e+01
   0.00000   3.46582473678659e+00   0.00000000000000e+00
   0.00000   8.15529316390029e+00   8.59624723422748e+01
   0.00000   2.55240871086665e+01   6.52868967535801e+03
   0.00000   6.60504456092936e+01   3.77533778666240e+04
   0.00000   2.50018128100951e+02   7.96856418957438e+05
   0.00000   9.46383689049760e+02   7.36247204440105e+05
   0.00000   2.96195111960570e+03   7.92852236652451e+05
   0.00000   3.25739511365397e+03   8.38720773915561e+04
   0.00000   8.42938663648923e+03   1.21718020593609e+06
   0.00000   9.27018770129310e+03   0.00000000000000e+00
   0.00000   1.64000000000000e+04   1.25240993948016e+06
   9.00000   7.26387405106880e+01   3.55151697469404e+14
   9.00000   2.06721854557043e+02   9.70978793009181e+18
   9.00000   7.82496024623897e+02   2.07155680369877e+24
  10.00000   2.15448676318599e+00   0.00000000000000e+00
  10.00000   2.36938908558642e+00   7.43745762612454e-07
  10.00000   4.60982307246513e+00   2.94775220457325e-02
  10.00000   1.31190487062427e+01   1.48353164869751e+05
  10.00000   1.44276267317984e+01   3.72180008447117e+05
  10.00000   2.80700231944801e+01   6.53927172011926e+09
  10.00000   3.39490697288498e+01   1.31162729559878e+11
  10.00000   3.73353675946464e+01   2.38497094557150e+11
  10.00000   7.98841941837960e+01   4.71054621301404e+14
  10.00000   9.66153130615143e+01   1.37346525663221e+16
  10.00000   2.06721854557043e+02   1.85449571132856e+20
  10.00000   3.02382467074157e+02   1.60334840917918e+22
  10.00000   3.32544032945794e+02   0.00000000000000e+00
  10.00000   7.82496024623897e+02   4.62406391020303e+25
  10.00000   2.96195111960570e+03   0.00000000000000e+00
  10.00000   3.25739511365397e+03   5.99555349121540e+32
STATE 83 -1 34 Pb
   0.00000   1.10737816646908e+00   0.00000000000000e+00
   0.00000   1.21783516431009e+00   4.19010512687292e-01
   0.00000   1.33930985126715e+00   3.69403113430816e-02
   0.00000   3.15147628743348e+00   2.33172820308279e+01
   0.00000   3.46582473678659e+00   1.68705181853346e+00
   0.00000   8.15529316390029e+00   8.54255208985685e+01
   0.00000   2.55240871086665e+01   6.53232624970166e+03
   0.00000   6.60504456092936e+01   3.77103831445989e+04
   0.00000   2.50018128100951e+02   7.96044295499240e+05
   0.00000   9.46383689049760e+02   7.43230051609787e+05
   0.00000   2.96195111960570e+03   4.48103268507315e+05
   0.00000   3.25739511365397e+03   4.87255725389205e+05
   0.00000   8.42938663648923e+03   9.92235069273863e+05
   0.00000   9.27018770129310e+03   0.00000000000000e+00
   0.00000   1.64000000000000e+04   1.56993355102949e+06
   8.00000   7.11524053838797e+02   1.18602808159388e+22
   9.00000   7.26387405106880e+01   3.54055278278467e+14
   9.00000   2.06721854557043e+02   9.65532128194727e+18
   9.00000   7.82496024623897e+02   0.00000000000000e+00
  10.00000   2.15448676318599e+00   5.24036434068109e-08
  10.00000   4.60982307246513e+00   3.59415564720471e-02
  10.00000   1.31190487062427e+01   1.43589344180655e+05
  10.00000   1.44276267317984e+01   4.16921722798122e+05
  10.00000   2.80700231944801e+01   6.61020435463939e+09
  10.00000   3.39490697288498e+01   1.29968310227485e+11
  10.00000   3.73353675946464e+01   2.42246552036572e+11
  10.00000   7.98841941837960e+01   4.96962804640362e+14
  10.00000   9.66153130615143e+01   1.37276501405945e+16
  10.00000   2.06721854557043e+02   1.86269563253733e+20
  10.00000   3.02382467074157e+02   1.61054288095936e+22
  10.00000   3.32544032945794e+02   0.00000000000000e+00
  10.00000   7.82496024623897e+02   3.75208200073777e+25
  10.00000   2.96195111960570e+03   1.08785964047569e+32
  10.00000   3.25739511365397e+03   3.28295060488901e+32
STATE 84 -2 34 Pb
   0.00000   1.21783516431009e+00   5.85680324435523e-01
   0.00000   1.33930985126715e+00   0.00000000000000e+00
   0.00000   3.15147628743348e+00   1.31077606694748e+01
   0.00000   3.46582473678659e+00   1.42678313515766e+01
   0.00000   8.15529316390029e+00   8.37311001705797e+01
   0.00000   2.55240871086665e+01   6.52758600125004e+03
   0.00000   6.60504456092936e+01   3.77210994396581e+04
   0.00000   2.50018128100951e+02   7.96027728351581e+05
   0.00000   9.46383689049760e+02   7.43263156573541e+05
   0.00000   2.96195111960570e+03   4.47418698681918e+05
   0.00000   3.25739511365397e+03   4.88010037374107e+05
   0.00000   8.42938663648923e+03   9.91969483060995e+05
   0.00000   9.27018770129310e+03   0.00000000000000e+00
   0.00000   1.64000000000000e+04   1.57024816718333e+06
   8.00000   7.11524053838797e+02   1.18501502416438e+22
   9.00000   7.26387405106880e+01   3.48696771677521e+14
   9.00000   2.06721854557043e+02   9.65182150891101e+18
   9.00000   7.82496024623897e+02   0.00000000000000e+00
  10.00000   1.95907596645100e+00   0.00000000000000e+00
  10.00000   2.15448676318599e+00   4.82292635097921e-08
  10.00000   4.60982307246513e+00   3.15198887823558e-02
  10.00000   1.31190487062427e+01   1.58703963710211e+05
  10.00000   1.44276267317984e+01   3.73227013551672e+05
  10.00000   2.80700231944801e+01   6.30863594819095e+09
  10.00000   3.39490697288498e+01   1.34357069097164e+11
  10.00000   3.73353675946464e+01   2.30171794234070e+11
  10.00000   7.98841941837960e+01   5.85298443904638e+14
  10.00000   9.66153130615143e+01   1.37849189689044e+16
  10.00000   2.06721854557043e+02   1.86360327234716e+20
  10.00000   3.02382467074157e+02   1.61124233600468e+22
  10.00000   3.32544032945794e+02   0.00000000000000e+00
  10.00000   7.82496024623897e+02   3.75449302098622e+25
  10.00000   2.96195111960570e+03   1.08966351483289e+32
  10.00000   3.25739511365397e+03   3.28111427683156e+32
STATE 85 -3 34 Pb
   0.00000   1.21783516431009e+00   7.26687925866447e-01
   0.00000   1.33930985126715e+00   0.00000000000000e+00
   0.00000   3.15147628743348e+00   3.48683225945744e+00
   0.00000   3.46582473678659e+00   2.58135645598182e+01
   0.00000   8.15529316390029e+00   8.24879075142059e+01
   0.00000   2.55240871086665e+01   6.52753703883377e+03
   0.00000   6.60504456092936e+01   3.77236456699690e+04
   0.00000   2.50018128100951e+02   7.96006448206709e+05
   0.00000   9.46383689049760e+02   7.43432481014892e+05
   0.00000   2.96195111960570e+03   4.38142043336719e+05
   0.00000   3.25739511365397e+03   4.98916338740223e+05
   0.00000   8.42938663648923e+03   9.85761955667123e+05
   0.00000   9.27018770129310e+03   0.00000000000000e+00
   0.00000   1.64000000000000e+04   1.57901473861510e+06
   8.00000   7.11524053838797e+02   1.18818349702539e+22
   9.00000   7.26387405106880e+01   3.42142692441820e+14
   9.00000   2.06721854557043e+02   9.68515294148496e+18
   9.00000   7.82496024623897e+02   0.00000000000000e+00
  10.00000   1.95907596645100e+00   1.30526565141646e-08
  10.00000   4.19171458612396e+00   2.51042226807096e-03
  10.00000   4.60982307246513e+00   1.80515540872255e-02
  10.00000   1.31190487062427e+01   1.70902850166368e+05
  10.00000   1.44276267317984e+01   3.49764405583119e+05
  10.00000   2.80700231944801e+01   6.09507832307963e+09
  10.00000   3.39490697288498e+01   1.37401908485891e+11
  10.00000   3.73353675946464e+01   2.21532638502099e+11
  10.00000   7.98841941837960e+01   7.00291217678445e+14
  10.00000   9.66153130615143e+01   1.37977010937750e+16
  10.00000   2.06721854557043e+02   1.85624555828406e+20
  10.00000   3.02382467074157e+02   1.60971166722933e+22
  10.00000   3.32544032945794e+02   0.00000000000000e+00
  10.00000   7.82496024623897e+02   3.70154567394223e+25
  10.00000   2.96195111960570e+03   1.11255447783762e+32
  10.00000   3.25739511365397e+03   3.21472024041802e+32
# orbitals: 1s2
CORE 2 8 Pb
   0.00000   1.41324083915961e+02   0.00000000000000e+00
   0.00000   1.55420654089240e+02   9.41020056989127e+04
   0.00000   1.87972292948323e+02   2.53225326339260e+05
   0.00000   2.06721854557043e+02   7.08089683951426e+04
   0.00000   3.32544032945794e+02   2.39792690109890e+05
   0.00000   5.34948441154479e+02   2.38887133349947e+05
   0.00000   1.25876571855482e+03   0.00000000000000e+00
   0.00000   1.38432308140232e+03   7.67307544527249e+05
# orbitals: 1s2 2s2
CORE 4 18 Pb
   0.00000   5.46123223719165e+01   3.12759164144383e+03
   0.00000   6.00597055306091e+01   2.14244876747077e+03
   0.00000   2.06721854557043e+02   3.29798711050131e+05
   0.00000   2.27341617646020e+02   3.66567291947115e+05
   0.00000   7.11524053838797e+02   6.14156329504653e+05
   0.00000   2.02491908501441e+03   2.27798821243698e+05
   0.00000   2.22689749652205e+03   5.49959485708322e+05
   0.00000   6.96964836713687e+03   1.42556788623180e+06
   0.00000   7.66484577842063e+03   0.00000000000000e+00
   0.00000   1.64000000000000e+04   9.42483187938824e+05
   4.00000   9.66153130615143e+01   1.02931624791298e+10
   5.00000   1.06252343797159e+02   0.00000000000000e+00
   6.00000   1.28506065115501e+02   1.60164028612841e+12
   9.00000   1.87972292948323e+02   1.78829915256869e+17
  10.00000   2.27341617646020e+02   1.10852926072286e+20
  10.00000   6.46989202832730e+02   1.43288998814276e+25
  10.00000   7.11524053838797e+02   1.12786260647355e+25
  10.00000   2.44902252969820e+03   1.96705650507087e+31
# orbitals: 1s2 2s2 2p6
CORE 10 18 Pb
   0.00000   5.46123223719165e+01   1.32245652992496e+04
   0.00000   6.00597055306091e+01   1.85742639249508e+04
   0.00000   2.27341617646020e+02   2.97330542702521e+05
   0.00000   2.50018128100951e+02   4.63327287569628e+05
   0.00000   9.46383689049760e+02   7.53856703679091e+05
   0.00000   3.25739511365397e+03   9.69749285348369e+05
   0.00000   3.58230858579100e+03   0.00000000000000e+00
   0.00000   1.23300883330659e+04   2.31953033934846e+06
   0.00000   1.35599703928933e+04   0.00000000000000e+00
   3.00000   8.78523558576220e+01   7.01861614319344e+08
   4.00000   9.66153130615143e+01   1.34120633070608e+10
   4.00000   1.06252343797159e+02   0.00000000000000e+00
   8.00000   1.87972292948323e+02   7.60587901826097e+16
   9.00000   2.06721854557043e+02   0.00000000000000e+00
   9.00000   7.82496024623897e+02   0.00000000000000e+00
  10.00000   2.50018128100951e+02   4.44402799898243e+20
  10.00000   7.82496024623897e+02   2.63787453089375e+26
  10.00000   3.25739511365397e+03   9.86825865714567e+32
# orbitals: 1s2 2s2 2p6 3s2
CORE 12 19 Pb
   0.00000   2.55240871086665e+01   1.65946525676136e+02
   0.00000   4.96590139512775e+01   3.04193353103107e+04
   0.00000   2.27341617646020e+02   1.46397213746164e+05
   0.00000   2.50018128100951e+02   6.59513113714886e+05
   0.00000   1.04078206556052e+03   8.52332335643492e+05
   0.00000   3.93963101069327e+03   1.15943715015428e+06
   0.00000   4.33259506508678e+03   0.00000000000000e+00
   0.00000   1.35599703928933e+04   1.84458470321302e+06
   7.00000   1.55420654089240e+02   2.55078982491151e+15
   8.00000   1.70923306546190e+02   0.00000000000000e+00
   8.00000   7.11524053838797e+02   6.61666106527660e+21
   9.00000   5.46123223719165e+01   4.79485171952367e+11
  10.00000   5.46123223719165e+01   3.48650962665553e+11
  10.00000   7.26387405106880e+01   2.40168688107316e+14
  10.00000   7.98841941837960e+01   3.29794552406517e+14
  10.00000   1.87972292948323e+02   2.97956682942540e+19
  10.00000   2.74956539090141e+02   4.09230832048961e+21
  10.00000   7.82496024623897e+02   1.87528437567961e+26
  10.00000   3.58230858579100e+03   4.59626269498163e+33
# orbitals: 1s2 2s2 2p6 3s2 3p6
CORE 18 21 Pb
   0.00000   2.11040161889724e+01   1.60677319291457e+02
   0.00000   2.32090660637183e+01   2.22244587077273e+02
   0.00000   5.46123223719165e+01   3.97931066569781e+04
   0.00000   2.50018128100951e+02   8.00839256381682e+05
   0.00000   9.46383689049760e+02   2.49749476022410e+05
   0.00000   1.04078206556052e+03   5.59016134698124e+05
   0.00000   3.25739511365397e+03   0.00000000000000e+00
   0.00000   3.58230858579100e+03   1.01244464431412e+06
   0.00000   1.23300883330659e+04   2.23774094064155e+06
   0.00000   1.35599703928933e+04   0.00000000000000e+00
   7.00000   4.96590139512775e+01   6.09759713706820e+10
   7.00000   1.70923306546190e+02   0.00000000000000e+00
   8.00000   5.46123223719165e+01   2.73605886505550e+11
   9.00000   1.87972292948323e+02   6.87209631656018e+18
   9.00000   7.82496024623897e+02   2.94313698393445e+24
  10.00000   7.26387405106880e+01   0.00000000000000e+00
  10.00000   7.98841941837960e+01   2.85833194957298e+15
  10.00000   2.74956539090141e+02   3.57753940320134e+21
  10.00000   3.02382467074157e+02   7.20034124156819e+21
  10.00000   7.82496024623897e+02   2.44903331347970e+25
  10.00000   3.25739511365397e+03   9.72708080932578e+32
# orbitals: 1s2 2s2 2p6 3s2 3p6 3d10
CORE 28 20 Pb
   0.00000   2.32090660637183e+01   1.71675992400093e+03
   0.00000   2.55240871086665e+01   4.10225905859902e+03
   0.00000   6.00597055306091e+01   3.30056739509912e+04
   0.00000   2.50018128100951e+02   8.08063976698522e+05
   0.00000   9.46383689049760e+02   0.00000000000000e+00
   0.00000   1.04078206556052e+03   8.26195112182166e+05
   0.00000   3.25739511365397e+03   0.00000000000000e+00
   0.00000   3.58230858579100e+03   9.62189922867617e+05
   0.00000   1.23300883330659e+04   2.31867910830440e+06
   0.00000   1.35599703928933e+04   0.00000000000000e+00
   7.00000   4.96590139512775e+01   7.54123797770802e+10
   8.00000   5.46123223719165e+01   7.16216475357217e+11
   8.00000   1.87972292948323e+02   2.76878180813061e+17
  10.00000   7.98841941837960e+01   3.14053528155371e+15
  10.00000   8.78523558576220e+01   4.39331124095214e+15
  10.00000   2.06721854557043e+02   8.21980550076877e+19
  10.00000   3.02382467074157e+02   9.23334686192209e+21
  10.00000   7.82496024623897e+02   1.60794959366549e+26
  10.00000   8.60547194783839e+02   3.83314606282056e+26
  10.00000   3.58230858579100e+03   3.18630850481541e+33
# orbitals: 1s2 2s2 2p6 3s2 3p6 3d10 4s2
CORE 30 25 Pb
   0.00000   1.74493801642444e+01   3.90529650541832e+02
   0.00000   1.91898932116296e+01   3.04025126506686e+03
   0.00000   6.00597055306091e+01   3.58788607479325e+04
   0.00000   6.60504456092936e+01   0.00000000000000e+00
   0.00000   2.27341617646020e+02   1.49277149037940e+05
   0.00000   2.50018128100951e+02   6.36106291520975e+05
   0.00000   9.46383689049760e+02   7.67804912973071e+05
   0.00000   1.04078206556052e+03   0.00000000000000e+00
   0.00000   2.96195111960570e+03   5.63623097187105e+05
   0.00000   3.25739511365397e+03   3.45595295445906e+05
   0.00000   1.12117559180575e+04   2.36813444640694e+06
   0.00000   1.23300883330659e+04   0.00000000000000e+00
   8.00000   1.87972292948323e+02   1.91025964656129e+17
   9.00000   6.60504456092936e+01   6.65378578690249e+13
   9.00000   7.82496024623897e+02   2.06026048093434e+23
  10.00000   1.74493801642444e+01   0.00000000000000e+00
  10.00000   1.91898932116296e+01   1.24361635195145e+05
  10.00000   3.08699072677558e+01   3.96099216160780e+09
  10.00000   3.39490697288498e+01   4.10798385077277e+09
  10.00000   7.98841941837960e+01   1.05647841410020e+15
  10.00000   8.78523558576220e+01   6.49756033032460e+15
  10.00000   2.06721854557043e+02   2.00086672154410e+20
  10.00000   3.02382467074157e+02   1.49359772495451e+22
  10.00000   7.82496024623897e+02   1.22739611075250e+26
  10.00000   3.25739511365397e+03   1.21199620207507e+33
# orbitals: 1s2 2s2 2p6 3s2 3p6 3d10 4s2 4p6
CORE 36 25 Pb
   0.00000   1.91898932116296e+01   0.00000000000000e+00
   0.00000   2.11040161889724e+01   4.22969684089483e+03
   0.00000   6.00597055306091e+01   1.53556367915484e+04
   0.00000   6.60504456092936e+01   2.49946292587195e+04
   0.00000   2.50018128100951e+02   7.93505095027214e+05
   0.00000   8.60547194783839e+02   2.15690233715446e+05
   0.00000   9.46383689049760e+02   4.88442043859116e+05
   0.00000   2.96195111960570e+03   9.63556149863116e+05
   0.00000   3.25739511365397e+03   0.00000000000000e+00
   0.00000   9.27018770129310e+03   1.19148139421738e+06
   0.00000   1.01948556547642e+04   0.00000000000000e+00
   0.00000   1.64000000000000e+04   1.37621145536514e+06
   9.00000   2.32090660637183e+01   3.77713485186241e+07
   9.00000   7.26387405106880e+01   1.08085264546274e+13
   9.00000   2.06721854557043e+02   1.01780888451589e+19
  10.00000   2.55240871086665e+01   2.68845212876224e+08
  10.00000   3.08699072677558e+01   4.97093761779927e+09
  10.00000   3.39490697288498e+01   6.70140876921666e+10
  10.00000   7.26387405106880e+01   1.36120709519691e+15
  10.00000   8.78523558576220e+01   1.13486370983629e+16
  10.00000   2.06721854557043e+02   1.88409570687045e+20
  10.00000   3.02382467074157e+02   1.58326849595454e+22
  10.00000   8.60547194783839e+02   5.70492114014339e+26
  10.00000   2.96195111960570e+03   2.95504734024180e+31
  10.00000   3.25739511365397e+03   1.74681932224568e+32
# orbitals: 1s2 2s2 2p6 3s2 3p6 3d10 4s2 4p6 4d10
CORE 46 26 Pb
   0.00000   8.96875438850619e+00   7.18360835944985e+01
   0.00000   2.32090660637183e+01   0.00000000000000e+00
   0.00000   2.55240871086665e+01   6.79394027603860e+03
   0.00000   6.60504456092936e+01   3.70081542592247e+04
   0.00000   2.50018128100951e+02   7.97029209282514e+05
   0.00000   9.46383689049760e+02   7.33932179961662e+05
   0.00000   2.96195111960570e+03   6.18057648587002e+05
   0.00000   3.25739511365397e+03   3.09856499179507e+05
   0.00000   9.27018770129310e+03   1.34690370327318e+06
   0.00000   1.64000000000000e+04   1.03978994604482e+06
   8.00000   2.11040161889724e+01   6.39621978375865e+06
   9.00000   2.32090660637183e+01   2.07647442118366e+08
   9.00000   7.26387405106880e+01   3.75387865944856e+14
   9.00000   2.06721854557043e+02   1.00701051678539e+19
   9.00000   7.82496024623897e+02   2.20801793685994e+24
  10.00000   3.08699072677558e+01   9.91672782932819e+09
  10.00000   3.39490697288498e+01   1.19267921331881e+11
  10.00000   8.78523558576220e+01   5.38601070311762e+14
  10.00000   9.66153130615143e+01   9.97488820678116e+15
  10.00000   2.06721854557043e+02   1.71980360992956e+20
  10.00000   3.02382467074157e+02   1.52439320329452e+22
  10.00000   3.32544032945794e+02   0.00000000000000e+00
  10.00000   7.82496024623897e+02   4.94117647779459e+25
  10.00000   8.60547194783839e+02   0.00000000000000e+00
  10.00000   2.96195111960570e+03   0.00000000000000e+00
  10.00000   3.25739511365397e+03   5.17148528405771e+32
# orbitals: 1s2 2s2 2p6 3s2 3p6 3d10 4s2 4p6 4d10 5s2
CORE 48 26 Pb
   0.00000   6.13143201786212e+00   4.30990612634580e+01
   0.00000   6.74302035657642e+00   2.09615311842009e+01
   0.00000   2.80700231944801e+01   7.70223506743221e+03
   0.00000   6.00597055306091e+01   3.13485166553797e+04
   0.00000   2.50018128100951e+02   8.10948222548379e+05
   0.00000   9.46383689049760e+02   3.25181914104426e+04
   0.00000   1.04078206556052e+03   8.20304845841221e+05
   0.00000   3.58230858579100e+03   0.00000000000000e+00
   0.00000   3.93963101069327e+03   1.11229534949050e+06
   0.00000   1.35599703928933e+04   2.29650846691025e+06
   0.00000   1.49125287742707e+04   0.00000000000000e+00
   8.00000   2.11040161889724e+01   2.58806717602546e+07
   8.00000   7.11524053838797e+02   1.25249806157066e+22
   9.00000   7.26387405106880e+01   4.03255372409928e+14
   9.00000   2.06721854557043e+02   1.16817836171590e+19
   9.00000   7.82496024623897e+02   0.00000000000000e+00
  10.00000   1.44276267317984e+01   1.48184366685111e+05
  10.00000   2.32090660637183e+01   0.00000000000000e+00
  10.00000   3.08699072677558e+01   9.28432629207419e+09
  10.00000   3.39490697288498e+01   1.16935381331014e+11
  10.00000   7.98841941837960e+01   0.00000000000000e+00
  10.00000   9.66153130615143e+01   1.44044279943937e+16
  10.00000   2.06721854557043e+02   1.06678648082733e+20
  10.00000   3.02382467074157e+02   1.21146186056528e+22
  10.00000   7.82496024623897e+02   9.80477727236384e+25
  10.00000   3.25739511365397e+03   1.22190299046464e+33
# orbitals: 1s2 2s2 2p6 3s2 3p6 3d10 4s2 4p6 4d10 4f14
CORE 60 27 Pb
   0.00000   7.41561243715097e+00   9.11193331774530e+01
   0.00000   8.15529316390029e+00   2.11003940156707e+02
   0.00000   2.55240871086665e+01   0.00000000000000e+00
   0.00000   2.80700231944801e+01   6.73280982920996e+03
   0.00000   6.00597055306091e+01   3.25706547886684e+04
   0.00000   2.50018128100951e+02   8.08664100159739e+05
   0.00000   9.46383689049760e+02   4.54654849061428e+04
   0.00000   1.04078206556052e+03   8.05291004441583e+05
   0.00000   3.58230858579100e+03   0.00000000000000e+00
   0.00000   3.93963101069327e+03   1.11653406170526e+06
   0.00000   1.35599703928933e+04   2.26592882922168e+06
   0.00000   1.49125287742707e+04   0.00000000000000e+00
   5.00000   1.44276267317984e+01   1.33793768426679e+02
   8.00000   2.11040161889724e+01   5.72787363671643e+07
   8.00000   7.11524053838797e+02   1.21308951958707e+22
   9.00000   7.26387405106880e+01   2.57796382237112e+14
   9.00000   2.06721854557043e+02   1.14646968804616e+19
   9.00000   7.82496024623897e+02   0.00000000000000e+00
  10.00000   3.08699072677558e+01   1.34509112807532e+10
  10.00000   3.39490697288498e+01   1.29043123584176e+11
  10.00000   7.98841941837960e+01   2.13210406406696e+15
  10.00000   9.66153130615143e+01   1.27508337404234e+16
  10.00000   2.06721854557043e+02   1.14658095144501e+20
  10.00000   3.02382467074157e+02   1.24141283345637e+22
  10.00000   3.32544032945794e+02   0.00000000000000e+00
  10.00000   7.82496024623897e+02   9.76669424546069e+25
  10.00000   3.25739511365397e+03   1.22596517706727e+33
# orbitals: 1s2 2s2 2p6 3s2 3p6 3d10 4s2 4p6 4d10 4f14 5s2
CORE 62 27 Pb
   0.00000   6.74302035657642e+00   1.99462472172840e+02
   0.00000   7.41561243715097e+00   3.10133649090276e+01
   0.00000   2.80700231944801e+01   7.31479892000235e+03
   0.00000   6.00597055306091e+01   3.10921909481222e+04
   0.00000   6.60504456092936e+01   0.00000000000000e+00
   0.00000   2.50018128100951e+02   8.13765579333143e+05
   0.00000   9.46383689049760e+02   0.00000000000000e+00
   0.00000   1.04078206556052e+03   8.53424267801203e+05
   0.00000   3.58230858579100e+03   0.00000000000000e+00
   0.00000   3.93963101069327e+03   1.08683655731562e+06
   0.00000   1.35599703928933e+04   2.45527013625380e+06
   0.00000   1.49125287742707e+04   0.00000000000000e+00
   8.00000   2.11040161889724e+01   0.00000000000000e+00
   9.00000   1.44276267317984e+01   6.49638614619499e+04
   9.00000   2.32090660637183e+01   2.55358094274320e+08
   9.00000   7.26387405106880e+01   2.20578680305748e+14
   9.00000   2.06721854557043e+02   1.87750892779473e+19
   9.00000   7.82496024623897e+02   1.90463886998405e+24
  10.00000   1.44276267317984e+01   5.88002571606376e+04
  10.00000   3.08699072677558e+01   4.72176055535833e+09
  10.00000   3.39490697288498e+01   1.56400498076808e+11
  10.00000   7.98841941837960e+01   3.02928750992044e+15
  10.00000   9.66153130615143e+01   1.14503383615638e+16
  10.00000   3.02382467074157e+02   4.14147993264655e+21
  10.00000   3.32544032945794e+02   1.69891963366554e+22
  10.00000   7.82496024623897e+02   1.62442299008413e+26
  10.00000   3.25739511365397e+03   1.00663658594543e+33
# orbitals: 1s2 2s2 2p6 3s2 3p6 3d10 4s2 4p6 4d10 4f14 5s2 5p6
CORE 68 28 Pb
   0.00000   5.06963637977125e+00   5.11939090268660e+01
   0.00000   5.57531441425934e+00   8.28047153364807e+01
   0.00000   2.55240871086665e+01   6.54281858297659e+03
   0.00000   6.60504456092936e+01   3.78096611106147e+04
   0.00000   2.50018128100951e+02   7.95513851444195e+05
   0.00000   9.46383689049760e+02   7.48569846775254e+05
   0.00000   2.96195111960570e+03   2.58095919632749e+04
   0.00000   3.25739511365397e+03   9.97780644276542e+05
   0.00000   9.27018770129310e+03   8.69441347268736e+05
   0.00000   1.64000000000000e+04   1.72508132230047e+06
   9.00000   8.96875438850619e+00   0.00000000000000e+00
   9.00000   7.26387405106880e+01   1.61991210872624e+14
   9.00000   2.06721854557043e+02   1.16219831086731e+19
   9.00000   7.82496024623897e+02   2.67373767325718e+24
  10.00000   9.86335545083936e+00   2.61178662387501e+02
  10.00000   1.31190487062427e+01   1.00377595680202e+05
  10.00000   1.44276267317984e+01   2.08811682503124e+05
  10.00000   2.80700231944801e+01   4.04324759017011e+09
  10.00000   3.39490697288498e+01   1.58033414728125e+11
  10.00000   3.73353675946464e+01   6.93718651575470e+10
  10.00000   7.98841941837960e+01   3.98482553332171e+15
  10.00000   9.66153130615143e+01   1.16160874316025e+16
  10.00000   2.06721854557043e+02   1.45272855084727e+20
  10.00000   3.02382467074157e+02   1.49862158762142e+22
  10.00000   3.32544032945794e+02   0.00000000000000e+00
  10.00000   8.60547194783839e+02   0.00000000000000e+00
  10.00000   2.96195111960570e+03   1.75719385649241e+32
  10.00000   3.25739511365397e+03   8.09575605276826e+31
# orbitals: 1s2 2s2 2p6 3s2 3p6 3d10 4s2 4p6 4d10 4f14 5s2 5p6 5d10
CORE 78 30 Pb
   0.00000   3.15147628743348e+00   1.46228015707102e+01
   0.00000   3.46582473678659e+00   1.68995345670662e+01
   0.00000   8.96875438850619e+00   1.21071006889242e+02
   0.00000   2.55240871086665e+01   6.47340203750481e+03
   0.00000   6.60504456092936e+01   3.77804278060233e+04
   0.00000   2.50018128100951e+02   7.96636595615989e+05
   0.00000   9.46383689049760e+02   7.35941104700080e+05
   0.00000   2.96195111960570e+03   8.18024334103453e+05
   0.00000   3.25739511365397e+03   5.36156874134085e+04
   0.00000   8.42938663648923e+03   1.23447188135499e+06
   0.00000   9.27018770129310e+03   0.00000000000000e+00
   0.00000   1.64000000000000e+04   1.22836693964392e+06
   9.00000   8.96875438850619e+00   0.00000000000000e+00
   9.00000   7.26387405106880e+01   2.83988390902148e+14
   9.00000   2.06721854557043e+02   1.01518777617356e+19
   9.00000   7.82496024623897e+02   2.13452239597171e+24
  10.00000   4.60982307246513e+00   2.53557708501675e-03
  10.00000   8.96875438850619e+00   2.98387349044672e+02
  10.00000   1.31190487062427e+01   2.53810845720921e+05
  10.00000   2.80700231944801e+01   5.68174062450024e+09
  10.00000   3.39490697288498e+01   1.49645749729986e+11
  10.00000   3.73353675946464e+01   1.72554680571549e+11
  10.00000   7.98841941837960e+01   1.70193080954646e+15
  10.00000   9.66153130615143e+01   1.33158605280984e+16
  10.00000   2.06721854557043e+02   1.75665190755645e+20
  10.00000   3.02382467074157e+02   1.57850433397416e+22
  10.00000   3.32544032945794e+02   0.00000000000000e+00
  10.00000   7.82496024623897e+02   4.08898886612214e+25
  10.00000   2.96195111960570e+03   0.00000000000000e+00
  10.00000   3.25739511365397e+03   6.13463638187586e+32
# orbitals: 1s2 2s2 2p6 3s2 3p6 3d10 4s2 4p6 4d10 4f14 5s2 5p6 5d10 6s2
CORE 80 33 Pb
   0.00000   1.95907596645100e+00   8.55501261299242e-01
   0.00000   2.15448676318599e+00   7.18729935601518e-01
   0.00000   3.15147628743348e+00   2.35613584640907e+01
   0.00000   3.46582473678659e+00   0.00000000000000e+00
   0.00000   7.41561243715097e+00   0.00000000000000e+00
   0.00000   8.15529316390029e+00   8.80806253901618e+01
   0.00000   2.55240871086665e+01   6.52073653065412e+03
   0.00000   6.60504456092936e+01   3.77160475351854e+04
   0.00000   2.50018128100951e+02   7.96077340511029e+05
   0.00000   9.46383689049760e+02   7.42937789826338e+05
   0.00000   2.96195111960570e+03   4.64407700240381e+05
   0.00000   3.25739511365397e+03   4.68072633990455e+05
   0.00000   8.42938663648923e+03   1.00320255870850e+06
   0.00000   9.27018770129310e+03   0.00000000000000e+00
   0.00000   1.64000000000000e+04   1.55442457968240e+06
   8.00000   7.11524053838797e+02   1.18029413338416e+22
   9.00000   7.26387405106880e+01   3.54234803081444e+14
   9.00000   2.06721854557043e+02   9.60299439502205e+18
   9.00000   7.82496024623897e+02   0.00000000000000e+00
  10.00000   4.60982307246513e+00   1.84568801432758e-02
  10.00000   1.31190487062427e+01   1.55243341980044e+05
  10.00000   1.44276267317984e+01   3.09773935829566e+05
  10.00000   2.80700231944801e+01   6.50610277796045e+09
  10.00000   3.39490697288498e+01   1.31911308546658e+11
  10.00000   3.73353675946464e+01   2.34598811249049e+11
  10.00000   7.98841941837960e+01   4.79473672487150e+14
  10.00000   9.66153130615143e+01   1.37414275280048e+16
  10.00000   2.06721854557043e+02   1.87447640522241e+20
  10.00000   3.02382467074157e+02   1.61321789661935e+22
  10.00000   3.32544032945794e+02   0.00000000000000e+00
  10.00000   7.82496024623897e+02   3.84420890449010e+25
  10.00000   2.96195111960570e+03   1.04782617560936e+32
  10.00000   3.25739511365397e+03   3.40006984505583e+32
