# Free-atom, free-ion and frozen-core density fits -- Ru (Z = 44)
#
#   rho(r) = sum_i c_i r^n_i exp(-alpha_i r)      r in bohr, rho in e/bohr^3
#
# All-electron B86BPBE densities (scalar-relativistic, spin-restricted),
# fitted with rhofit.py (monotone decay imposed).  Two kinds of block:
#
#   STATE <N> <q> <nterm> <symbol>
#     the atom or ion with N electrons (charge q), in order of increasing N;
#   CORE <N_core> <nterm> <symbol>
#     the frozen core of the neutral atom with N_core electrons, for a
#     pseudopotential with Z - N_core valence electrons, in order of
#     increasing N_core, each preceded by a '# orbitals:' comment.
#
# Each block header is followed by nterm lines:   n   alpha   c
#
# Generated 2026-09-23 by combine_fits.py from
#   /home/alberto/doc/manuals/critic2/atomic_density_fits/15_rhofit/rho_b86bpbe_mono/fit_044_Ru.dat
#     recipe: --npow 0,1,2,3,4,5,6,7,8,9,10 --amin 0.2 --ratio 1.1 --mom 3 --cusp none --targetz 1e-3 --besteffort --monotone --stats
#   /home/alberto/doc/manuals/critic2/atomic_density_fits/15_rhofit/core_b86bpbe_mono/core_044_Ru.dat
#     recipe: --npow 0,1,2,3,4,5,6,7,8,9,10 --amin 0.2 --ratio 1.1 --mom 3 --cusp none --besteffort --monotone --stats --target 1e-3*N_core
#
STATE 36 +8 24 Ru
   0.00000   4.99085610706016e+00   0.00000000000000e+00
   0.00000   8.01009296587485e+00   2.08374705947383e+02
   0.00000   8.80501414807390e+00   6.11647204613533e+01
   0.00000   2.74056480984398e+01   0.00000000000000e+00
   0.00000   3.01253830975409e+01   4.42452646760803e+03
   0.00000   1.13299397477652e+02   7.36364178033893e+04
   0.00000   8.26361609990965e+02   1.70730410020995e+04
   0.00000   9.08369690388591e+02   0.00000000000000e+00
   0.00000   4.53769353386801e+03   2.48165491514738e+04
   4.00000   2.65497303375569e+02   6.61168809977825e+11
   9.00000   9.67882326435820e+00   1.69028859593391e+03
   9.00000   3.01253830975409e+01   6.35730745331909e+09
   9.00000   9.37653970928026e+01   8.48110631368438e+14
  10.00000   9.67882326435820e+00   5.56946656461350e+02
  10.00000   1.28558283279683e+01   1.81681272838706e+05
  10.00000   1.41316400190628e+01   2.37547699766509e+05
  10.00000   4.00138263545352e+01   2.45891506364325e+11
  10.00000   9.37653970928026e+01   7.33608754435941e+15
  10.00000   1.36902885998490e+02   7.32662447663007e+17
  10.00000   1.50489120820983e+02   0.00000000000000e+00
  10.00000   3.87641370738907e+02   2.06694142735563e+22
  10.00000   6.83888230900201e+02   2.50607797229488e+24
  10.00000   3.10788653566639e+03   3.19680735782505e+31
  10.00000   3.41631302329861e+03   0.00000000000000e+00
STATE 37 +7 22 Ru
   0.00000   4.13038034737862e+00   6.98154986976604e+00
   0.00000   8.80501414807390e+00   2.48396498997431e+02
   0.00000   2.74056480984398e+01   3.35077430858987e+03
   0.00000   3.01253830975409e+01   6.58103356689133e+02
   0.00000   1.13299397477652e+02   7.43373360781176e+04
   0.00000   8.26361609990965e+02   1.64990072575031e+04
   0.00000   4.12802824000947e+03   2.09591401328833e+04
   4.00000   2.65497303375569e+02   5.95795949680208e+11
   8.00000   2.74056480984398e+01   8.16900050322871e+08
   9.00000   8.80501414807390e+00   3.48594633748696e+02
   9.00000   3.01253830975409e+01   1.11786249645995e+09
   9.00000   9.37653970928026e+01   8.82536080986575e+14
  10.00000   9.67882326435820e+00   1.17135320682984e+03
  10.00000   1.28558283279683e+01   2.17943863489336e+05
  10.00000   1.41316400190628e+01   1.24917742660492e+05
  10.00000   4.00138263545352e+01   2.72447404427213e+11
  10.00000   9.37653970928026e+01   5.89755736395640e+15
  10.00000   1.36902885998490e+02   6.35094397090352e+17
  10.00000   1.50489120820983e+02   0.00000000000000e+00
  10.00000   3.87641370738907e+02   3.21278582880163e+22
  10.00000   6.83888230900201e+02   7.90313101130232e+24
  10.00000   3.10788653566639e+03   9.85007197315523e+30
STATE 38 +6 25 Ru
   0.00000   3.41825960277198e+00   9.15017811674138e-01
   0.00000   3.75748749639006e+00   8.79682047062699e+00
   0.00000   8.80501414807390e+00   7.60074043597879e-01
   0.00000   9.67882326435820e+00   2.79145323794094e+02
   0.00000   2.74056480984398e+01   3.77447113451334e+03
   0.00000   1.03070669905979e+02   1.00987828985210e+04
   0.00000   1.13299397477652e+02   6.39744723225793e+04
   0.00000   9.08369690388591e+02   1.98820323067660e+04
   0.00000   4.98801398879489e+03   0.00000000000000e+00
   0.00000   5.48302422072234e+03   1.76522956443699e+04
   3.00000   2.19722793168329e+02   0.00000000000000e+00
   4.00000   2.41528070990390e+02   3.95151718644401e+11
   8.00000   8.01009296587485e+00   0.00000000000000e+00
   8.00000   2.74056480984398e+01   1.02390743869866e+09
   9.00000   8.80501414807390e+00   9.52527292558572e+02
   9.00000   3.01253830975409e+01   0.00000000000000e+00
   9.00000   9.37653970928026e+01   8.47679659686344e+14
  10.00000   1.28558283279683e+01   2.28428305175170e+05
  10.00000   4.00138263545352e+01   2.76843040722847e+11
  10.00000   9.37653970928026e+01   5.88209263821478e+15
  10.00000   1.36902885998490e+02   6.56928171404649e+17
  10.00000   3.87641370738907e+02   1.02437601108036e+22
  10.00000   6.83888230900201e+02   3.30793532242283e+24
  10.00000   3.10788653566639e+03   5.29771136253242e+31
  10.00000   3.41631302329861e+03   0.00000000000000e+00
STATE 39 +5 24 Ru
   0.00000   3.10965737694896e+00   1.34922206486176e+00
   0.00000   3.41825960277198e+00   6.39332308487329e+00
   0.00000   9.67882326435820e+00   2.86738882616274e+02
   0.00000   2.74056480984398e+01   3.84359771024501e+03
   0.00000   1.13299397477652e+02   7.45469333521404e+04
   0.00000   8.26361609990965e+02   1.60583552546278e+04
   0.00000   4.12802824000947e+03   2.53781024498428e+04
   3.00000   2.19722793168329e+02   1.08902310740263e+09
   4.00000   2.41528070990390e+02   3.38941241650630e+11
   4.00000   2.65497303375569e+02   0.00000000000000e+00
   7.00000   7.28693767471040e+00   8.50035571200110e+00
   8.00000   8.01009296587485e+00   5.05614841213661e+02
   8.00000   2.74056480984398e+01   1.03292343041628e+09
   9.00000   3.01253830975409e+01   0.00000000000000e+00
   9.00000   9.37653970928026e+01   9.35247289535156e+14
  10.00000   1.16951975690896e+01   5.96875575626554e+03
  10.00000   1.28558283279683e+01   2.02232954635462e+05
  10.00000   4.00138263545352e+01   2.72242982287255e+11
  10.00000   9.37653970928026e+01   5.04036499767437e+15
  10.00000   1.36902885998490e+02   6.02923743332140e+17
  10.00000   1.50489120820983e+02   0.00000000000000e+00
  10.00000   3.87641370738907e+02   2.20223168770482e+22
  10.00000   6.83888230900201e+02   7.94448341250895e+24
  10.00000   3.10788653566639e+03   0.00000000000000e+00
STATE 40 +4 25 Ru
   0.00000   2.82891591796346e+00   4.19006438276053e-01
   0.00000   3.10965737694896e+00   5.84906172006433e+00
   0.00000   9.67882326435820e+00   2.94337289703912e+02
   0.00000   2.74056480984398e+01   3.75775914021854e+03
   0.00000   1.03070669905979e+02   9.04257567935448e+03
   0.00000   1.13299397477652e+02   6.50784107640948e+04
   0.00000   9.08369690388591e+02   1.97687945405956e+04
   0.00000   5.48302422072234e+03   1.79412361065435e+04
   3.00000   2.19722793168329e+02   2.09772902330785e+08
   4.00000   2.41528070990390e+02   3.87994775667539e+11
   5.00000   5.48614839064682e+00   1.82732792699741e+01
   7.00000   7.28693767471040e+00   7.89954386757963e+01
   8.00000   8.80501414807390e+00   1.06840095154251e+03
   8.00000   2.74056480984398e+01   1.04117162077462e+09
   9.00000   3.01253830975409e+01   0.00000000000000e+00
   9.00000   9.37653970928026e+01   8.98106416328815e+14
  10.00000   1.16951975690896e+01   0.00000000000000e+00
  10.00000   1.28558283279683e+01   1.84266395697240e+05
  10.00000   4.00138263545352e+01   2.66896118245610e+11
  10.00000   9.37653970928026e+01   5.37350475677160e+15
  10.00000   1.36902885998490e+02   6.36400870766645e+17
  10.00000   3.87641370738907e+02   1.12757539715817e+22
  10.00000   6.83888230900201e+02   3.51356961916258e+24
  10.00000   3.10788653566639e+03   5.07496147596554e+31
  10.00000   3.41631302329861e+03   0.00000000000000e+00
STATE 41 +3 25 Ru
   0.00000   2.82891591796346e+00   6.75851097008175e+00
   0.00000   1.06393491489362e+01   3.44543713068200e+02
   0.00000   2.74056480984398e+01   3.65606154653323e+03
   0.00000   1.03070669905979e+02   1.00170701663355e+04
   0.00000   1.13299397477652e+02   6.41437262901574e+04
   0.00000   9.08369690388591e+02   1.97819009554264e+04
   0.00000   5.48302422072234e+03   1.77543820785851e+04
   3.00000   2.19722793168329e+02   0.00000000000000e+00
   4.00000   4.54027906424218e+00   4.50637000455285e+00
   4.00000   2.41528070990390e+02   3.89561613577370e+11
   7.00000   7.28693767471040e+00   0.00000000000000e+00
   8.00000   8.01009296587485e+00   4.20721889054603e+02
   8.00000   2.74056480984398e+01   4.35950017489633e+08
   8.00000   8.53002090700578e+01   5.13382832049506e+13
   9.00000   9.37653970928026e+01   0.00000000000000e+00
  10.00000   1.16951975690896e+01   1.34997132293470e+04
  10.00000   1.28558283279683e+01   1.51189892630981e+05
  10.00000   3.01253830975409e+01   9.82147294863212e+09
  10.00000   4.00138263545352e+01   4.16633012164599e+11
  10.00000   9.37653970928026e+01   3.43284213144233e+15
  10.00000   1.36902885998490e+02   5.48893564090080e+17
  10.00000   3.87641370738907e+02   1.24960301439806e+22
  10.00000   6.83888230900201e+02   4.14155872900192e+24
  10.00000   3.10788653566639e+03   4.91931928522987e+31
  10.00000   3.41631302329861e+03   0.00000000000000e+00
STATE 42 +2 25 Ru
   0.00000   2.34118124451909e+00   1.20815277336194e+00
   0.00000   2.57351994153097e+00   4.46596127117772e+00
   0.00000   1.06393491489362e+01   3.53119342193017e+02
   0.00000   2.74056480984398e+01   3.72189919375025e+03
   0.00000   1.13299397477652e+02   7.48020892020758e+04
   0.00000   8.26361609990965e+02   0.00000000000000e+00
   0.00000   9.08369690388591e+02   1.80278219344408e+04
   0.00000   4.12802824000947e+03   1.40569452705440e+04
   3.00000   3.75748749639006e+00   7.86466530228632e-01
   3.00000   2.19722793168329e+02   0.00000000000000e+00
   4.00000   2.41528070990390e+02   3.90658779895662e+11
   7.00000   7.28693767471040e+00   2.29186741360364e+02
   8.00000   7.28693767471040e+00   0.00000000000000e+00
   8.00000   2.74056480984398e+01   4.83401277298075e+08
   9.00000   8.01009296587485e+00   0.00000000000000e+00
   9.00000   9.37653970928026e+01   8.98462371003663e+14
  10.00000   1.16951975690896e+01   1.60241416029531e+04
  10.00000   1.28558283279683e+01   1.32353216640837e+05
  10.00000   3.01253830975409e+01   9.24251201933081e+09
  10.00000   4.00138263545352e+01   4.00966686725688e+11
  10.00000   9.37653970928026e+01   5.03460063626259e+15
  10.00000   1.36902885998490e+02   5.93971083112614e+17
  10.00000   3.87641370738907e+02   2.43544956035969e+22
  10.00000   6.83888230900201e+02   1.01040169143862e+25
  10.00000   3.10788653566639e+03   0.00000000000000e+00
STATE 43 +1 25 Ru
   0.00000   2.12981820394494e+00   2.67673726244342e+00
   0.00000   2.34118124451909e+00   1.23861237338385e+00
   0.00000   9.67882326435820e+00   3.03571903740235e+02
   0.00000   1.06393491489362e+01   0.00000000000000e+00
   0.00000   2.74056480984398e+01   3.81331252558360e+03
   0.00000   1.13299397477652e+02   7.45369945044369e+04
   0.00000   8.26361609990965e+02   1.61896155844616e+04
   0.00000   4.12802824000947e+03   2.39155333374876e+04
   3.00000   2.19722793168329e+02   1.25811247624178e+09
   4.00000   2.41528070990390e+02   3.34422718212747e+11
   4.00000   2.65497303375569e+02   0.00000000000000e+00
   7.00000   7.28693767471040e+00   6.97970970923614e+01
   8.00000   8.01009296587485e+00   3.69450914165621e+02
   8.00000   2.74056480984398e+01   1.05320643386495e+09
   9.00000   9.37653970928026e+01   9.87822707435728e+14
  10.00000   3.41825960277198e+00   4.76952602007563e-05
  10.00000   3.75748749639006e+00   1.59312358132920e-05
  10.00000   1.16951975690896e+01   1.21877707161903e+04
  10.00000   1.28558283279683e+01   1.52820369993616e+05
  10.00000   4.00138263545352e+01   2.59594626876949e+11
  10.00000   9.37653970928026e+01   4.50796703470976e+15
  10.00000   1.36902885998490e+02   5.83928631789152e+17
  10.00000   3.87641370738907e+02   2.18112023534778e+22
  10.00000   6.83888230900201e+02   7.56425840755209e+24
  10.00000   3.10788653566639e+03   0.00000000000000e+00
STATE 44 +0 29 Ru
   0.00000   1.20722306759856e+00   2.57481548323989e-02
   0.00000   1.32702781795062e+00   2.95538446886599e-01
   0.00000   2.34118124451909e+00   3.40844604516703e+00
   0.00000   9.67882326435820e+00   2.96258835773441e+02
   0.00000   2.74056480984398e+01   3.73204670758716e+03
   0.00000   1.03070669905979e+02   1.06180214544041e+04
   0.00000   1.13299397477652e+02   6.34631002908988e+04
   0.00000   9.08369690388591e+02   1.98938895707842e+04
   0.00000   4.98801398879489e+03   0.00000000000000e+00
   0.00000   5.48302422072234e+03   1.77424125668331e+04
   3.00000   2.19722793168329e+02   0.00000000000000e+00
   4.00000   2.41528070990390e+02   3.88639196180225e+11
   8.00000   8.01009296587485e+00   8.33628639900774e+01
   8.00000   2.74056480984398e+01   5.30078918184612e+08
   8.00000   8.53002090700578e+01   4.88419380413158e+13
   9.00000   8.80501414807390e+00   9.72187830252269e+02
   9.00000   9.37653970928026e+01   0.00000000000000e+00
  10.00000   3.41825960277198e+00   0.00000000000000e+00
  10.00000   3.75748749639006e+00   3.14321077561700e-04
  10.00000   1.16951975690896e+01   0.00000000000000e+00
  10.00000   1.28558283279683e+01   1.97574634719501e+05
  10.00000   3.01253830975409e+01   7.75375581410138e+09
  10.00000   4.00138263545352e+01   3.80356219236367e+11
  10.00000   9.37653970928026e+01   4.10051905181012e+15
  10.00000   1.36902885998490e+02   5.73587228772983e+17
  10.00000   3.87641370738907e+02   1.12811499502038e+22
  10.00000   6.83888230900201e+02   3.63025446355892e+24
  10.00000   3.10788653566639e+03   5.39644401789164e+31
  10.00000   3.41631302329861e+03   0.00000000000000e+00
STATE 45 -1 28 Ru
   0.00000   1.20722306759856e+00   8.20892522834161e-02
   0.00000   1.32702781795062e+00   4.54848106714806e-01
   0.00000   2.34118124451909e+00   0.00000000000000e+00
   0.00000   2.57351994153097e+00   3.59627375221500e+00
   0.00000   9.67882326435820e+00   2.99036240045723e+02
   0.00000   2.74056480984398e+01   3.72657486386787e+03
   0.00000   1.03070669905979e+02   1.03969454137460e+04
   0.00000   1.13299397477652e+02   6.37133696197428e+04
   0.00000   9.08369690388591e+02   1.98642090195774e+04
   0.00000   5.48302422072234e+03   1.77352164426259e+04
   3.00000   2.19722793168329e+02   0.00000000000000e+00
   4.00000   2.41528070990390e+02   3.89691532600533e+11
   8.00000   8.80501414807390e+00   0.00000000000000e+00
   8.00000   2.74056480984398e+01   0.00000000000000e+00
   8.00000   8.53002090700578e+01   4.97554074174812e+13
   9.00000   8.80501414807390e+00   1.09945773720260e+03
   9.00000   3.01253830975409e+01   1.90058183211148e+09
   9.00000   3.10788653566639e+03   0.00000000000000e+00
  10.00000   3.41825960277198e+00   0.00000000000000e+00
  10.00000   3.75748749639006e+00   3.94568865468009e-04
  10.00000   1.28558283279683e+01   1.99872786907447e+05
  10.00000   3.01253830975409e+01   1.15731922855507e+10
  10.00000   4.00138263545352e+01   4.35073973560925e+11
  10.00000   9.37653970928026e+01   3.88265356411216e+15
  10.00000   1.36902885998490e+02   5.67474625825698e+17
  10.00000   3.87641370738907e+02   1.15006186124340e+22
  10.00000   6.83888230900201e+02   3.73240922363870e+24
  10.00000   3.10788653566639e+03   5.25398326307918e+31
STATE 46 -2 27 Ru
   0.00000   1.09823435140401e+00   6.33718733677035e-02
   0.00000   1.20722306759856e+00   3.31895128853164e-01
   0.00000   2.34118124451909e+00   2.41983438061282e+00
   0.00000   2.57351994153097e+00   1.26093768787225e+00
   0.00000   9.67882326435820e+00   3.02536222639611e+02
   0.00000   2.74056480984398e+01   3.81362313123934e+03
   0.00000   1.13299397477652e+02   7.45568884273162e+04
   0.00000   8.26361609990965e+02   1.61607658187734e+04
   0.00000   4.12802824000947e+03   2.42446052777468e+04
   3.00000   2.19722793168329e+02   1.23256945164616e+09
   4.00000   2.41528070990390e+02   3.35047566399061e+11
   4.00000   2.65497303375569e+02   0.00000000000000e+00
   8.00000   8.01009296587485e+00   2.20216947566910e+02
   8.00000   2.74056480984398e+01   1.05085180199710e+09
   9.00000   8.80501414807390e+00   5.28848828909224e+02
   9.00000   3.01253830975409e+01   0.00000000000000e+00
   9.00000   9.37653970928026e+01   9.80011405039745e+14
  10.00000   3.41825960277198e+00   0.00000000000000e+00
  10.00000   3.75748749639006e+00   5.54961914767562e-04
  10.00000   1.16951975690896e+01   8.29738064126308e+03
  10.00000   1.28558283279683e+01   1.70287906236900e+05
  10.00000   4.00138263545352e+01   2.62638191536569e+11
  10.00000   9.37653970928026e+01   4.59275343799682e+15
  10.00000   1.36902885998490e+02   5.87024451578371e+17
  10.00000   3.87641370738907e+02   2.19079686987629e+22
  10.00000   6.83888230900201e+02   7.65220081188561e+24
  10.00000   3.10788653566639e+03   0.00000000000000e+00
# orbitals: 1s2
CORE 2 6 Ru
   0.00000   8.53002090700578e+01   3.61531385174251e+04
   0.00000   9.37653970928026e+01   1.09383170955930e+04
   0.00000   1.24543223406898e+02   1.46611451778761e+04
   0.00000   1.36902885998490e+02   0.00000000000000e+00
   0.00000   2.65497303375569e+02   0.00000000000000e+00
   0.00000   2.91845241054831e+02   1.16723520699869e+04
# orbitals: 1s2 2s2
CORE 4 16 Ru
   0.00000   2.26806279092762e+01   0.00000000000000e+00
   0.00000   2.49314521665562e+01   2.67066078164710e+02
   0.00000   9.37653970928026e+01   2.68383505255845e+04
   0.00000   1.03070669905979e+02   4.51262549281038e+04
   0.00000   5.65978751564851e+02   1.81232899261800e+04
   0.00000   2.57205441179519e+03   0.00000000000000e+00
   0.00000   2.82730494913789e+03   1.46178770523254e+04
   4.00000   4.39847962653170e+01   3.42635852400362e+07
   5.00000   5.31480809504325e+01   1.84875230878620e+08
   5.00000   2.41528070990390e+02   7.28794411111726e+12
   7.00000   7.05935614276381e+01   2.05294463618392e+11
  10.00000   1.03070669905979e+02   0.00000000000000e+00
  10.00000   1.13299397477652e+02   1.61161844705905e+16
  10.00000   3.20807946609789e+02   1.07035568820422e+21
  10.00000   1.93643376708132e+03   3.78142842017851e+29
  10.00000   2.12860534685403e+03   0.00000000000000e+00
# orbitals: 1s2 2s2 2p6
CORE 10 16 Ru
   0.00000   2.49314521665562e+01   0.00000000000000e+00
   0.00000   2.74056480984398e+01   3.35948260396819e+03
   0.00000   1.03070669905979e+02   2.23373667937667e+04
   0.00000   1.13299397477652e+02   5.04147485210612e+04
   0.00000   9.08369690388591e+02   1.95542719536373e+04
   3.00000   4.00138263545352e+01   5.63810507519727e+06
   3.00000   2.19722793168329e+02   0.00000000000000e+00
   4.00000   4.83498450100655e+01   1.05755600189435e+08
   4.00000   2.41528070990390e+02   4.27731472330927e+11
   7.00000   7.75992625530520e+01   9.13896563873051e+11
   9.00000   3.41631302329861e+03   9.05253893466872e+29
  10.00000   1.13299397477652e+02   2.11871663851294e+15
  10.00000   1.24543223406898e+02   6.52002150481437e+16
  10.00000   3.52644909459576e+02   7.03738279436939e+21
  10.00000   3.87641370738907e+02   0.00000000000000e+00
  10.00000   6.83888230900201e+02   2.14851512747594e+24
# orbitals: 1s2 2s2 2p6 3s2
CORE 12 18 Ru
   0.00000   9.67882326435820e+00   0.00000000000000e+00
   0.00000   2.26806279092762e+01   1.51479074143447e+03
   0.00000   2.49314521665562e+01   1.69970604419300e+03
   0.00000   1.03070669905979e+02   2.15872087623358e+04
   0.00000   1.13299397477652e+02   5.27949444657301e+04
   0.00000   9.08369690388591e+02   2.02339884184223e+04
   4.00000   2.41528070990390e+02   3.58032012644517e+11
   7.00000   2.06330092175331e+01   2.13520218757273e+06
   7.00000   7.75992625530520e+01   0.00000000000000e+00
   8.00000   7.75992625530520e+01   2.68178659771704e+13
   9.00000   2.26806279092762e+01   0.00000000000000e+00
  10.00000   3.31150244472878e+01   8.86497608317141e+09
  10.00000   3.64013576389667e+01   6.39429368948825e+09
  10.00000   1.24543223406898e+02   1.16414686086250e+17
  10.00000   1.36902885998490e+02   2.60801290487352e+17
  10.00000   3.87641370738907e+02   1.71681121069513e+22
  10.00000   6.83888230900201e+02   4.37319992767535e+24
  10.00000   3.41631302329861e+03   2.21347523691154e+32
# orbitals: 1s2 2s2 2p6 3s2 3p6
CORE 18 20 Ru
   0.00000   8.80501414807390e+00   7.10633807357669e+00
   0.00000   9.67882326435820e+00   6.09570728443506e+01
   0.00000   2.74056480984398e+01   4.22622740566998e+03
   0.00000   1.13299397477652e+02   7.42155936274883e+04
   0.00000   8.26361609990965e+02   0.00000000000000e+00
   0.00000   9.08369690388591e+02   1.89120842132817e+04
   3.00000   2.19722793168329e+02   3.98982852566193e+07
   4.00000   2.41528070990390e+02   3.93893186620627e+11
   7.00000   2.06330092175331e+01   4.94632859837889e+06
   7.00000   2.26806279092762e+01   1.77062714877047e+07
   7.00000   7.75992625530520e+01   2.80210202920974e+12
   9.00000   8.53002090700578e+01   2.33577054582523e+14
  10.00000   3.31150244472878e+01   3.52172577951155e+09
  10.00000   3.64013576389667e+01   7.76214243494227e+10
  10.00000   9.37653970928026e+01   0.00000000000000e+00
  10.00000   1.36902885998490e+02   4.91769867100451e+17
  10.00000   3.87641370738907e+02   2.01545841568959e+22
  10.00000   6.83888230900201e+02   8.25684047518298e+24
  10.00000   3.10788653566639e+03   0.00000000000000e+00
  10.00000   3.41631302329861e+03   3.46919226818704e+30
# orbitals: 1s2 2s2 2p6 3s2 3p6 3d10
CORE 28 20 Ru
   0.00000   8.80501414807390e+00   3.00638567142670e+01
   0.00000   9.67882326435820e+00   3.28625789261538e+02
   0.00000   3.01253830975409e+01   4.12954608528190e+03
   0.00000   1.13299397477652e+02   7.36765321630100e+04
   0.00000   8.26361609990965e+02   1.68851592129654e+04
   0.00000   4.12802824000947e+03   1.96974213364729e+04
   3.00000   2.19722793168329e+02   1.67691222786755e+09
   4.00000   2.41528070990390e+02   3.24161476702229e+11
   4.00000   2.65497303375569e+02   0.00000000000000e+00
   5.00000   1.70756627623112e+01   3.72508605629521e+05
   6.00000   1.87702505889041e+01   0.00000000000000e+00
   7.00000   2.26806279092762e+01   2.75121367302713e+07
   8.00000   8.53002090700578e+01   0.00000000000000e+00
   9.00000   9.37653970928026e+01   8.78215393513018e+14
  10.00000   3.64013576389667e+01   1.09477558980221e+11
  10.00000   9.37653970928026e+01   6.42293274752477e+15
  10.00000   1.36902885998490e+02   6.59507449497636e+17
  10.00000   3.87641370738907e+02   1.46487782868578e+22
  10.00000   6.83888230900201e+02   4.11300988128141e+24
  10.00000   3.10788653566639e+03   1.59639605263750e+31
# orbitals: 1s2 2s2 2p6 3s2 3p6 3d10 4s2
CORE 30 22 Ru
   0.00000   4.13038034737862e+00   0.00000000000000e+00
   0.00000   8.01009296587485e+00   2.60722163724084e+02
   0.00000   3.01253830975409e+01   4.31981703348595e+03
   0.00000   1.13299397477652e+02   7.38314850591257e+04
   0.00000   8.26361609990965e+02   1.67731346236752e+04
   0.00000   9.08369690388591e+02   0.00000000000000e+00
   0.00000   4.12802824000947e+03   2.10204407503844e+04
   4.00000   2.65497303375569e+02   6.08585130372730e+11
   8.00000   2.74056480984398e+01   1.79517574580024e+08
   8.00000   8.53002090700578e+01   4.14279559722984e+13
   9.00000   8.01009296587485e+00   0.00000000000000e+00
   9.00000   2.74056480984398e+01   1.15231815353335e+09
  10.00000   8.80501414807390e+00   5.75457821955308e+01
  10.00000   1.16951975690896e+01   6.21979149398725e+03
  10.00000   1.28558283279683e+01   3.73213719158214e+04
  10.00000   3.64013576389667e+01   5.89763904382102e+10
  10.00000   4.00138263545352e+01   1.51781763297917e+11
  10.00000   9.37653970928026e+01   7.08634540141930e+15
  10.00000   1.36902885998490e+02   6.67571162209533e+17
  10.00000   3.87641370738907e+02   2.67148892203126e+22
  10.00000   6.83888230900201e+02   5.64039202996767e+24
  10.00000   3.10788653566639e+03   2.27221324957321e+31
# orbitals: 1s2 2s2 2p6 3s2 3p6 3d10 4s2 4p6
CORE 36 23 Ru
   0.00000   3.41825960277198e+00   2.96362729010213e+00
   0.00000   3.75748749639006e+00   3.58245989712070e+00
   0.00000   8.80501414807390e+00   2.38761989236646e+02
   0.00000   2.74056480984398e+01   3.92186899819529e+03
   0.00000   1.13299397477652e+02   7.44991811847354e+04
   0.00000   8.26361609990965e+02   1.60532555950436e+04
   0.00000   4.12802824000947e+03   2.55337698490873e+04
   3.00000   2.19722793168329e+02   1.01088795298707e+09
   4.00000   2.41528070990390e+02   3.42260958557700e+11
   8.00000   8.01009296587485e+00   8.54708529595481e+01
   8.00000   2.74056480984398e+01   9.94249280572420e+08
   8.00000   8.53002090700578e+01   1.30363581566341e+13
   9.00000   8.80501414807390e+00   6.28307266313811e+02
   9.00000   3.01253830975409e+01   0.00000000000000e+00
   9.00000   9.37653970928026e+01   6.65654733284603e+14
  10.00000   1.16951975690896e+01   2.07419956209394e+02
  10.00000   1.28558283279683e+01   1.73646846192580e+05
  10.00000   4.00138263545352e+01   2.49768014630250e+11
  10.00000   9.37653970928026e+01   5.21964015525463e+15
  10.00000   1.36902885998490e+02   6.01148887865842e+17
  10.00000   3.87641370738907e+02   2.16290519909153e+22
  10.00000   6.83888230900201e+02   7.90983292940193e+24
  10.00000   3.10788653566639e+03   0.00000000000000e+00
