# Free-atom, free-ion and frozen-core density fits -- Ta (Z = 73)
#
#   rho(r) = sum_i c_i r^n_i exp(-alpha_i r)      r in bohr, rho in e/bohr^3
#
# All-electron B86BPBE densities (scalar-relativistic, spin-restricted),
# fitted with rhofit.py (monotone decay imposed).  Two kinds of block:
#
#   STATE <N> <q> <nterm> <symbol>
#     the atom or ion with N electrons (charge q), in order of increasing N;
#   CORE <N_core> <nterm> <symbol>
#     the frozen core of the neutral atom with N_core electrons, for a
#     pseudopotential with Z - N_core valence electrons, in order of
#     increasing N_core, each preceded by a '# orbitals:' comment.
#
# Each block header is followed by nterm lines:   n   alpha   c
#
# Generated 2026-09-23 by combine_fits.py from
#   /home/alberto/doc/manuals/critic2/atomic_density_fits/15_rhofit/rho_b86bpbe_mono/fit_073_Ta.dat
#     recipe: --npow 0,1,2,3,4,5,6,7,8,9,10 --amin 0.2 --ratio 1.1 --mom 3 --cusp none --targetz 1e-3 --besteffort --monotone --stats
#   /home/alberto/doc/manuals/critic2/atomic_density_fits/15_rhofit/core_b86bpbe_mono/core_073_Ta.dat
#     recipe: --npow 0,1,2,3,4,5,6,7,8,9,10 --amin 0.2 --ratio 1.1 --mom 3 --cusp none --besteffort --monotone --stats --target 1e-3*N_core
#
STATE 68 +5 30 Ta
   0.00000   4.16770731253812e+00   4.23239252582559e+01
   0.00000   4.58259854076047e+00   3.21906160220010e+01
   0.00000   2.30017045697056e+01   0.00000000000000e+00
   0.00000   2.52915019917615e+01   5.66827157614599e+03
   0.00000   5.40370243444252e+01   1.86052368584343e+04
   0.00000   2.04030847181587e+02   4.69095000825666e+05
   0.00000   2.24341920497065e+02   0.00000000000000e+00
   0.00000   7.00625015392871e+02   0.00000000000000e+00
   0.00000   7.70371557402951e+02   3.11762671166170e+05
   0.00000   2.40588822217350e+03   1.38593059765653e+05
   0.00000   2.64539206556009e+03   2.26581008588672e+05
   0.00000   7.51364465882732e+03   3.97513820286681e+05
   0.00000   1.46000000000000e+04   4.55325085367290e+05
   9.00000   8.09840357456475e+00   6.65029920055939e+01
   9.00000   2.09192167900649e+01   0.00000000000000e+00
   9.00000   6.53311987036226e+01   0.00000000000000e+00
  10.00000   8.09840357456475e+00   4.20587531227107e+01
  10.00000   1.07657233905152e+01   1.32852947212147e+04
  10.00000   2.30017045697056e+01   2.73097555697731e+08
  10.00000   2.78092465304392e+01   7.43050471197568e+09
  10.00000   3.05776301005239e+01   1.56198425902322e+10
  10.00000   6.53311987036226e+01   4.83469841390723e+14
  10.00000   7.89859466880980e+01   1.91676806385555e+15
  10.00000   8.68489212149185e+01   1.50832722742046e+15
  10.00000   1.85558662016449e+02   7.45040651200411e+19
  10.00000   2.46674941498030e+02   5.42129997587131e+20
  10.00000   2.71231193119133e+02   2.34850468544306e+21
  10.00000   7.00625015392871e+02   1.95802713577078e+25
  10.00000   7.70371557402951e+02   2.32501009373236e+25
  10.00000   2.64539206556009e+03   1.93309315644261e+31
STATE 69 +4 29 Ta
   0.00000   3.13511452721646e+00   5.79085578531154e+00
   0.00000   3.44721214330900e+00   2.25793247128775e+01
   0.00000   5.54039863366830e+00   0.00000000000000e+00
   0.00000   6.09193995401217e+00   4.56346607594769e+01
   0.00000   2.30017045697056e+01   4.64568523459650e+03
   0.00000   5.40370243444252e+01   2.01855458054798e+04
   0.00000   2.04030847181587e+02   4.67593283847762e+05
   0.00000   7.70371557402951e+02   3.13214772369821e+05
   0.00000   2.40588822217350e+03   1.66583032681158e+05
   0.00000   2.64539206556009e+03   1.97181987128688e+05
   0.00000   9.08405705439076e+03   7.24001494971245e+05
   0.00000   9.98836613991599e+03   0.00000000000000e+00
   8.00000   1.68758878987992e+02   0.00000000000000e+00
   9.00000   2.09192167900649e+01   6.12608150134111e+07
   9.00000   6.53311987036226e+01   0.00000000000000e+00
   9.00000   7.00625015392871e+02   1.72964937835212e+23
  10.00000   3.79037877494310e+00   2.65166651596238e-05
  10.00000   9.79103530460409e+00   1.32470297783455e+01
  10.00000   1.07657233905152e+01   1.02560636957339e+04
  10.00000   2.78092465304392e+01   7.61670594494759e+09
  10.00000   3.05776301005239e+01   1.65398138462669e+10
  10.00000   6.53311987036226e+01   4.44549907291198e+14
  10.00000   7.89859466880980e+01   2.27027893788017e+15
  10.00000   1.85558662016449e+02   7.54783499962432e+19
  10.00000   2.46674941498030e+02   5.90113023046762e+20
  10.00000   2.71231193119133e+02   2.33618536073848e+21
  10.00000   7.00625015392871e+02   1.31906514090321e+25
  10.00000   7.70371557402951e+02   0.00000000000000e+00
  10.00000   2.64539206556009e+03   2.93004495720996e+31
STATE 70 +3 30 Ta
   0.00000   2.35835733214622e+00   0.00000000000000e+00
   0.00000   2.59312952144506e+00   2.98900571166536e+00
   0.00000   3.13511452721646e+00   1.49896756463570e+01
   0.00000   5.54039863366830e+00   5.45696061405636e+01
   0.00000   2.30017045697056e+01   4.65463963428967e+03
   0.00000   5.40370243444252e+01   2.01686791074342e+04
   0.00000   2.04030847181587e+02   4.67609085404136e+05
   0.00000   7.70371557402951e+02   3.13181329165106e+05
   0.00000   2.40588822217350e+03   1.66734420935961e+05
   0.00000   2.64539206556009e+03   1.97052145645684e+05
   0.00000   9.08405705439076e+03   7.23939832928092e+05
   0.00000   9.98836613991599e+03   0.00000000000000e+00
   8.00000   1.68758878987992e+02   0.00000000000000e+00
   9.00000   2.09192167900649e+01   6.23033955932100e+07
   9.00000   6.53311987036226e+01   0.00000000000000e+00
   9.00000   7.00625015392871e+02   1.73987673024987e+23
  10.00000   4.16770731253812e+00   7.21284844209677e-04
  10.00000   4.58259854076047e+00   1.71695968567654e-03
  10.00000   9.79103530460409e+00   0.00000000000000e+00
  10.00000   1.07657233905152e+01   9.94871051973507e+03
  10.00000   2.78092465304392e+01   7.58826968689390e+09
  10.00000   3.05776301005239e+01   1.65910324864456e+10
  10.00000   6.53311987036226e+01   4.44511085094460e+14
  10.00000   7.89859466880980e+01   2.26926956579485e+15
  10.00000   1.85558662016449e+02   7.54052248406253e+19
  10.00000   2.46674941498030e+02   5.91380182074120e+20
  10.00000   2.71231193119133e+02   2.32930278653144e+21
  10.00000   7.00625015392871e+02   1.31737947286414e+25
  10.00000   7.70371557402951e+02   0.00000000000000e+00
  10.00000   2.64539206556009e+03   2.92419878170215e+31
STATE 71 +2 30 Ta
   0.00000   1.95065474227970e+00   0.00000000000000e+00
   0.00000   2.14484053345258e+00   2.02677993169500e+00
   0.00000   3.13511452721646e+00   1.47660416377168e+01
   0.00000   5.54039863366830e+00   5.62207755940335e+01
   0.00000   2.30017045697056e+01   4.65706201756842e+03
   0.00000   5.40370243444252e+01   2.01611225468812e+04
   0.00000   2.04030847181587e+02   4.67615220587863e+05
   0.00000   7.70371557402951e+02   3.13162959960286e+05
   0.00000   2.40588822217350e+03   1.67038348595586e+05
   0.00000   2.64539206556009e+03   1.96723201766830e+05
   0.00000   9.08405705439076e+03   7.24028838359416e+05
   0.00000   9.98836613991599e+03   0.00000000000000e+00
   8.00000   1.68758878987992e+02   0.00000000000000e+00
   9.00000   2.09192167900649e+01   6.37269277254530e+07
   9.00000   6.53311987036226e+01   0.00000000000000e+00
   9.00000   7.00625015392871e+02   1.74924401890976e+23
  10.00000   3.79037877494310e+00   2.46023822371872e-04
  10.00000   4.16770731253812e+00   1.71720244946390e-03
  10.00000   9.79103530460409e+00   0.00000000000000e+00
  10.00000   1.07657233905152e+01   9.60100059962041e+03
  10.00000   2.78092465304392e+01   7.53655614043854e+09
  10.00000   3.05776301005239e+01   1.67442904073987e+10
  10.00000   6.53311987036226e+01   4.44473555287707e+14
  10.00000   7.89859466880980e+01   2.26701253125606e+15
  10.00000   1.85558662016449e+02   7.53577290183501e+19
  10.00000   2.46674941498030e+02   5.92619734235136e+20
  10.00000   2.71231193119133e+02   2.32387970146431e+21
  10.00000   7.00625015392871e+02   1.31329017730699e+25
  10.00000   7.70371557402951e+02   0.00000000000000e+00
  10.00000   2.64539206556009e+03   2.92362212174407e+31
STATE 72 +1 29 Ta
   0.00000   1.61343400837205e+00   5.83997737034589e-01
   0.00000   1.77404980194646e+00   5.87209129846838e-01
   0.00000   3.44721214330900e+00   1.24668112607405e+01
   0.00000   3.79037877494310e+00   1.33493040426733e+01
   0.00000   5.54039863366830e+00   4.25059237169857e+01
   0.00000   2.30017045697056e+01   4.69118155628420e+03
   0.00000   5.40370243444252e+01   1.98310134746492e+04
   0.00000   2.04030847181587e+02   4.68853384844168e+05
   0.00000   7.70371557402951e+02   3.12627151129501e+05
   0.00000   2.40588822217350e+03   4.73239883179729e+04
   0.00000   2.64539206556009e+03   3.39825611861838e+05
   0.00000   9.08405705439076e+03   2.72110083656600e+05
   0.00000   9.98836613991599e+03   4.45495544001056e+05
   8.00000   1.68758878987992e+02   5.18379390857706e+16
   9.00000   2.09192167900649e+01   6.14164096926987e+07
   9.00000   6.53311987036226e+01   0.00000000000000e+00
   9.00000   7.00625015392871e+02   3.96293520545576e+22
  10.00000   3.79037877494310e+00   1.66009330597628e-03
  10.00000   9.79103530460409e+00   0.00000000000000e+00
  10.00000   1.07657233905152e+01   1.05522667150865e+04
  10.00000   2.78092465304392e+01   7.53886858345293e+09
  10.00000   3.05776301005239e+01   1.68081913961971e+10
  10.00000   6.53311987036226e+01   4.45790520367765e+14
  10.00000   7.89859466880980e+01   2.25139637498130e+15
  10.00000   1.85558662016449e+02   4.82966086468302e+19
  10.00000   2.71231193119133e+02   2.92415345005484e+21
  10.00000   7.00625015392871e+02   2.63027709249474e+25
  10.00000   7.70371557402951e+02   0.00000000000000e+00
  10.00000   2.64539206556009e+03   1.60790134828656e+31
STATE 73 +0 30 Ta
   0.00000   1.33451053277076e+00   5.31899692936667e-01
   0.00000   1.46735976437377e+00   7.88492959080566e-02
   0.00000   3.44721214330900e+00   9.52643751651273e+00
   0.00000   3.79037877494310e+00   2.06208382389441e+01
   0.00000   5.54039863366830e+00   3.85871579326396e+01
   0.00000   2.30017045697056e+01   4.66281185229775e+03
   0.00000   5.40370243444252e+01   2.01541232834922e+04
   0.00000   2.04030847181587e+02   4.67673946897469e+05
   0.00000   7.70371557402951e+02   3.13194524010988e+05
   0.00000   2.40588822217350e+03   1.65865127615051e+05
   0.00000   2.64539206556009e+03   1.98119750491983e+05
   0.00000   9.08405705439076e+03   7.23458005608932e+05
   0.00000   9.98836613991599e+03   0.00000000000000e+00
   8.00000   1.68758878987992e+02   0.00000000000000e+00
   9.00000   2.09192167900649e+01   5.84735582219106e+07
   9.00000   6.53311987036226e+01   0.00000000000000e+00
   9.00000   7.00625015392871e+02   1.72788034715993e+23
  10.00000   3.44721214330900e+00   1.13913618706576e-04
  10.00000   3.79037877494310e+00   1.73206262827220e-03
  10.00000   9.79103530460409e+00   0.00000000000000e+00
  10.00000   1.07657233905152e+01   1.07474713736453e+04
  10.00000   2.78092465304392e+01   7.69918010705888e+09
  10.00000   3.05776301005239e+01   1.63008232341266e+10
  10.00000   6.53311987036226e+01   4.44517219435255e+14
  10.00000   7.89859466880980e+01   2.27659988808812e+15
  10.00000   1.85558662016449e+02   7.54579360572868e+19
  10.00000   2.46674941498030e+02   5.89562500725611e+20
  10.00000   2.71231193119133e+02   2.33571805011496e+21
  10.00000   7.00625015392871e+02   1.32933459657698e+25
  10.00000   2.64539206556009e+03   2.91063075259151e+31
STATE 74 -1 30 Ta
   0.00000   1.21368897070457e+00   3.07055172876049e-01
   0.00000   1.33451053277076e+00   2.47064473620665e-01
   0.00000   3.44721214330900e+00   2.38074967135349e+01
   0.00000   3.79037877494310e+00   0.00000000000000e+00
   0.00000   5.54039863366830e+00   4.63765099317661e+01
   0.00000   2.30017045697056e+01   4.66094851284127e+03
   0.00000   5.40370243444252e+01   2.01532802437716e+04
   0.00000   2.04030847181587e+02   4.67673700532446e+05
   0.00000   7.70371557402951e+02   3.13186393634094e+05
   0.00000   2.40588822217350e+03   1.65744864407334e+05
   0.00000   2.64539206556009e+03   1.98264416807909e+05
   0.00000   9.08405705439076e+03   7.23363189368828e+05
   0.00000   9.98836613991599e+03   0.00000000000000e+00
   8.00000   1.68758878987992e+02   0.00000000000000e+00
   9.00000   2.09192167900649e+01   5.99962153019159e+07
   9.00000   6.53311987036226e+01   0.00000000000000e+00
   9.00000   7.00625015392871e+02   1.72742174561102e+23
  10.00000   3.44721214330900e+00   8.80940048966232e-05
  10.00000   3.79037877494310e+00   1.58827601549848e-03
  10.00000   9.79103530460409e+00   0.00000000000000e+00
  10.00000   1.07657233905152e+01   1.01305767393919e+04
  10.00000   2.78092465304392e+01   7.66375989493437e+09
  10.00000   3.05776301005239e+01   1.64606309528443e+10
  10.00000   6.53311987036226e+01   4.44303408262471e+14
  10.00000   7.89859466880980e+01   2.27548077868604e+15
  10.00000   1.85558662016449e+02   7.54504905061576e+19
  10.00000   2.46674941498030e+02   5.89460598057298e+20
  10.00000   2.71231193119133e+02   2.33526092822030e+21
  10.00000   7.00625015392871e+02   1.33094870160334e+25
  10.00000   2.64539206556009e+03   2.90784321318529e+31
STATE 75 -2 32 Ta
   0.00000   1.10380613823372e+00   1.33152557802316e-01
   0.00000   1.21368897070457e+00   3.66261118191297e-01
   0.00000   3.13511452721646e+00   6.87777275066167e+00
   0.00000   3.44721214330900e+00   1.44276863249954e+01
   0.00000   5.54039863366830e+00   4.96629924396739e+01
   0.00000   2.30017045697056e+01   4.66055605872867e+03
   0.00000   5.40370243444252e+01   2.01514118353998e+04
   0.00000   2.04030847181587e+02   4.67674792589077e+05
   0.00000   7.70371557402951e+02   3.13178756215416e+05
   0.00000   2.40588822217350e+03   1.65655448264312e+05
   0.00000   2.64539206556009e+03   1.98374896274402e+05
   0.00000   9.08405705439076e+03   7.23284385997524e+05
   0.00000   9.98836613991599e+03   0.00000000000000e+00
   8.00000   1.68758878987992e+02   0.00000000000000e+00
   9.00000   2.09192167900649e+01   6.10234659773546e+07
   9.00000   6.53311987036226e+01   0.00000000000000e+00
   9.00000   7.00625015392871e+02   1.72739070388569e+23
  10.00000   1.46735976437377e+00   0.00000000000000e+00
  10.00000   1.61343400837205e+00   8.43244429415607e-10
  10.00000   3.44721214330900e+00   9.40063893519892e-05
  10.00000   3.79037877494310e+00   1.22826586613250e-03
  10.00000   9.79103530460409e+00   0.00000000000000e+00
  10.00000   1.07657233905152e+01   9.81846801592088e+03
  10.00000   2.78092465304392e+01   7.63720488826949e+09
  10.00000   3.05776301005239e+01   1.65710966548072e+10
  10.00000   6.53311987036226e+01   4.44165149076159e+14
  10.00000   7.89859466880980e+01   2.27490578820008e+15
  10.00000   1.85558662016449e+02   7.54414291662846e+19
  10.00000   2.46674941498030e+02   5.89393949806027e+20
  10.00000   2.71231193119133e+02   2.33474514802669e+21
  10.00000   7.00625015392871e+02   1.33227490041836e+25
  10.00000   2.64539206556009e+03   2.90538322485168e+31
# orbitals: 1s2
CORE 2 8 Ta
   0.00000   1.39584575718283e+02   7.39739835267659e+04
   0.00000   1.53480085099768e+02   9.57486439668308e+04
   0.00000   1.68758878987992e+02   0.00000000000000e+00
   0.00000   1.85558662016449e+02   1.35066937530442e+05
   0.00000   3.27920702282616e+02   1.51476100926315e+05
   0.00000   3.60564890736127e+02   0.00000000000000e+00
   0.00000   7.70371557402951e+02   0.00000000000000e+00
   0.00000   8.47061300148784e+02   2.78534442286653e+05
# orbitals: 1s2 2s2
CORE 4 19 Ta
   0.00000   4.46953378774923e+01   0.00000000000000e+00
   0.00000   4.91447154938184e+01   3.21577610142126e+03
   0.00000   1.68758878987992e+02   4.07088007968329e+04
   0.00000   1.85558662016449e+02   3.94301881100631e+05
   0.00000   6.37193062850194e+02   1.68727533228920e+05
   0.00000   7.00625015392871e+02   1.45380606783841e+05
   0.00000   2.40588822217350e+03   3.75667963278328e+05
   0.00000   2.64539206556009e+03   0.00000000000000e+00
   0.00000   9.08405705439076e+03   6.98515490326395e+05
   0.00000   9.98836613991599e+03   0.00000000000000e+00
   4.00000   7.89859466880980e+01   1.50437222467567e+09
   5.00000   9.54946472437697e+01   3.53293597717057e+10
   7.00000   1.26947113469398e+02   6.90499333262726e+13
   8.00000   5.27037888980683e+02   7.70228151264125e+19
  10.00000   1.85558662016449e+02   0.00000000000000e+00
  10.00000   2.04030847181587e+02   3.10321094892521e+19
  10.00000   5.79504000605434e+02   3.21210588302778e+24
  10.00000   2.18806815554867e+03   5.90826453296791e+30
  10.00000   2.40588822217350e+03   0.00000000000000e+00
# orbitals: 1s2 2s2 2p6
CORE 10 17 Ta
   0.00000   4.91447154938184e+01   2.08723980909248e+04
   0.00000   2.04030847181587e+02   4.67186931944264e+05
   0.00000   8.47061300148784e+02   0.00000000000000e+00
   0.00000   9.31385432541932e+02   3.82922462107691e+05
   0.00000   3.86677096295372e+03   4.24483815376424e+05
   0.00000   1.32781709376966e+04   7.89092508495145e+05
   3.00000   7.18348562876956e+01   0.00000000000000e+00
   3.00000   7.89859466880980e+01   8.23143086872800e+07
   4.00000   8.68489212149185e+01   1.27958197865628e+10
   7.00000   5.79504000605434e+02   0.00000000000000e+00
   9.00000   1.05001046928900e+02   1.58636872068142e+14
   9.00000   1.85558662016449e+02   1.07709927502134e+18
   9.00000   6.37193062850194e+02   3.96328468885196e+23
  10.00000   1.05001046928900e+02   1.59932903595749e+15
  10.00000   2.24341920497065e+02   6.24396654499788e+19
  10.00000   2.90873828469310e+03   9.10373466835354e+31
  10.00000   3.19830036499637e+03   4.52820529897827e+32
# orbitals: 1s2 2s2 2p6 3s2
CORE 12 20 Ta
   0.00000   4.06487901681813e+01   8.63027233504207e+03
   0.00000   4.46953378774923e+01   1.07357980902590e+04
   0.00000   2.04030847181587e+02   4.78903894184237e+05
   0.00000   8.47061300148784e+02   3.40854641338169e+05
   0.00000   3.19830036499637e+03   4.59785146031949e+05
   0.00000   3.51668807006994e+03   0.00000000000000e+00
   0.00000   9.98836613991599e+03   0.00000000000000e+00
   0.00000   1.09826983194472e+04   4.57954521744031e+05
   7.00000   1.39584575718283e+02   5.00376552808373e+14
   8.00000   4.06487901681813e+01   0.00000000000000e+00
   8.00000   1.39584575718283e+02   1.04693615922612e+16
   8.00000   6.37193062850194e+02   1.73967215135590e+21
   9.00000   4.46953378774923e+01   4.28364778598135e+10
  10.00000   4.46953378774923e+01   0.00000000000000e+00
  10.00000   5.94163578048851e+01   9.26202866705499e+12
  10.00000   6.53311987036226e+01   6.18736216379415e+13
  10.00000   2.24341920497065e+02   1.15801900123260e+20
  10.00000   2.46674941498030e+02   6.18972684477361e+20
  10.00000   7.00625015392871e+02   3.26437143202730e+25
  10.00000   3.19830036499637e+03   3.37521073946061e+32
# orbitals: 1s2 2s2 2p6 3s2 3p6
CORE 18 20 Ta
   0.00000   1.90252696178914e+01   6.99842220929911e+01
   0.00000   2.09192167900649e+01   4.75135933611016e+02
   0.00000   4.91447154938184e+01   2.64964714122586e+04
   0.00000   2.04030847181587e+02   2.06146405135028e+05
   0.00000   2.24341920497065e+02   2.94664393948469e+05
   0.00000   1.12605250754031e+03   4.36443209183127e+05
   0.00000   5.14034478750626e+03   5.77703316685573e+05
   0.00000   5.65206113475524e+03   0.00000000000000e+00
   6.00000   5.79504000605434e+02   2.61771837266662e+17
   7.00000   4.06487901681813e+01   0.00000000000000e+00
   8.00000   4.46953378774923e+01   9.16580786550372e+10
   8.00000   1.53480085099768e+02   3.58151493573514e+16
   9.00000   7.00625015392871e+02   3.58335320674489e+23
  10.00000   6.53311987036226e+01   1.71354286812282e+14
  10.00000   7.18348562876956e+01   3.10507405615756e+14
  10.00000   1.68758878987992e+02   7.92045270826645e+18
  10.00000   2.46674941498030e+02   1.20038545295139e+21
  10.00000   2.71231193119133e+02   0.00000000000000e+00
  10.00000   7.00625015392871e+02   3.47004457769240e+25
  10.00000   3.86677096295372e+03   9.73963908557409e+33
# orbitals: 1s2 2s2 2p6 3s2 3p6 3d10
CORE 28 18 Ta
   0.00000   1.90252696178914e+01   1.78254548133602e+02
   0.00000   2.09192167900649e+01   3.15067776743964e+03
   0.00000   4.91447154938184e+01   1.93755496187619e+04
   0.00000   2.04030847181587e+02   4.01617934065066e+05
   0.00000   2.24341920497065e+02   8.38023235435497e+04
   0.00000   1.02410395068096e+03   4.26575206137930e+05
   0.00000   4.67495731282231e+03   5.60176194962862e+05
   7.00000   4.46953378774923e+01   3.03482318795862e+10
   7.00000   1.53480085099768e+02   1.80912461275755e+15
   8.00000   4.46953378774923e+01   6.98557778737608e+10
   9.00000   1.68758878987992e+02   7.00393607739542e+17
   9.00000   7.00625015392871e+02   0.00000000000000e+00
  10.00000   6.53311987036226e+01   4.44999915804704e+13
  10.00000   7.18348562876956e+01   8.83353489765834e+14
  10.00000   2.71231193119133e+02   1.36119330507108e+21
  10.00000   7.00625015392871e+02   5.71244923749409e+25
  10.00000   3.51668807006994e+03   3.62170473711658e+33
  10.00000   3.86677096295372e+03   0.00000000000000e+00
# orbitals: 1s2 2s2 2p6 3s2 3p6 3d10 4s2
CORE 30 23 Ta
   0.00000   1.57362634989314e+01   3.74205435295458e+02
   0.00000   1.73027932960362e+01   2.12882637247200e+03
   0.00000   5.40370243444252e+01   2.34991253692521e+04
   0.00000   2.04030847181587e+02   4.15178635529342e+05
   0.00000   2.24341920497065e+02   5.93622202961183e+04
   0.00000   8.47061300148784e+02   3.45780941190109e+05
   0.00000   2.90873828469310e+03   3.00008948136967e+05
   0.00000   3.19830036499637e+03   8.00286501376490e+04
   0.00000   1.09826983194472e+04   8.18228961330727e+05
   8.00000   5.40370243444252e+01   1.97530827273854e+10
   9.00000   1.73027932960362e+01   8.40569685663045e+04
   9.00000   5.40370243444252e+01   3.84619548530872e+12
   9.00000   1.68758878987992e+02   1.94765103067969e+18
   9.00000   7.00625015392871e+02   2.59890100713021e+23
  10.00000   1.73027932960362e+01   0.00000000000000e+00
  10.00000   2.52915019917615e+01   1.30982353704902e+08
  10.00000   2.78092465304392e+01   1.01798158132628e+09
  10.00000   5.94163578048851e+01   1.51225977150737e+13
  10.00000   7.18348562876956e+01   9.40441081717554e+14
  10.00000   2.46674941498030e+02   6.45505813507035e+20
  10.00000   2.71231193119133e+02   2.00052427560787e+21
  10.00000   7.00625015392871e+02   1.39032986085383e+25
  10.00000   2.90873828469310e+03   1.68723303673822e+32
# orbitals: 1s2 2s2 2p6 3s2 3p6 3d10 4s2 4p6
CORE 36 27 Ta
   0.00000   8.90459181038050e+00   0.00000000000000e+00
   0.00000   9.79103530460409e+00   7.01098157504373e+01
   0.00000   1.90252696178914e+01   2.22147752277805e+03
   0.00000   4.91447154938184e+01   2.21989769798829e+04
   0.00000   5.40370243444252e+01   0.00000000000000e+00
   0.00000   2.04030847181587e+02   4.37057157970183e+05
   0.00000   2.24341920497065e+02   3.68793162195655e+04
   0.00000   8.47061300148784e+02   3.55459170194000e+05
   0.00000   2.90873828469310e+03   0.00000000000000e+00
   0.00000   3.19830036499637e+03   4.08283326990694e+05
   0.00000   1.20760153048418e+04   8.85448048333848e+05
   0.00000   1.32781709376966e+04   0.00000000000000e+00
   9.00000   5.94163578048851e+01   2.96789058693554e+13
   9.00000   1.68758878987992e+02   1.76898919210969e+18
   9.00000   7.00625015392871e+02   2.85291199254567e+23
  10.00000   7.36520458804958e+00   3.37636633423782e-03
  10.00000   8.09840357456475e+00   0.00000000000000e+00
  10.00000   2.09192167900649e+01   3.69636153574710e+07
  10.00000   2.78092465304392e+01   4.92464004671587e+09
  10.00000   3.05776301005239e+01   3.27565184823473e+09
  10.00000   6.53311987036226e+01   0.00000000000000e+00
  10.00000   7.89859466880980e+01   1.94805726745300e+15
  10.00000   2.46674941498030e+02   7.27268934381577e+20
  10.00000   2.71231193119133e+02   1.59019432003174e+21
  10.00000   7.00625015392871e+02   1.20818961128099e+25
  10.00000   2.64539206556009e+03   4.86199265950070e+31
  10.00000   2.90873828469310e+03   3.67105235389979e+31
# orbitals: 1s2 2s2 2p6 3s2 3p6 3d10 4s2 4p6 4d10
CORE 46 26 Ta
   0.00000   7.36520458804958e+00   5.56971288650004e+01
   0.00000   2.09192167900649e+01   0.00000000000000e+00
   0.00000   2.30017045697056e+01   4.79510718014751e+03
   0.00000   5.40370243444252e+01   1.97861291135749e+04
   0.00000   2.04030847181587e+02   4.68008741470723e+05
   0.00000   7.70371557402951e+02   3.12013544456015e+05
   0.00000   2.40588822217350e+03   1.26096285220459e+05
   0.00000   2.64539206556009e+03   2.43123312660867e+05
   0.00000   8.26162071068418e+03   5.03949220952932e+05
   0.00000   9.08405705439076e+03   0.00000000000000e+00
   0.00000   1.46000000000000e+04   2.88836707386549e+05
   6.00000   1.43115614150306e+01   8.59039951741563e+04
   9.00000   1.90252696178914e+01   0.00000000000000e+00
   9.00000   5.94163578048851e+01   8.70134134564816e+12
  10.00000   2.09192167900649e+01   8.69390193867625e+07
  10.00000   2.78092465304392e+01   9.00451050615138e+09
  10.00000   3.05776301005239e+01   5.53590592686864e+09
  10.00000   6.53311987036226e+01   3.21522230438516e+14
  10.00000   7.89859466880980e+01   2.15116862838444e+15
  10.00000   1.85558662016449e+02   7.51932456016322e+19
  10.00000   2.46674941498030e+02   5.42195673413185e+20
  10.00000   2.71231193119133e+02   2.37553140610174e+21
  10.00000   7.00625015392871e+02   1.87543604992914e+25
  10.00000   7.70371557402951e+02   2.30155437455538e+25
  10.00000   2.40588822217350e+03   0.00000000000000e+00
  10.00000   2.64539206556009e+03   2.11774116113649e+31
# orbitals: 1s2 2s2 2p6 3s2 3p6 3d10 4s2 4p6 4d10 5s2
CORE 48 30 Ta
   0.00000   4.58259854076047e+00   1.31925159510007e+01
   0.00000   5.03879178909783e+00   1.93757367267074e+01
   0.00000   2.30017045697056e+01   4.35366589765866e+03
   0.00000   5.40370243444252e+01   2.09385656240506e+04
   0.00000   2.04030847181587e+02   4.66189344251627e+05
   0.00000   7.70371557402951e+02   3.18962561076111e+05
   0.00000   2.40588822217350e+03   0.00000000000000e+00
   0.00000   2.64539206556009e+03   3.74336218233695e+05
   0.00000   7.51364465882732e+03   3.64489705155793e+05
   0.00000   8.26162071068418e+03   0.00000000000000e+00
   0.00000   1.46000000000000e+04   4.78553569202914e+05
   9.00000   2.09192167900649e+01   5.49369675668007e+06
   9.00000   5.94163578048851e+01   0.00000000000000e+00
   9.00000   1.68758878987992e+02   1.81114643750891e+18
   9.00000   7.00625015392871e+02   0.00000000000000e+00
  10.00000   6.09193995401217e+00   5.38901355444876e-03
  10.00000   1.07657233905152e+01   2.08236486433167e+03
  10.00000   2.09192167900649e+01   6.47879249444666e+07
  10.00000   2.78092465304392e+01   8.50578178605317e+09
  10.00000   3.05776301005239e+01   7.02954085310966e+09
  10.00000   6.53311987036226e+01   5.02011060471853e+14
  10.00000   7.89859466880980e+01   1.21776094824561e+15
  10.00000   8.68489212149185e+01   3.41379873073486e+15
  10.00000   1.85558662016449e+02   0.00000000000000e+00
  10.00000   2.46674941498030e+02   6.91486755800981e+20
  10.00000   2.71231193119133e+02   1.87001712162192e+21
  10.00000   7.00625015392871e+02   4.35008926254618e+24
  10.00000   7.70371557402951e+02   4.85463198197438e+25
  10.00000   2.40588822217350e+03   1.02552666990978e+31
  10.00000   2.64539206556009e+03   2.60216753830702e+30
# orbitals: 1s2 2s2 2p6 3s2 3p6 3d10 4s2 4p6 4d10 5s2 5p6
CORE 54 28 Ta
   0.00000   3.44721214330900e+00   7.43385123922659e+00
   0.00000   3.79037877494310e+00   1.13908451228054e+01
   0.00000   2.09192167900649e+01   0.00000000000000e+00
   0.00000   2.30017045697056e+01   4.39780248482144e+03
   0.00000   5.40370243444252e+01   2.10392168571716e+04
   0.00000   2.04030847181587e+02   4.65747081046617e+05
   0.00000   7.70371557402951e+02   3.19869282056908e+05
   0.00000   2.40588822217350e+03   0.00000000000000e+00
   0.00000   2.64539206556009e+03   3.73163664909426e+05
   0.00000   8.26162071068418e+03   5.06355878976917e+05
   0.00000   1.46000000000000e+04   2.44639660062353e+05
   9.00000   7.36520458804958e+00   3.44313336671456e+01
   9.00000   1.68758878987992e+02   1.79602337797889e+18
  10.00000   7.36520458804958e+00   5.04559300332656e+00
  10.00000   1.07657233905152e+01   1.34392596701254e+04
  10.00000   2.30017045697056e+01   1.90922984151998e+08
  10.00000   2.78092465304392e+01   7.49929549149192e+09
  10.00000   3.05776301005239e+01   1.20052628325221e+10
  10.00000   6.53311987036226e+01   5.04726167954484e+14
  10.00000   7.89859466880980e+01   1.38254941594406e+15
  10.00000   8.68489212149185e+01   3.27110173844697e+15
  10.00000   1.85558662016449e+02   0.00000000000000e+00
  10.00000   2.46674941498030e+02   7.20098268911814e+20
  10.00000   2.71231193119133e+02   1.81388948450482e+21
  10.00000   7.00625015392871e+02   1.98470683349325e+24
  10.00000   7.70371557402951e+02   5.27366157059733e+25
  10.00000   2.40588822217350e+03   1.20480503369208e+31
  10.00000   2.64539206556009e+03   0.00000000000000e+00
# orbitals: 1s2 2s2 2p6 3s2 3p6 3d10 4s2 4p6 4d10 4f14
CORE 60 27 Ta
   0.00000   3.13511452721646e+00   0.00000000000000e+00
   0.00000   3.44721214330900e+00   2.34406247812682e+00
   0.00000   5.54039863366830e+00   1.05636586872027e+02
   0.00000   2.30017045697056e+01   4.52969787692646e+03
   0.00000   5.40370243444252e+01   2.01837664485441e+04
   0.00000   2.04030847181587e+02   4.67436081429846e+05
   0.00000   7.70371557402951e+02   3.12478838144899e+05
   0.00000   2.40588822217350e+03   1.48222163425480e+05
   0.00000   2.64539206556009e+03   2.18755115038194e+05
   0.00000   9.08405705439076e+03   7.11443864684112e+05
   0.00000   9.98836613991599e+03   0.00000000000000e+00
   8.00000   1.68758878987992e+02   0.00000000000000e+00
   9.00000   1.90252696178914e+01   1.94430972441544e+07
   9.00000   6.53311987036226e+01   1.85865483531789e+13
   9.00000   7.00625015392871e+02   1.53306891727121e+23
  10.00000   8.09840357456475e+00   0.00000000000000e+00
  10.00000   8.90459181038050e+00   1.45290028327253e+01
  10.00000   2.09192167900649e+01   3.20996008634195e+07
  10.00000   2.78092465304392e+01   1.03502847983055e+10
  10.00000   3.05776301005239e+01   5.08991639141680e+09
  10.00000   6.53311987036226e+01   3.65700630273171e+14
  10.00000   7.89859466880980e+01   1.62855815747857e+15
  10.00000   1.85558662016449e+02   7.60597267223407e+19
  10.00000   2.46674941498030e+02   5.50698316177095e+20
  10.00000   2.71231193119133e+02   2.39938634439476e+21
  10.00000   7.00625015392871e+02   1.57561790258019e+25
  10.00000   2.64539206556009e+03   2.61113257931607e+31
# orbitals: 1s2 2s2 2p6 3s2 3p6 3d10 4s2 4p6 4d10 4f14 5s2
CORE 62 26 Ta
   0.00000   3.13511452721646e+00   0.00000000000000e+00
   0.00000   4.58259854076047e+00   5.38612825333838e+01
   0.00000   5.03879178909783e+00   2.87966391249885e+01
   0.00000   2.30017045697056e+01   4.61093855320795e+03
   0.00000   5.40370243444252e+01   2.00629999126581e+04
   0.00000   2.04030847181587e+02   4.68053508825928e+05
   0.00000   7.70371557402951e+02   3.12782199730426e+05
   0.00000   2.40588822217350e+03   1.45744115390597e+05
   0.00000   2.64539206556009e+03   2.22080327524242e+05
   0.00000   9.08405705439076e+03   7.10721077283392e+05
   0.00000   9.98836613991599e+03   0.00000000000000e+00
   8.00000   1.68758878987992e+02   0.00000000000000e+00
   9.00000   6.53311987036226e+01   0.00000000000000e+00
   9.00000   7.00625015392871e+02   1.49302678546436e+23
  10.00000   5.54039863366830e+00   1.04108957118578e-02
  10.00000   9.79103530460409e+00   1.55218127665619e+02
  10.00000   2.09192167900649e+01   9.95590996631134e+07
  10.00000   2.78092465304392e+01   9.60131583775715e+09
  10.00000   3.05776301005239e+01   9.03492328321378e+09
  10.00000   6.53311987036226e+01   4.37019776427662e+14
  10.00000   7.89859466880980e+01   2.16619749784790e+15
  10.00000   1.85558662016449e+02   7.62716627425494e+19
  10.00000   2.46674941498030e+02   5.49064642958807e+20
  10.00000   2.71231193119133e+02   2.42576757465344e+21
  10.00000   7.00625015392871e+02   1.60230592106346e+25
  10.00000   2.64539206556009e+03   2.57640137071080e+31
# orbitals: 1s2 2s2 2p6 3s2 3p6 3d10 4s2 4p6 4d10 4f14 5s2 5p6
CORE 68 28 Ta
   0.00000   3.44721214330900e+00   2.56443575510232e-01
   0.00000   3.79037877494310e+00   4.43204777144412e+01
   0.00000   6.09193995401217e+00   0.00000000000000e+00
   0.00000   2.09192167900649e+01   3.08334292457025e+03
   0.00000   2.30017045697056e+01   9.90733183978577e+02
   0.00000   5.40370243444252e+01   2.08447297893097e+04
   0.00000   2.04030847181587e+02   4.68053998862038e+05
   0.00000   7.70371557402951e+02   3.13582805883290e+05
   0.00000   2.40588822217350e+03   4.43921384297097e+04
   0.00000   2.64539206556009e+03   3.41287148459991e+05
   0.00000   9.08405705439076e+03   3.14005775014783e+05
   0.00000   9.98836613991599e+03   3.99912105781345e+05
   8.00000   1.68758878987992e+02   4.39805772869482e+16
   9.00000   2.09192167900649e+01   7.09120762495189e+07
   9.00000   6.53311987036226e+01   0.00000000000000e+00
   9.00000   7.00625015392871e+02   0.00000000000000e+00
  10.00000   7.36520458804958e+00   1.27545853472424e+01
  10.00000   9.79103530460409e+00   8.89799467089771e+01
  10.00000   1.07657233905152e+01   9.83908108124652e+03
  10.00000   2.78092465304392e+01   6.89493356494658e+09
  10.00000   3.05776301005239e+01   1.96039238266090e+10
  10.00000   6.53311987036226e+01   4.35356697770118e+14
  10.00000   7.89859466880980e+01   2.13990218432892e+15
  10.00000   1.85558662016449e+02   5.59587337530193e+19
  10.00000   2.71231193119133e+02   3.19043641797326e+21
  10.00000   7.00625015392871e+02   2.73422966580862e+25
  10.00000   7.70371557402951e+02   0.00000000000000e+00
  10.00000   2.64539206556009e+03   1.80076036441559e+31
# orbitals: 1s2 2s2 2p6 3s2 3p6 3d10 4s2 4p6 4d10 5s2 5p6 4f14 6s2
CORE 70 30 Ta
   0.00000   1.21368897070457e+00   4.54541021812105e-02
   0.00000   1.33451053277076e+00   2.15230777314561e-01
   0.00000   3.79037877494310e+00   2.08337272684494e+01
   0.00000   4.16770731253812e+00   2.08925362405487e+01
   0.00000   5.03879178909783e+00   2.36246159288260e+01
   0.00000   2.30017045697056e+01   4.66513142724673e+03
   0.00000   5.40370243444252e+01   2.01605469472222e+04
   0.00000   2.04030847181587e+02   4.67659194426349e+05
   0.00000   7.70371557402951e+02   3.13207947241583e+05
   0.00000   2.40588822217350e+03   1.66594302102274e+05
   0.00000   2.64539206556009e+03   1.97251558040518e+05
   0.00000   9.08405705439076e+03   7.23915996927759e+05
   0.00000   9.98836613991599e+03   0.00000000000000e+00
   8.00000   2.85127305490657e+00   4.43510616039673e-04
   8.00000   1.68758878987992e+02   0.00000000000000e+00
   9.00000   2.09192167900649e+01   5.50924844774815e+07
   9.00000   6.53311987036226e+01   0.00000000000000e+00
   9.00000   7.00625015392871e+02   1.73649352829549e+23
  10.00000   3.79037877494310e+00   1.97708209337121e-03
  10.00000   9.79103530460409e+00   0.00000000000000e+00
  10.00000   1.07657233905152e+01   1.11468798542027e+04
  10.00000   2.78092465304392e+01   7.74725359986012e+09
  10.00000   3.05776301005239e+01   1.56443444578840e+10
  10.00000   6.53311987036226e+01   4.45391546605798e+14
  10.00000   7.89859466880980e+01   2.27091550017051e+15
  10.00000   1.85558662016449e+02   7.54672343697135e+19
  10.00000   2.46674941498030e+02   5.90743088342055e+20
  10.00000   2.71231193119133e+02   2.33365610471541e+21
  10.00000   7.00625015392871e+02   1.31933727845806e+25
  10.00000   2.64539206556009e+03   2.92253857252513e+31
