# Free-atom, free-ion and frozen-core density fits -- P (Z = 15)
#
#   rho(r) = sum_i c_i r^n_i exp(-alpha_i r)      r in bohr, rho in e/bohr^3
#
# All-electron B86BPBE densities (scalar-relativistic, spin-restricted),
# fitted with rhofit.py (monotone decay imposed).  Two kinds of block:
#
#   STATE <N> <q> <nterm> <symbol>
#     the atom or ion with N electrons (charge q), in order of increasing N;
#   CORE <N_core> <nterm> <symbol>
#     the frozen core of the neutral atom with N_core electrons, for a
#     pseudopotential with Z - N_core valence electrons, in order of
#     increasing N_core, each preceded by a '# orbitals:' comment.
#
# Each block header is followed by nterm lines:   n   alpha   c
#
# Generated 2026-09-23 by combine_fits.py from
#   /home/alberto/doc/manuals/critic2/atomic_density_fits/15_rhofit/rho_b86bpbe_mono/fit_015_P.dat
#     recipe: --npow 0,1,2,3,4,5,6,7,8,9,10 --amin 0.2 --ratio 1.1 --mom 3 --cusp none --targetz 1e-3 --besteffort --monotone --stats
#   /home/alberto/doc/manuals/critic2/atomic_density_fits/15_rhofit/core_b86bpbe_mono/core_015_P.dat
#     recipe: --npow 0,1,2,3,4,5,6,7,8,9,10 --amin 0.2 --ratio 1.1 --mom 3 --cusp none --besteffort --monotone --stats --target 1e-3*N_core
#
STATE 10 +5 13 P
   0.00000   6.77462420344905e+00   5.14819243053480e+01
   0.00000   7.45131026894967e+00   9.03827055039698e+00
   0.00000   3.10773673010720e+01   0.00000000000000e+00
   0.00000   3.41815426432811e+01   2.23513721093610e+03
   2.00000   5.50210469501282e+01   2.66540335319708e+05
   3.00000   1.09049179043039e+01   2.80273087409331e+03
   3.00000   1.19941600186509e+01   5.99612845236135e+02
   4.00000   7.32101277333472e+01   2.76101586723615e+07
   6.00000   1.93066547171550e+01   3.77697882953244e+05
   8.00000   2.56891269122471e+01   0.00000000000000e+00
   9.00000   1.07142288252653e+02   1.61965961594949e+13
  10.00000   3.41815426432811e+01   4.72972737669992e+09
  10.00000   1.07142288252653e+02   1.62810774149733e+15
STATE 11 +4 15 P
   0.00000   2.16130446604182e+00   0.00000000000000e+00
   0.00000   6.15939095828673e+00   5.76713886293074e+01
   0.00000   3.10773673010720e+01   2.28898222865317e+02
   0.00000   3.41815426432811e+01   2.00773005473905e+03
   1.00000   4.54814155991198e+01   0.00000000000000e+00
   2.00000   5.50210469501282e+01   2.62780607945592e+05
   6.00000   1.75533329862144e+01   4.46668887109090e+05
   6.00000   1.93066547171550e+01   3.31121969140639e+05
   7.00000   5.09146654852316e+00   6.86302989763785e-01
  10.00000   7.45131026894967e+00   2.73412958241566e-01
  10.00000   8.19558739448423e+00   7.31032901719545e+01
  10.00000   3.41815426432811e+01   1.60182557417690e+09
  10.00000   3.75957797890475e+01   1.48423038024693e+10
  10.00000   1.07142288252653e+02   6.58326410770950e+14
  10.00000   1.17844238841957e+02   2.75449929905709e+15
STATE 12 +3 14 P
   0.00000   2.37718723260622e+00   4.84357685115712e-02
   0.00000   6.15939095828673e+00   5.61378705587603e+01
   0.00000   3.10773673010720e+01   4.04437769171866e+02
   0.00000   3.41815426432811e+01   1.83781690120843e+03
   2.00000   5.50210469501282e+01   2.38142071247659e+05
   6.00000   1.75533329862144e+01   3.88655735892852e+05
   6.00000   1.93066547171550e+01   5.73887131597206e+05
   7.00000   5.09146654852316e+00   2.16981625304573e+00
  10.00000   5.60002973415257e+00   0.00000000000000e+00
  10.00000   8.19558739448423e+00   8.96306336791879e+01
  10.00000   9.01420694029115e+00   1.02551005110627e+02
  10.00000   3.75957797890475e+01   1.88615925205216e+10
  10.00000   1.07142288252653e+02   4.20330446804271e+14
  10.00000   1.17844238841957e+02   2.80062153751216e+15
STATE 13 +2 15 P
   0.00000   1.96502695743112e+00   1.67876098972669e-01
   0.00000   6.15939095828673e+00   4.27309354434872e+01
   0.00000   6.77462420344905e+00   1.47524299323183e+01
   0.00000   3.10773673010720e+01   5.12131980306709e+02
   0.00000   3.41815426432811e+01   1.72474068571589e+03
   1.00000   4.54814155991198e+01   0.00000000000000e+00
   2.00000   5.50210469501282e+01   2.16265687766903e+05
   6.00000   4.20870046897315e+00   7.09997963623479e-01
   6.00000   1.75533329862144e+01   4.54747899693430e+05
   6.00000   1.93066547171550e+01   4.76808822461984e+05
   7.00000   5.09146654852316e+00   1.65159441465843e+00
  10.00000   7.45131026894967e+00   3.16175088568289e-01
  10.00000   8.19558739448423e+00   1.19064205341282e+02
  10.00000   3.75957797890475e+01   2.04494981300583e+10
  10.00000   1.17844238841957e+02   3.39601065948892e+15
STATE 14 +1 21 P
   0.00000   1.62432764675320e+00   0.00000000000000e+00
   0.00000   1.78657426757767e+00   2.82380288037172e-01
   0.00000   6.15939095828673e+00   1.75139953574982e+01
   0.00000   6.77462420344905e+00   4.28878398717425e+01
   0.00000   3.10773673010720e+01   1.42461050488515e+02
   0.00000   3.41815426432811e+01   2.08590371788185e+03
   1.00000   4.54814155991198e+01   2.22156975896943e+03
   2.00000   5.50210469501282e+01   1.66908750044251e+05
   3.00000   2.25464899407898e+03   2.03009618507699e+11
   4.00000   2.87579725941959e+00   1.00501599783105e-01
   4.00000   7.32101277333472e+01   4.79197066325582e+07
   5.00000   3.47898969161895e+00   2.71922962081546e-02
   5.00000   1.59592380678534e+01   1.60448952527958e+05
   5.00000   8.05227508107209e+01   0.00000000000000e+00
   7.00000   4.62908820941344e+00   1.25839740358347e+00
  10.00000   7.45131026894967e+00   1.22031696010160e+01
  10.00000   8.19558739448423e+00   9.07763196705949e+01
  10.00000   2.12351076949423e+01   0.00000000000000e+00
  10.00000   3.41815426432811e+01   1.91060810410886e+09
  10.00000   3.75957797890475e+01   1.21994305849591e+10
  10.00000   1.07142288252653e+02   1.29128391496749e+15
STATE 15 +0 18 P
   0.00000   1.34269929174712e+00   2.63586378315397e-02
   0.00000   1.47681535097005e+00   2.66720570014760e-01
   0.00000   6.77462420344905e+00   6.33892066025502e+01
   0.00000   3.10773673010720e+01   0.00000000000000e+00
   0.00000   3.41815426432811e+01   2.24202388477860e+03
   2.00000   5.50210469501282e+01   2.63698879321584e+05
   3.00000   2.37718723260622e+00   9.44760067305164e-02
   4.00000   7.32101277333472e+01   2.06953842454416e+07
   5.00000   1.59592380678534e+01   1.53663746897419e+05
   6.00000   3.82648997733817e+00   1.49906595808025e-01
   7.00000   4.62908820941344e+00   8.50239917404236e-01
   9.00000   1.07142288252653e+02   4.36635618153396e+13
  10.00000   7.45131026894967e+00   2.04579872434063e+01
  10.00000   8.19558739448423e+00   4.24376654060588e+01
  10.00000   2.12351076949423e+01   4.88355592657749e+06
  10.00000   3.41815426432811e+01   3.38688933680672e+09
  10.00000   3.75957797890475e+01   1.01881431149513e+10
  10.00000   1.07142288252653e+02   1.09980933155763e+15
STATE 16 -1 18 P
   0.00000   1.34269929174712e+00   8.72554458528618e-02
   0.00000   1.47681535097005e+00   1.77549071375748e-01
   0.00000   6.77462420344905e+00   6.38239347300279e+01
   0.00000   3.10773673010720e+01   0.00000000000000e+00
   0.00000   3.41815426432811e+01   2.24163491823372e+03
   2.00000   5.50210469501282e+01   2.62535345482931e+05
   3.00000   2.37718723260622e+00   1.85707067749616e-01
   4.00000   7.32101277333472e+01   2.11283954758906e+07
   5.00000   1.59592380678534e+01   1.57299708785147e+05
   6.00000   3.82648997733817e+00   2.39007913083232e-02
   7.00000   4.62908820941344e+00   1.38710627832351e+00
   9.00000   1.07142288252653e+02   4.02626100033539e+13
  10.00000   7.45131026894967e+00   1.60789697127920e+01
  10.00000   8.19558739448423e+00   6.81895703009252e+01
  10.00000   2.12351076949423e+01   3.69753566765877e+06
  10.00000   3.41815426432811e+01   3.00948696759201e+09
  10.00000   3.75957797890475e+01   1.09003768132290e+10
  10.00000   1.07142288252653e+02   1.11653523522919e+15
STATE 17 -2 20 P
   0.00000   1.34269929174712e+00   9.67061027496606e-02
   0.00000   1.47681535097005e+00   1.32532379830678e-01
   0.00000   6.77462420344905e+00   6.42436381121174e+01
   0.00000   3.10773673010720e+01   0.00000000000000e+00
   0.00000   3.41815426432811e+01   2.22365379111042e+03
   1.00000   4.54814155991198e+01   2.56147298735227e+03
   2.00000   1.96502695743112e+00   1.28262812862126e-01
   2.00000   5.50210469501282e+01   1.69639360567153e+05
   3.00000   2.37718723260622e+00   9.75764586102536e-02
   4.00000   7.32101277333472e+01   5.16236973242639e+07
   5.00000   1.59592380678534e+01   1.61835371521007e+05
   6.00000   3.82648997733817e+00   1.55240500226092e-01
   7.00000   4.62908820941344e+00   1.48746362863180e+00
   9.00000   1.07142288252653e+02   0.00000000000000e+00
  10.00000   7.45131026894967e+00   1.59639507157167e+01
  10.00000   8.19558739448423e+00   8.77501007437041e+01
  10.00000   2.12351076949423e+01   2.25221833045140e+06
  10.00000   3.41815426432811e+01   2.52356434366149e+09
  10.00000   3.75957797890475e+01   1.17624113444970e+10
  10.00000   1.07142288252653e+02   1.33149361309046e+15
STATE 18 -3 19 P
   0.00000   1.34269929174712e+00   1.68284820903640e-01
   0.00000   1.47681535097005e+00   4.67198111816675e-02
   0.00000   6.77462420344905e+00   6.41426271172506e+01
   0.00000   3.10773673010720e+01   6.59770139518439e+01
   0.00000   3.41815426432811e+01   2.15893122725757e+03
   1.00000   4.54814155991198e+01   2.18734002455799e+03
   2.00000   1.96502695743112e+00   9.26933135843188e-02
   2.00000   5.50210469501282e+01   1.73264206184467e+05
   3.00000   2.37718723260622e+00   2.29097004605626e-01
   4.00000   7.32101277333472e+01   4.72631269631609e+07
   5.00000   1.59592380678534e+01   1.70706234170189e+05
   6.00000   1.93066547171550e+01   0.00000000000000e+00
   7.00000   4.62908820941344e+00   2.01676139382249e+00
   9.00000   1.07142288252653e+02   0.00000000000000e+00
  10.00000   7.45131026894967e+00   1.34433111268615e+01
  10.00000   8.19558739448423e+00   1.06794184542757e+02
  10.00000   3.41815426432811e+01   1.41566017527852e+09
  10.00000   3.75957797890475e+01   1.40379842283175e+10
  10.00000   1.07142288252653e+02   1.28087721022262e+15
# orbitals: 1s2
CORE 2 4 P
   0.00000   2.56891269122471e+01   1.87109591174236e+02
   0.00000   2.82550956943302e+01   1.22570438614146e+03
   0.00000   3.41815426432811e+01   2.56289032523432e+02
   0.00000   3.75957797890475e+01   4.13756819301480e+02
# orbitals: 1s2 2s2
CORE 4 16 P
   0.00000   6.15939095828673e+00   0.00000000000000e+00
   0.00000   6.77462420344905e+00   2.59079303059472e+00
   0.00000   3.10773673010720e+01   2.25099460712147e+03
   0.00000   3.69383603855612e+02   5.33015852730897e+01
   1.00000   5.40589202415426e+02   0.00000000000000e+00
   2.00000   9.01420694029115e+00   1.47527170645689e+02
   2.00000   5.00243451035340e+01   0.00000000000000e+00
   2.00000   6.53976651672361e+02   2.32667774541757e+06
   3.00000   1.09049179043039e+01   4.54160831758674e+02
   3.00000   6.05168463719547e+01   1.54625402747837e+06
   6.00000   1.75533329862144e+01   1.45012913498369e+05
   7.00000   2.12351076949423e+01   1.95523496278138e+05
  10.00000   3.41815426432811e+01   2.47829573784710e+09
  10.00000   9.74122285893821e+01   1.04451380207616e+14
  10.00000   1.07142288252653e+02   3.99432485806993e+14
  10.00000   1.89690484885122e+02   6.43978449899341e+16
# orbitals: 1s2 2s2 2p6
CORE 10 13 P
   0.00000   6.15939095828673e+00   1.20216706269021e+01
   0.00000   6.77462420344905e+00   4.59925690057940e+01
   0.00000   3.41815426432811e+01   2.23300391451079e+03
   1.00000   4.54814155991198e+01   0.00000000000000e+00
   2.00000   5.50210469501282e+01   2.77105756158860e+05
   3.00000   1.09049179043039e+01   2.63843243977657e+03
   4.00000   7.32101277333472e+01   2.35862178984348e+07
   5.00000   1.59592380678534e+01   0.00000000000000e+00
   6.00000   1.93066547171550e+01   5.23346108435478e+05
   9.00000   1.07142288252653e+02   0.00000000000000e+00
  10.00000   3.41815426432811e+01   3.10480391092572e+09
  10.00000   3.75957797890475e+01   2.92149750537929e+09
  10.00000   1.07142288252653e+02   1.97266263566274e+15
# orbitals: 1s2 2s2 2p6 3s2
CORE 12 17 P
   0.00000   1.78657426757767e+00   1.04731075782582e-01
   0.00000   6.15939095828673e+00   4.23912288833883e+01
   0.00000   6.77462420344905e+00   1.39418763781726e+01
   0.00000   3.10773673010720e+01   2.93719514019207e+02
   0.00000   3.41815426432811e+01   1.95137299610063e+03
   2.00000   5.50210469501282e+01   2.23526594763591e+05
   4.00000   7.32101277333472e+01   2.87389908426615e+07
   5.00000   1.59592380678534e+01   1.48724730944863e+05
   6.00000   3.82648997733817e+00   4.36026992237146e-02
   6.00000   4.20870046897315e+00   6.35523198700458e-01
   6.00000   1.93066547171550e+01   1.78726603358252e+04
  10.00000   7.45131026894967e+00   7.20727395445951e+00
  10.00000   8.19558739448423e+00   5.80125557892539e+01
  10.00000   3.41815426432811e+01   1.82127448038294e+09
  10.00000   3.75957797890475e+01   1.17244115304216e+10
  10.00000   1.07142288252653e+02   1.25919660992393e+15
  10.00000   1.17844238841957e+02   1.10584288121995e+14
