# Free-atom, free-ion and frozen-core density fits -- Ho (Z = 67)
#
#   rho(r) = sum_i c_i r^n_i exp(-alpha_i r)      r in bohr, rho in e/bohr^3
#
# All-electron B86BPBE densities (scalar-relativistic, spin-restricted),
# fitted with rhofit.py (monotone decay imposed).  Two kinds of block:
#
#   STATE <N> <q> <nterm> <symbol>
#     the atom or ion with N electrons (charge q), in order of increasing N;
#   CORE <N_core> <nterm> <symbol>
#     the frozen core of the neutral atom with N_core electrons, for a
#     pseudopotential with Z - N_core valence electrons, in order of
#     increasing N_core, each preceded by a '# orbitals:' comment.
#
# Each block header is followed by nterm lines:   n   alpha   c
#
# Generated 2026-09-23 by combine_fits.py from
#   /home/alberto/doc/manuals/critic2/atomic_density_fits/15_rhofit/rho_b86bpbe_mono/fit_067_Ho.dat
#     recipe: --npow 0,1,2,3,4,5,6,7,8,9,10 --amin 0.2 --ratio 1.1 --mom 3 --cusp none --targetz 1e-3 --besteffort --monotone --stats
#   /home/alberto/doc/manuals/critic2/atomic_density_fits/15_rhofit/core_b86bpbe_mono/core_067_Ho.dat
#     recipe: --npow 0,1,2,3,4,5,6,7,8,9,10 --amin 0.2 --ratio 1.1 --mom 3 --cusp none --besteffort --monotone --stats --target 1e-3*N_core
#
STATE 64 +3 30 Ho
   0.00000   3.14221987082163e+00   0.00000000000000e+00
   0.00000   3.45529453511262e+00   2.83098354830536e+01
   0.00000   5.55555672371871e+00   1.79604232984181e+00
   0.00000   1.90966909530868e+01   2.81805460436169e+03
   0.00000   4.93677285829314e+01   1.59044082128797e+04
   0.00000   1.69696810362699e+02   6.52744195929217e+04
   0.00000   1.86604529783894e+02   2.70570925909614e+05
   0.00000   7.75621288653080e+02   1.53050558155461e+05
   0.00000   8.52900213917631e+02   4.75075092056401e+04
   0.00000   3.22386805994775e+03   2.54808226596115e+05
   0.00000   3.54507773084283e+03   0.00000000000000e+00
   0.00000   1.34000000000000e+04   3.19442882459322e+05
   7.00000   5.30463749125999e+02   5.98031840181528e+18
   9.00000   6.10908388850397e+00   0.00000000000000e+00
   9.00000   1.90966909530868e+01   0.00000000000000e+00
   9.00000   5.42864757388613e+01   3.57455350063097e+12
   9.00000   1.54321052552281e+02   6.35573685776581e+17
   9.00000   5.83316435126212e+02   2.06005619696781e+22
  10.00000   6.71776165968069e+00   7.69408705090556e+00
  10.00000   8.93243982439551e+00   5.01513487706747e+02
  10.00000   9.82242229356973e+00   2.84178202109409e+03
  10.00000   1.90966909530868e+01   2.49593582230002e+07
  10.00000   2.53923927976382e+01   3.69861795162588e+09
  10.00000   5.96953016218958e+01   9.44248669102291e+13
  10.00000   7.21833703518047e+01   4.94386702288928e+14
  10.00000   1.69696810362699e+02   0.00000000000000e+00
  10.00000   2.25641608581379e+02   2.04509788120317e+20
  10.00000   2.48123380628166e+02   5.43979773349725e+20
  10.00000   2.66612344768362e+03   3.85488775174368e+31
  10.00000   2.93176230736139e+03   0.00000000000000e+00
STATE 65 +2 32 Ho
   0.00000   2.85751203443051e+00   9.55040641534495e+00
   0.00000   3.14221987082163e+00   9.04456084047842e+00
   0.00000   6.10908388850397e+00   1.92722858573287e+01
   0.00000   1.90966909530868e+01   2.79785933598799e+03
   0.00000   4.93677285829314e+01   1.59128954618215e+04
   0.00000   1.69696810362699e+02   6.57623357441157e+04
   0.00000   1.86604529783894e+02   2.70016033072837e+05
   0.00000   7.75621288653080e+02   1.53825072260383e+05
   0.00000   8.52900213917631e+02   4.67332354057701e+04
   0.00000   3.22386805994775e+03   2.54975490930889e+05
   0.00000   3.54507773084283e+03   0.00000000000000e+00
   0.00000   1.34000000000000e+04   3.18310256499628e+05
   7.00000   5.30463749125999e+02   5.92103469291605e+18
   9.00000   6.10908388850397e+00   2.33071222856766e+00
   9.00000   1.90966909530868e+01   0.00000000000000e+00
   9.00000   5.42864757388613e+01   3.49493380840550e+12
   9.00000   1.54321052552281e+02   6.36385799696361e+17
   9.00000   5.83316435126212e+02   2.07487686205120e+22
  10.00000   6.87480729754988e-01   0.00000000000000e+00
  10.00000   7.55977782005597e-01   0.00000000000000e+00
  10.00000   1.21549043276169e+00   2.97118135094562e-13
  10.00000   8.93243982439551e+00   4.80307670432418e+02
  10.00000   9.82242229356973e+00   1.53022594628440e+03
  10.00000   1.90966909530868e+01   2.81006115818341e+07
  10.00000   2.53923927976382e+01   3.67166408778697e+09
  10.00000   5.96953016218958e+01   9.50130891540058e+13
  10.00000   7.21833703518047e+01   4.88641663581568e+14
  10.00000   1.69696810362699e+02   0.00000000000000e+00
  10.00000   2.25641608581379e+02   2.03619634854787e+20
  10.00000   2.48123380628166e+02   5.46903047010235e+20
  10.00000   2.66612344768362e+03   3.86747861593871e+31
  10.00000   2.93176230736139e+03   0.00000000000000e+00
STATE 66 +1 32 Ho
   0.00000   1.21549043276169e+00   5.73565438486603e-02
   0.00000   1.33659566244961e+00   5.76703938106779e-02
   0.00000   2.85751203443051e+00   1.44264401137321e+01
   0.00000   3.14221987082163e+00   0.00000000000000e+00
   0.00000   5.05218312168478e+00   2.03081851702798e+01
   0.00000   1.90966909530868e+01   2.80539410553840e+03
   0.00000   4.93677285829314e+01   1.59111711212242e+04
   0.00000   1.69696810362699e+02   6.51831114568401e+04
   0.00000   1.86604529783894e+02   2.70677568340007e+05
   0.00000   7.75621288653080e+02   1.52858000508919e+05
   0.00000   8.52900213917631e+02   4.76941204596078e+04
   0.00000   3.22386805994775e+03   2.54772698874054e+05
   0.00000   3.54507773084283e+03   0.00000000000000e+00
   0.00000   1.34000000000000e+04   3.19671523058240e+05
   7.00000   5.30463749125999e+02   5.99792524405983e+18
   9.00000   1.90966909530868e+01   0.00000000000000e+00
   9.00000   5.42864757388613e+01   3.45508429896644e+12
   9.00000   1.54321052552281e+02   6.35818104881816e+17
   9.00000   5.83316435126212e+02   2.05754430078633e+22
  10.00000   3.14221987082163e+00   1.17757997652944e-04
  10.00000   3.45529453511262e+00   3.05132699017567e-04
  10.00000   8.93243982439551e+00   3.44196479824740e+02
  10.00000   9.82242229356973e+00   1.89661479698378e+03
  10.00000   1.90966909530868e+01   2.74622761957140e+07
  10.00000   2.53923927976382e+01   3.66187072996551e+09
  10.00000   5.96953016218958e+01   9.57171765785723e+13
  10.00000   7.21833703518047e+01   4.89383984209677e+14
  10.00000   1.69696810362699e+02   0.00000000000000e+00
  10.00000   2.25641608581379e+02   2.04562955637005e+20
  10.00000   2.48123380628166e+02   5.43367996273024e+20
  10.00000   2.66612344768362e+03   3.85053455052692e+31
  10.00000   2.93176230736139e+03   0.00000000000000e+00
STATE 67 +0 33 Ho
   0.00000   1.00520476736681e+00   5.02588952740106e-02
   0.00000   1.10535821239126e+00   5.41034448620291e-02
   0.00000   2.85751203443051e+00   8.46292951165720e+00
   0.00000   3.14221987082163e+00   1.04749192113013e+01
   0.00000   5.05218312168478e+00   0.00000000000000e+00
   0.00000   1.90966909530868e+01   2.83384533693159e+03
   0.00000   4.93677285829314e+01   1.56881023385907e+04
   0.00000   1.69696810362699e+02   8.09829299709958e+04
   0.00000   1.86604529783894e+02   2.53337630014768e+05
   0.00000   7.75621288653080e+02   1.76782099013089e+05
   0.00000   8.52900213917631e+02   2.42850183111462e+04
   0.00000   3.22386805994775e+03   2.59662784575357e+05
   0.00000   3.54507773084283e+03   0.00000000000000e+00
   0.00000   1.34000000000000e+04   2.88963117181472e+05
   7.00000   5.30463749125999e+02   4.03957365422441e+18
   8.00000   2.14903040651298e+00   1.80359843851816e-05
   9.00000   1.90966909530868e+01   9.05953471419397e+06
   9.00000   5.42864757388613e+01   6.96771393863192e+12
   9.00000   1.54321052552281e+02   6.49244841352768e+17
   9.00000   5.83316435126212e+02   2.54193764059869e+22
  10.00000   3.14221987082163e+00   3.13128621113837e-04
  10.00000   8.93243982439551e+00   1.75916655904891e+02
  10.00000   9.82242229356973e+00   2.24268617263200e+03
  10.00000   1.90966909530868e+01   2.28350246185508e+07
  10.00000   2.53923927976382e+01   3.07197987796793e+09
  10.00000   2.79223605202938e+01   2.00145306450162e+09
  10.00000   5.96953016218958e+01   4.96266356505712e+13
  10.00000   7.21833703518047e+01   4.92949772300553e+14
  10.00000   1.69696810362699e+02   0.00000000000000e+00
  10.00000   2.25641608581379e+02   1.81438781686177e+20
  10.00000   2.48123380628166e+02   6.30788522212984e+20
  10.00000   2.66612344768362e+03   4.28995558990379e+31
  10.00000   2.93176230736139e+03   0.00000000000000e+00
STATE 68 -1 34 Ho
   0.00000   1.00520476736681e+00   1.10930765713598e-01
   0.00000   3.14221987082163e+00   2.29844764446025e+01
   0.00000   5.05218312168478e+00   0.00000000000000e+00
   0.00000   1.90966909530868e+01   0.00000000000000e+00
   0.00000   2.09993872490158e+01   3.43923360753933e+03
   0.00000   4.93677285829314e+01   1.46955579793885e+04
   0.00000   1.69696810362699e+02   8.18461644097759e+04
   0.00000   1.86604529783894e+02   2.53300112024255e+05
   0.00000   7.75621288653080e+02   1.31035260860846e+05
   0.00000   8.52900213917631e+02   7.73673578589073e+04
   0.00000   3.54507773084283e+03   2.83249799567762e+05
   0.00000   3.89829108512631e+03   0.00000000000000e+00
   0.00000   1.34000000000000e+04   1.80597972231269e+05
   7.00000   5.30463749125999e+02   4.06412319791617e+18
   9.00000   2.36314876892225e+00   0.00000000000000e+00
   9.00000   1.90966909530868e+01   2.55332446120105e+07
   9.00000   5.42864757388613e+01   1.01275186360288e+13
   9.00000   1.54321052552281e+02   6.26467216745838e+17
   9.00000   5.83316435126212e+02   2.89134679433282e+22
   9.00000   2.66612344768362e+03   0.00000000000000e+00
  10.00000   1.21549043276169e+00   7.54077680889229e-11
  10.00000   1.33659566244961e+00   5.01477234545693e-09
  10.00000   2.59860078625882e+00   3.10732898960853e-05
  10.00000   3.45529453511262e+00   1.39628542138616e-04
  10.00000   8.93243982439551e+00   5.11195986673900e+02
  10.00000   9.82242229356973e+00   1.03729953409464e+03
  10.00000   1.90966909530868e+01   1.12413728124378e+05
  10.00000   2.53923927976382e+01   2.44945545495514e+09
  10.00000   2.79223605202938e+01   2.80329981649712e+09
  10.00000   5.96953016218958e+01   1.25842255256579e+13
  10.00000   7.21833703518047e+01   5.34851848748839e+14
  10.00000   2.25641608581379e+02   1.89228115463661e+20
  10.00000   2.48123380628166e+02   5.74472064668058e+20
  10.00000   2.66612344768362e+03   4.93151622789031e+31
# orbitals: 1s2
CORE 2 7 Ho
   0.00000   1.27622771475183e+02   4.93791694530840e+04
   0.00000   1.40338449555670e+02   1.12332810028388e+05
   0.00000   1.86604529783894e+02   7.86759387441926e+04
   0.00000   3.00030008898645e+02   7.12864339548925e+04
   0.00000   3.29923459444678e+02   0.00000000000000e+00
   0.00000   6.41435091557090e+02   0.00000000000000e+00
   0.00000   7.05344392691128e+02   1.51795171945477e+05
# orbitals: 1s2 2s2
CORE 4 17 Ho
   0.00000   4.08268751345759e+01   3.48325528434545e+02
   0.00000   4.48946554784974e+01   1.50947500050130e+03
   0.00000   1.54321052552281e+02   1.19790531855610e+05
   0.00000   1.69696810362699e+02   1.93145361010658e+05
   0.00000   5.83316435126212e+02   7.03191752952143e+04
   0.00000   6.41435091557090e+02   1.15105822744463e+05
   0.00000   2.20487132417063e+03   0.00000000000000e+00
   0.00000   2.42455338907943e+03   2.16951371748656e+05
   0.00000   8.33416866627127e+03   0.00000000000000e+00
   0.00000   9.16454246715209e+03   3.16632625711917e+05
   4.00000   7.21833703518047e+01   1.14291890763203e+09
   5.00000   8.72839036537282e+01   3.36472156434072e+09
   7.00000   1.16059225754419e+02   3.49772975248887e+13
   8.00000   4.82399898566078e+02   4.58158208481368e+19
  10.00000   1.86604529783894e+02   8.69428343056685e+18
  10.00000   5.30463749125999e+02   8.21944975242931e+23
  10.00000   2.00509404249323e+03   1.57726034101446e+30
# orbitals: 1s2 2s2 2p6
CORE 10 16 Ho
   0.00000   4.48946554784974e+01   1.48085575296163e+04
   0.00000   1.69696810362699e+02   1.10493454137036e+05
   0.00000   1.86604529783894e+02   2.19430954425694e+05
   0.00000   8.52900213917631e+02   2.13370891430544e+05
   0.00000   9.37878814755058e+02   0.00000000000000e+00
   0.00000   3.89829108512631e+03   2.90478669305112e+05
   0.00000   4.28669680559086e+03   0.00000000000000e+00
   3.00000   6.56430351616681e+01   9.85533974135623e+07
   4.00000   7.93753509799377e+01   4.45507439113468e+09
   6.00000   4.82399898566078e+02   6.50634648481793e+16
   8.00000   1.40338449555670e+02   2.29672910313318e+15
  10.00000   1.86604529783894e+02   5.24594944771182e+18
  10.00000   2.05196847609825e+02   3.34658134500091e+19
  10.00000   5.83316435126212e+02   3.90036942352689e+24
  10.00000   2.93176230736139e+03   1.90537900193614e+32
  10.00000   3.22386805994775e+03   0.00000000000000e+00
# orbitals: 1s2 2s2 2p6 3s2
CORE 12 18 Ho
   0.00000   3.71276650970759e+01   6.64782134150288e+03
   0.00000   4.08268751345759e+01   8.11470233743449e+03
   0.00000   1.86604529783894e+02   3.50542092682407e+05
   0.00000   9.37878814755058e+02   2.21358466068974e+05
   0.00000   4.28669680559086e+03   2.57326459944502e+05
   0.00000   4.71380127902056e+03   5.24293659789619e+04
   6.00000   4.82399898566078e+02   1.43274373208642e+17
   7.00000   1.27622771475183e+02   0.00000000000000e+00
   8.00000   1.27622771475183e+02   6.11508293062184e+15
   9.00000   4.08268751345759e+01   1.75286838332050e+10
  10.00000   4.08268751345759e+01   1.99175446319107e+09
  10.00000   5.42864757388613e+01   3.57741710330331e+12
  10.00000   5.96953016218958e+01   1.55787318439525e+13
  10.00000   2.05196847609825e+02   8.44114249230273e+19
  10.00000   2.25641608581379e+02   1.02729484909308e+20
  10.00000   5.83316435126212e+02   2.97548291999743e+24
  10.00000   2.93176230736139e+03   0.00000000000000e+00
  10.00000   3.22386805994775e+03   3.80339682884121e+32
# orbitals: 1s2 2s2 2p6 3s2 3p6
CORE 18 19 Ho
   0.00000   1.73663926967584e+01   1.54520455282419e+02
   0.00000   1.90966909530868e+01   3.24679438061045e+02
   0.00000   4.48946554784974e+01   1.89432573974879e+04
   0.00000   1.86604529783894e+02   3.41994780194199e+05
   0.00000   2.05196847609825e+02   0.00000000000000e+00
   0.00000   9.37878814755058e+02   2.26744083321343e+05
   0.00000   1.03132424733018e+03   0.00000000000000e+00
   0.00000   4.71380127902056e+03   3.73330785803334e+05
   0.00000   5.18346025058641e+03   0.00000000000000e+00
   6.00000   5.30463749125999e+02   0.00000000000000e+00
   7.00000   3.71276650970759e+01   1.25283643130928e+09
   8.00000   4.08268751345759e+01   2.41408813775997e+10
   8.00000   1.40338449555670e+02   9.82061960108310e+15
   9.00000   6.41435091557090e+02   2.89267089949438e+23
  10.00000   5.96953016218958e+01   5.94288509160293e+13
  10.00000   6.56430351616681e+01   4.15640777004261e+13
  10.00000   1.54321052552281e+02   4.61370936125816e+18
  10.00000   2.25641608581379e+02   4.15420388542916e+20
  10.00000   3.54507773084283e+03   1.96717536648874e+33
# orbitals: 1s2 2s2 2p6 3s2 3p6 3d10
CORE 28 20 Ho
   0.00000   1.73663926967584e+01   3.76762128833029e+02
   0.00000   1.90966909530868e+01   2.06018017534226e+03
   0.00000   4.48946554784974e+01   1.49320799024931e+04
   0.00000   1.86604529783894e+02   3.46193074174504e+05
   0.00000   9.37878814755058e+02   2.23630897388452e+05
   0.00000   4.28669680559086e+03   3.04355739782994e+05
   0.00000   4.71380127902056e+03   0.00000000000000e+00
   7.00000   3.71276650970759e+01   3.68440416409434e+09
   7.00000   4.08268751345759e+01   9.33509083604283e+09
   7.00000   1.40338449555670e+02   0.00000000000000e+00
   7.00000   5.30463749125999e+02   1.16863776049127e+19
   8.00000   4.08268751345759e+01   1.69259013416328e+09
   9.00000   1.54321052552281e+02   5.55007872625624e+17
  10.00000   5.96953016218958e+01   3.58735702922935e+13
  10.00000   6.56430351616681e+01   1.87444624896697e+14
  10.00000   2.25641608581379e+02   2.01645062036260e+20
  10.00000   2.48123380628166e+02   2.18943209945799e+20
  10.00000   6.41435091557090e+02   9.31988151154715e+24
  10.00000   3.22386805994775e+03   1.78583781910121e+32
  10.00000   3.54507773084283e+03   7.59593773066585e+32
# orbitals: 1s2 2s2 2p6 3s2 3p6 3d10 4s2
CORE 30 24 Ho
   0.00000   1.43619235990878e+01   7.94734157872956e+02
   0.00000   1.57928719713231e+01   9.30105965992196e+02
   0.00000   4.48946554784974e+01   0.00000000000000e+00
   0.00000   4.93677285829314e+01   1.82237287490187e+04
   0.00000   1.86604529783894e+02   3.42516377534209e+05
   0.00000   8.52900213917631e+02   5.99439797454839e+04
   0.00000   9.37878814755058e+02   1.66880872328392e+05
   0.00000   3.89829108512631e+03   2.23852951994462e+05
   0.00000   1.34000000000000e+04   4.47253683704075e+05
   8.00000   5.83316435126212e+02   1.80763988482881e+21
   9.00000   4.93677285829314e+01   1.54177734873763e+12
   9.00000   1.54321052552281e+02   3.76708365320975e+17
  10.00000   1.43619235990878e+01   0.00000000000000e+00
  10.00000   1.57928719713231e+01   3.05525027057543e+04
  10.00000   2.30916584405868e+01   8.75565524801278e+07
  10.00000   2.53923927976382e+01   1.44726920065785e+08
  10.00000   5.42864757388613e+01   5.42083537258959e+12
  10.00000   6.56430351616681e+01   2.46843410574996e+14
  10.00000   1.54321052552281e+02   3.67140296042425e+18
  10.00000   2.25641608581379e+02   4.21926460033327e+20
  10.00000   2.48123380628166e+02   5.01407478046808e+19
  10.00000   6.41435091557090e+02   0.00000000000000e+00
  10.00000   2.93176230736139e+03   1.17456486056469e+32
  10.00000   3.22386805994775e+03   1.65255749145302e+32
# orbitals: 1s2 2s2 2p6 3s2 3p6 3d10 4s2 4p6
CORE 36 24 Ho
   0.00000   8.12309620089136e+00   1.03213239584073e+01
   0.00000   1.57928719713231e+01   1.69566237373251e+03
   0.00000   4.93677285829314e+01   1.88886560783815e+04
   0.00000   1.86604529783894e+02   3.40267929387217e+05
   0.00000   8.52900213917631e+02   2.06065463415513e+05
   0.00000   9.37878814755058e+02   0.00000000000000e+00
   0.00000   3.22386805994775e+03   2.16656252627503e+05
   0.00000   3.54507773084283e+03   0.00000000000000e+00
   0.00000   1.21858631271899e+04   4.01754841502959e+05
   0.00000   1.34000000000000e+04   0.00000000000000e+00
   7.00000   5.30463749125999e+02   1.17260748970670e+19
   9.00000   1.73663926967584e+01   2.52171542626194e+06
   9.00000   5.42864757388613e+01   1.00694630339848e+13
   9.00000   1.54321052552281e+02   4.28226862007458e+17
  10.00000   1.73663926967584e+01   0.00000000000000e+00
  10.00000   2.30916584405868e+01   1.03595207899943e+08
  10.00000   2.53923927976382e+01   1.45612508340937e+09
  10.00000   6.56430351616681e+01   0.00000000000000e+00
  10.00000   7.21833703518047e+01   3.51631084567337e+14
  10.00000   1.54321052552281e+02   3.25726680463049e+18
  10.00000   2.25641608581379e+02   3.92467905098908e+20
  10.00000   2.48123380628166e+02   1.90704901854590e+20
  10.00000   6.41435091557090e+02   2.02821668892386e+23
  10.00000   2.93176230736139e+03   1.30252879074996e+32
# orbitals: 1s2 2s2 2p6 3s2 3p6 3d10 4s2 4p6 4d10
CORE 46 25 Ho
   0.00000   6.10908388850397e+00   2.21386137605154e+01
   0.00000   6.71776165968069e+00   0.00000000000000e+00
   0.00000   1.90966909530868e+01   2.86780428806791e+03
   0.00000   4.93677285829314e+01   1.63793763480546e+04
   0.00000   1.86604529783894e+02   3.42959026646777e+05
   0.00000   8.52900213917631e+02   2.03752022970732e+05
   0.00000   3.22386805994775e+03   1.60652743829983e+05
   0.00000   3.54507773084283e+03   6.93979046709393e+04
   0.00000   1.21858631271899e+04   3.60264118900632e+05
   6.00000   1.30606294941525e+01   8.01738204691563e+04
   6.00000   4.82399898566078e+02   7.65640363350956e+16
   7.00000   1.43619235990878e+01   0.00000000000000e+00
   7.00000   5.30463749125999e+02   0.00000000000000e+00
   8.00000   1.73663926967584e+01   4.05010254107482e+06
   9.00000   5.42864757388613e+01   6.92274382861775e+12
   9.00000   1.54321052552281e+02   6.17346943580800e+17
   9.00000   5.83316435126212e+02   4.76477638682082e+22
  10.00000   2.30916584405868e+01   3.37400762692159e+06
  10.00000   2.53923927976382e+01   2.59178640003433e+09
  10.00000   5.96953016218958e+01   5.04401412264518e+13
  10.00000   7.21833703518047e+01   4.54664565514359e+14
  10.00000   2.25641608581379e+02   2.11463631111514e+20
  10.00000   2.48123380628166e+02   4.15926244877179e+20
  10.00000   2.66612344768362e+03   0.00000000000000e+00
  10.00000   2.93176230736139e+03   9.11473161317082e+31
# orbitals: 1s2 2s2 2p6 3s2 3p6 3d10 4s2 4p6 4d10 5s2
CORE 48 28 Ho
   0.00000   3.79956235247705e+00   2.64168504268134e+00
   0.00000   4.17813124862607e+00   1.79756156402172e+01
   0.00000   1.90966909530868e+01   0.00000000000000e+00
   0.00000   2.09993872490158e+01   3.47870197302792e+03
   0.00000   4.93677285829314e+01   1.53519551686132e+04
   0.00000   1.86604529783894e+02   3.44085723621333e+05
   0.00000   8.52900213917631e+02   2.04117962132484e+05
   0.00000   9.37878814755058e+02   0.00000000000000e+00
   0.00000   3.22386805994775e+03   6.31112606637381e+04
   0.00000   3.54507773084283e+03   1.84578110752773e+05
   0.00000   1.21858631271899e+04   2.96642044258796e+05
   6.00000   4.82399898566078e+02   0.00000000000000e+00
   8.00000   1.73663926967584e+01   1.60436627217747e+06
   9.00000   5.42864757388613e+01   9.29200744834794e+12
   9.00000   1.54321052552281e+02   5.99580185616822e+17
   9.00000   5.83316435126212e+02   1.17673448651882e+23
  10.00000   4.17813124862607e+00   2.22592435676545e-05
  10.00000   8.93243982439551e+00   1.41390132666479e+02
  10.00000   1.90966909530868e+01   1.78522600491712e+07
  10.00000   2.53923927976382e+01   2.88415684850413e+09
  10.00000   5.96953016218958e+01   2.39287507495298e+13
  10.00000   7.21833703518047e+01   5.16609263094619e+14
  10.00000   1.69696810362699e+02   0.00000000000000e+00
  10.00000   2.25641608581379e+02   2.15144216149251e+20
  10.00000   2.48123380628166e+02   3.84903450936086e+20
  10.00000   9.37878814755058e+02   5.48578840250068e+26
  10.00000   2.66612344768362e+03   2.04178779124163e+31
  10.00000   2.93176230736139e+03   2.60769430241488e+31
# orbitals: 1s2 2s2 2p6 3s2 3p6 3d10 4s2 4p6 4d10 5s2 5p6
CORE 54 30 Ho
   0.00000   2.85751203443051e+00   7.41724988356608e+00
   0.00000   3.14221987082163e+00   1.07461719943971e+00
   0.00000   1.90966909530868e+01   0.00000000000000e+00
   0.00000   2.09993872490158e+01   3.52271951766968e+03
   0.00000   4.93677285829314e+01   1.46029509876431e+04
   0.00000   1.69696810362699e+02   7.94658402952965e+04
   0.00000   1.86604529783894e+02   2.56013978220600e+05
   0.00000   7.75621288653080e+02   1.26458568351043e+05
   0.00000   8.52900213917631e+02   8.18451711006539e+04
   0.00000   3.54507773084283e+03   2.82058873037120e+05
   0.00000   3.89829108512631e+03   0.00000000000000e+00
   0.00000   1.34000000000000e+04   1.87647432432959e+05
   7.00000   5.30463749125999e+02   4.43164962498123e+18
   9.00000   6.10908388850397e+00   0.00000000000000e+00
   9.00000   1.90966909530868e+01   1.99872452032740e+07
   9.00000   5.42864757388613e+01   1.06076891906032e+13
   9.00000   1.54321052552281e+02   6.19927223793754e+17
   9.00000   5.83316435126212e+02   2.84132481776943e+22
   9.00000   2.66612344768362e+03   0.00000000000000e+00
  10.00000   6.71776165968069e+00   7.29760087436174e+00
  10.00000   8.93243982439551e+00   4.60765034415203e+02
  10.00000   9.82242229356973e+00   2.33184043036707e+03
  10.00000   2.53923927976382e+01   2.50750148574193e+09
  10.00000   2.79223605202938e+01   1.85371568386164e+09
  10.00000   5.96953016218958e+01   8.32856159091095e+12
  10.00000   7.21833703518047e+01   5.41139345864948e+14
  10.00000   1.69696810362699e+02   0.00000000000000e+00
  10.00000   2.25641608581379e+02   1.94406447550297e+20
  10.00000   2.48123380628166e+02   5.49971669790632e+20
  10.00000   2.66612344768362e+03   4.83997221185471e+31
# orbitals: 1s2 2s2 2p6 3s2 3p6 3d10 4s2 4p6 4d10 4f10
CORE 56 28 Ho
   0.00000   1.46976719579771e+00   2.34632850204130e-03
   0.00000   2.14903040651298e+00   0.00000000000000e+00
   0.00000   2.36314876892225e+00   1.11541047950446e+00
   0.00000   4.59441880704103e+00   3.95405357725099e+01
   0.00000   1.90966909530868e+01   2.79275980273646e+03
   0.00000   4.93677285829314e+01   1.64805849050862e+04
   0.00000   1.86604529783894e+02   3.43158626618942e+05
   0.00000   8.52900213917631e+02   9.14760059971686e+04
   0.00000   9.37878814755058e+02   1.31635954605707e+05
   0.00000   3.54507773084283e+03   0.00000000000000e+00
   0.00000   3.89829108512631e+03   2.36007627233714e+05
   0.00000   1.34000000000000e+04   4.09916817158938e+05
   6.00000   4.82399898566078e+02   7.20054704144857e+16
   8.00000   1.57928719713231e+01   9.67005511813384e+05
   9.00000   1.73663926967584e+01   5.03886935365814e+06
   9.00000   5.42864757388613e+01   4.94491794280545e+12
   9.00000   1.54321052552281e+02   6.19209856265940e+17
   9.00000   5.83316435126212e+02   4.98586246749716e+22
  10.00000   3.14221987082163e+00   1.15547307035017e-05
  10.00000   7.38708496067602e+00   0.00000000000000e+00
  10.00000   2.30916584405868e+01   1.16104228789671e+08
  10.00000   2.53923927976382e+01   2.90974440336885e+09
  10.00000   5.96953016218958e+01   7.40906124024977e+13
  10.00000   7.21833703518047e+01   4.48641273562291e+14
  10.00000   1.69696810362699e+02   0.00000000000000e+00
  10.00000   2.25641608581379e+02   2.13221525458551e+20
  10.00000   2.48123380628166e+02   4.17698013127866e+20
  10.00000   2.93176230736139e+03   1.57228123058446e+32
# orbitals: 1s2 2s2 2p6 3s2 3p6 3d10 4s2 4p6 4d10 4f11
CORE 57 30 Ho
   0.00000   2.14903040651298e+00   2.68718052152321e-01
   0.00000   2.36314876892225e+00   7.73190935089520e-01
   0.00000   4.17813124862607e+00   1.22652195860412e+00
   0.00000   4.59441880704103e+00   4.42303436335675e+01
   0.00000   2.09993872490158e+01   2.98147557462986e+03
   0.00000   4.48946554784974e+01   1.39017144208165e+04
   0.00000   1.69696810362699e+02   7.64018358346329e+04
   0.00000   1.86604529783894e+02   2.61362327014741e+05
   0.00000   7.75621288653080e+02   1.41563907635719e+05
   0.00000   8.52900213917631e+02   5.94048261003972e+04
   0.00000   3.22386805994775e+03   2.49925761070157e+05
   0.00000   1.21858631271899e+04   0.00000000000000e+00
   0.00000   1.34000000000000e+04   3.49566951420163e+05
   6.00000   4.82399898566078e+02   0.00000000000000e+00
   7.00000   5.30463749125999e+02   6.83125904168504e+18
   8.00000   1.73663926967584e+01   1.05250119285512e+06
   9.00000   1.73663926967584e+01   8.28141733313223e+06
   9.00000   5.42864757388613e+01   1.07308688481639e+13
   9.00000   1.54321052552281e+02   5.08982966191034e+17
   9.00000   5.83316435126212e+02   2.57173723144280e+22
  10.00000   2.85751203443051e+00   0.00000000000000e+00
  10.00000   3.14221987082163e+00   1.19949371704113e-05
  10.00000   6.71776165968069e+00   0.00000000000000e+00
  10.00000   2.53923927976382e+01   3.11768987554535e+09
  10.00000   5.96953016218958e+01   0.00000000000000e+00
  10.00000   7.21833703518047e+01   5.59739595457047e+14
  10.00000   1.54321052552281e+02   7.17416472448193e+17
  10.00000   2.25641608581379e+02   2.61639374557329e+20
  10.00000   2.48123380628166e+02   2.85324287723969e+20
  10.00000   2.66612344768362e+03   3.64011201415700e+31
# orbitals: 1s2 2s2 2p6 3s2 3p6 3d10 4s2 4p6 4d10 4f10 5s2
CORE 58 29 Ho
   0.00000   1.61620725738703e+00   8.13266831435598e-02
   0.00000   1.77723785528685e+00   0.00000000000000e+00
   0.00000   2.85751203443051e+00   0.00000000000000e+00
   0.00000   3.14221987082163e+00   4.10526689516440e+00
   0.00000   3.79956235247705e+00   1.33610171083661e+01
   0.00000   4.17813124862607e+00   1.85613695627595e+01
   0.00000   1.90966909530868e+01   1.42270860544291e+03
   0.00000   2.09993872490158e+01   1.67045124804353e+03
   0.00000   4.93677285829314e+01   1.60054227014251e+04
   0.00000   1.86604529783894e+02   3.43506397087616e+05
   0.00000   8.52900213917631e+02   2.03713957722271e+05
   0.00000   3.22386805994775e+03   1.65443720466597e+05
   0.00000   3.54507773084283e+03   6.44288045190039e+04
   0.00000   1.21858631271899e+04   3.62110959278372e+05
   0.00000   1.34000000000000e+04   0.00000000000000e+00
   6.00000   4.82399898566078e+02   7.82757401502913e+16
   7.00000   5.30463749125999e+02   0.00000000000000e+00
   9.00000   5.42864757388613e+01   6.15239417851622e+12
   9.00000   1.54321052552281e+02   6.11189640851905e+17
   9.00000   5.83316435126212e+02   4.69290697013710e+22
  10.00000   1.90966909530868e+01   3.35900644056680e+07
  10.00000   2.53923927976382e+01   3.28564103870661e+09
  10.00000   5.96953016218958e+01   6.11380642555910e+13
  10.00000   7.21833703518047e+01   4.86755254322465e+14
  10.00000   1.69696810362699e+02   0.00000000000000e+00
  10.00000   2.25641608581379e+02   2.18653443347905e+20
  10.00000   2.48123380628166e+02   3.91594554757896e+20
  10.00000   2.66612344768362e+03   0.00000000000000e+00
  10.00000   2.93176230736139e+03   9.04621985294744e+31
# orbitals: 1s2 2s2 2p6 3s2 3p6 3d10 4s2 4p6 4d10 4f11 5s2
CORE 59 30 Ho
   0.00000   1.61620725738703e+00   8.91529632209425e-02
   0.00000   1.77723785528685e+00   0.00000000000000e+00
   0.00000   2.85751203443051e+00   0.00000000000000e+00
   0.00000   3.14221987082163e+00   4.93289962573711e+00
   0.00000   3.79956235247705e+00   9.67427853518123e+00
   0.00000   4.17813124862607e+00   2.44186197592218e+01
   0.00000   1.90966909530868e+01   1.09840150865917e+03
   0.00000   2.09993872490158e+01   2.05296231221544e+03
   0.00000   4.93677285829314e+01   1.59093665587750e+04
   0.00000   1.86604529783894e+02   3.43571429429597e+05
   0.00000   8.52900213917631e+02   2.03647596556713e+05
   0.00000   3.22386805994775e+03   1.65232323521256e+05
   0.00000   3.54507773084283e+03   6.48425525852006e+04
   0.00000   1.21858631271899e+04   3.58160010382604e+05
   0.00000   1.34000000000000e+04   3.89045792169734e+03
   6.00000   4.82399898566078e+02   7.86770719773045e+16
   7.00000   5.30463749125999e+02   0.00000000000000e+00
   8.00000   1.73663926967584e+01   0.00000000000000e+00
   9.00000   5.42864757388613e+01   6.27952335792998e+12
   9.00000   1.54321052552281e+02   6.08777811959513e+17
   9.00000   5.83316435126212e+02   4.69778601280869e+22
  10.00000   1.90966909530868e+01   3.38841960941936e+07
  10.00000   2.53923927976382e+01   3.29476198908935e+09
  10.00000   5.96953016218958e+01   5.97143909885907e+13
  10.00000   7.21833703518047e+01   4.90785287209407e+14
  10.00000   1.69696810362699e+02   0.00000000000000e+00
  10.00000   2.25641608581379e+02   2.19905669558502e+20
  10.00000   2.48123380628166e+02   3.84616352339111e+20
  10.00000   2.66612344768362e+03   0.00000000000000e+00
  10.00000   2.93176230736139e+03   8.98520118723861e+31
# orbitals: 1s2 2s2 2p6 3s2 3p6 3d10 4s2 4p6 4d10 4f11 5s2 5p6
CORE 65 31 Ho
   0.00000   2.59860078625882e+00   4.64840696154359e-01
   0.00000   2.85751203443051e+00   1.69876161594889e+01
   0.00000   5.55555672371871e+00   0.00000000000000e+00
   0.00000   1.90966909530868e+01   2.84006768420553e+03
   0.00000   4.93677285829314e+01   1.56799210772276e+04
   0.00000   1.69696810362699e+02   8.10141183780680e+04
   0.00000   1.86604529783894e+02   2.53288218408694e+05
   0.00000   7.75621288653080e+02   1.76593399024592e+05
   0.00000   8.52900213917631e+02   2.44823836776150e+04
   0.00000   3.22386805994775e+03   2.59533874766765e+05
   0.00000   3.54507773084283e+03   0.00000000000000e+00
   0.00000   1.34000000000000e+04   2.89642307430534e+05
   7.00000   5.30463749125999e+02   4.03645093336888e+18
   9.00000   1.90966909530868e+01   1.72422678522345e+07
   9.00000   5.42864757388613e+01   7.24414539246443e+12
   9.00000   1.54321052552281e+02   6.48847134032594e+17
   9.00000   5.83316435126212e+02   2.55136894245316e+22
  10.00000   2.85751203443051e+00   2.13713537503682e-07
  10.00000   3.14221987082163e+00   1.35664127314219e-05
  10.00000   8.93243982439551e+00   3.15440819630630e+02
  10.00000   9.82242229356973e+00   1.22710921322662e+03
  10.00000   1.90966909530868e+01   1.35224647911443e+07
  10.00000   2.53923927976382e+01   2.80170016059459e+09
  10.00000   2.79223605202938e+01   2.45435201898782e+09
  10.00000   5.96953016218958e+01   4.62303913382024e+13
  10.00000   7.21833703518047e+01   4.90916661913928e+14
  10.00000   1.69696810362699e+02   0.00000000000000e+00
  10.00000   2.25641608581379e+02   1.81303034318894e+20
  10.00000   2.48123380628166e+02   6.30170966136876e+20
  10.00000   2.66612344768362e+03   4.29006813778522e+31
  10.00000   2.93176230736139e+03   0.00000000000000e+00
