# Free-atom, free-ion and frozen-core density fits -- Sb (Z = 51)
#
#   rho(r) = sum_i c_i r^n_i exp(-alpha_i r)      r in bohr, rho in e/bohr^3
#
# All-electron B86BPBE densities (scalar-relativistic, spin-restricted),
# fitted with rhofit.py (monotone decay imposed).  Two kinds of block:
#
#   STATE <N> <q> <nterm> <symbol>
#     the atom or ion with N electrons (charge q), in order of increasing N;
#   CORE <N_core> <nterm> <symbol>
#     the frozen core of the neutral atom with N_core electrons, for a
#     pseudopotential with Z - N_core valence electrons, in order of
#     increasing N_core, each preceded by a '# orbitals:' comment.
#
# Each block header is followed by nterm lines:   n   alpha   c
#
# Generated 2026-09-23 by combine_fits.py from
#   /home/alberto/doc/manuals/critic2/atomic_density_fits/15_rhofit/rho_b86bpbe_mono/fit_051_Sb.dat
#     recipe: --npow 0,1,2,3,4,5,6,7,8,9,10 --amin 0.2 --ratio 1.1 --mom 3 --cusp none --targetz 1e-3 --besteffort --monotone --stats
#   /home/alberto/doc/manuals/critic2/atomic_density_fits/15_rhofit/core_b86bpbe_mono/core_051_Sb.dat
#     recipe: --npow 0,1,2,3,4,5,6,7,8,9,10 --amin 0.2 --ratio 1.1 --mom 3 --cusp none --besteffort --monotone --stats --target 1e-3*N_core
#
STATE 46 +5 26 Sb
   0.00000   3.81205122376412e+00   1.25386760298824e+00
   0.00000   4.19230820411663e+00   7.01736275847443e+00
   0.00000   1.31216033592907e+01   8.27131736158318e+02
   0.00000   3.39571832272134e+01   5.74765863255619e+03
   0.00000   1.28544740310018e+02   1.21251121247470e+05
   0.00000   7.11794889160691e+02   4.07555222912397e+04
   0.00000   3.58394176492070e+03   4.78247516676099e+04
   4.00000   6.13240888080668e+00   1.43335249919022e+02
   5.00000   7.41685953853238e+00   0.00000000000000e+00
   6.00000   3.65841979910405e+02   6.41178634352923e+15
   7.00000   9.86514516042180e+00   0.00000000000000e+00
   7.00000   9.66431074041852e+01   0.00000000000000e+00
   8.00000   1.08492059951913e+01   2.80342228766272e+04
   8.00000   4.02335184854685e+02   0.00000000000000e+00
   9.00000   3.73444556423272e+01   7.50616885043543e+10
  10.00000   1.19314281555956e+01   0.00000000000000e+00
  10.00000   1.58699608796131e+01   2.22610495689851e+06
  10.00000   1.74530097549205e+01   8.74664158479826e+06
  10.00000   3.73444556423272e+01   9.43147633121708e+10
  10.00000   4.96717611995374e+01   5.26823537850423e+12
  10.00000   1.16885283893505e+02   2.06790470145554e+17
  10.00000   1.55468805460850e+02   1.37398780208314e+18
  10.00000   1.70977017453128e+02   8.57718998010814e+18
  10.00000   4.42468633620713e+02   1.20899219876075e+22
  10.00000   2.45009567303622e+03   5.33347541763550e+30
  10.00000   2.69449584698865e+03   0.00000000000000e+00
STATE 47 +4 26 Sb
   0.00000   2.86599416638894e+00   2.14130830965422e+00
   0.00000   3.15188074646035e+00   9.00427975145461e+00
   0.00000   1.31216033592907e+01   0.00000000000000e+00
   0.00000   1.44305000602801e+01   1.00057589943349e+03
   0.00000   3.39571832272134e+01   5.48515475841405e+03
   0.00000   1.28544740310018e+02   1.21431802388806e+05
   0.00000   7.11794889160691e+02   4.06185305543296e+04
   0.00000   3.25886574308867e+03   4.12820517761193e+03
   0.00000   3.58394176492070e+03   4.33390669650914e+04
   6.00000   3.65841979910405e+02   6.40306530507757e+15
   8.00000   1.06283380851800e+02   0.00000000000000e+00
   9.00000   1.08492059951913e+01   1.84417102521969e+04
   9.00000   3.73444556423272e+01   8.93470792536745e+10
   9.00000   4.42468633620713e+02   3.28765486949897e+20
  10.00000   6.13240888080668e+00   6.30470656894903e-01
  10.00000   1.19314281555956e+01   0.00000000000000e+00
  10.00000   1.58699608796131e+01   4.17421122279282e+06
  10.00000   1.74530097549205e+01   3.76378204764282e+06
  10.00000   3.73444556423272e+01   6.45175417246820e+10
  10.00000   4.96717611995374e+01   5.20676982397790e+12
  10.00000   1.16885283893505e+02   1.95912205317503e+17
  10.00000   1.55468805460850e+02   1.69925332346443e+18
  10.00000   1.70977017453128e+02   7.40317519904436e+18
  10.00000   4.42468633620713e+02   0.00000000000000e+00
  10.00000   2.45009567303622e+03   5.16159112770705e+30
  10.00000   2.69449584698865e+03   0.00000000000000e+00
STATE 48 +3 26 Sb
   0.00000   2.60603849653889e+00   3.97104295484701e+00
   0.00000   2.86599416638894e+00   4.12948756245160e+00
   0.00000   1.31216033592907e+01   0.00000000000000e+00
   0.00000   1.44305000602801e+01   1.00986943466619e+03
   0.00000   3.39571832272134e+01   5.41404675426899e+03
   0.00000   1.28544740310018e+02   1.21827588727607e+05
   0.00000   7.11794889160691e+02   0.00000000000000e+00
   0.00000   7.82797338837991e+02   4.50892804205731e+04
   0.00000   3.25886574308867e+03   0.00000000000000e+00
   0.00000   3.58394176492070e+03   3.08705571465427e+04
   6.00000   3.65841979910405e+02   5.16394506566497e+15
   8.00000   1.06283380851800e+02   3.60940129415405e+14
   9.00000   1.08492059951913e+01   0.00000000000000e+00
   9.00000   3.73444556423272e+01   7.56563068179691e+10
  10.00000   5.57617800040225e+00   7.11067821432353e-02
  10.00000   6.13240888080668e+00   1.16181955732431e+00
  10.00000   1.19314281555956e+01   5.17531503200951e+04
  10.00000   1.58699608796131e+01   3.47277356828428e+06
  10.00000   1.74530097549205e+01   6.70356069634709e+06
  10.00000   3.73444556423272e+01   1.05916197391503e+11
  10.00000   4.96717611995374e+01   5.71003440035278e+12
  10.00000   1.16885283893505e+02   1.22713482522761e+17
  10.00000   1.70977017453128e+02   9.13589843002883e+18
  10.00000   4.86605445180968e+02   1.31513480275156e+23
  10.00000   2.45009567303622e+03   0.00000000000000e+00
  10.00000   2.69449584698865e+03   2.57754103579989e+31
STATE 49 +2 27 Sb
   0.00000   1.95928404159545e+00   0.00000000000000e+00
   0.00000   2.15472512818565e+00   3.57488429784459e+00
   0.00000   3.15188074646035e+00   3.11791255540396e-01
   0.00000   1.31216033592907e+01   8.00406706571731e+02
   0.00000   3.39571832272134e+01   5.73284677634813e+03
   0.00000   1.28544740310018e+02   1.21463367862777e+05
   0.00000   7.11794889160691e+02   4.03307039353750e+04
   0.00000   3.58394176492070e+03   5.03958426973400e+04
   0.00000   3.94144453529070e+03   0.00000000000000e+00
   6.00000   3.65841979910405e+02   6.41170162564999e+15
   7.00000   9.66431074041852e+01   2.09941550096041e+13
   9.00000   1.19314281555956e+01   6.23319665311935e+04
   9.00000   3.73444556423272e+01   6.20878396465590e+10
   9.00000   1.06283380851800e+02   3.28654781969935e+15
   9.00000   2.45009567303622e+03   1.11233781402660e+28
  10.00000   4.19230820411663e+00   0.00000000000000e+00
  10.00000   5.07039920144396e+00   5.78964047902795e-02
  10.00000   5.57617800040225e+00   6.94644555398651e-02
  10.00000   1.19314281555956e+01   1.69513848901634e+04
  10.00000   1.58699608796131e+01   1.85430126766537e+06
  10.00000   1.74530097549205e+01   1.14165188200271e+07
  10.00000   3.73444556423272e+01   1.30788218771937e+11
  10.00000   4.96717611995374e+01   6.10493889340840e+12
  10.00000   1.16885283893505e+02   0.00000000000000e+00
  10.00000   1.70977017453128e+02   7.14913984222096e+18
  10.00000   4.42468633620713e+02   2.34012636183638e+22
  10.00000   2.45009567303622e+03   2.21943294002685e+30
STATE 50 +1 29 Sb
   0.00000   1.78157014341917e+00   1.61361401961611e+00
   0.00000   3.46628487818049e+00   5.47087515680443e+00
   0.00000   1.31216033592907e+01   8.24425444671571e+02
   0.00000   3.39571832272134e+01   5.76112306531268e+03
   0.00000   1.28544740310018e+02   1.21279635317940e+05
   0.00000   7.11794889160691e+02   4.07707265504925e+04
   0.00000   7.82797338837991e+02   0.00000000000000e+00
   0.00000   3.25886574308867e+03   6.40356669357559e+03
   0.00000   3.58394176492070e+03   4.04579796779251e+04
   6.00000   3.65841979910405e+02   6.43201403993636e+15
   7.00000   9.66431074041852e+01   0.00000000000000e+00
   8.00000   1.06283380851800e+02   0.00000000000000e+00
   9.00000   3.46628487818049e+00   0.00000000000000e+00
   9.00000   3.73444556423272e+01   8.45917729443678e+10
   9.00000   4.42468633620713e+02   0.00000000000000e+00
  10.00000   3.81205122376412e+00   5.93125448207243e-04
  10.00000   5.07039920144396e+00   8.33433417871159e-02
  10.00000   5.57617800040225e+00   2.53621790590916e-01
  10.00000   1.19314281555956e+01   5.77817479940172e+04
  10.00000   1.58699608796131e+01   3.61742377467908e+06
  10.00000   1.74530097549205e+01   7.51588524853713e+06
  10.00000   3.73444556423272e+01   6.65383820410614e+10
  10.00000   4.96717611995374e+01   5.03120647622552e+12
  10.00000   1.16885283893505e+02   2.06671884134565e+17
  10.00000   1.55468805460850e+02   1.43125136227833e+18
  10.00000   1.70977017453128e+02   8.48449465562909e+18
  10.00000   4.42468633620713e+02   9.94026566512560e+21
  10.00000   2.45009567303622e+03   5.59000191471131e+30
  10.00000   2.69449584698865e+03   0.00000000000000e+00
STATE 51 +0 27 Sb
   0.00000   1.33942839126130e+00   0.00000000000000e+00
   0.00000   1.47303808472091e+00   1.00129490731589e+00
   0.00000   3.15188074646035e+00   3.99419235634210e+00
   0.00000   3.46628487818049e+00   0.00000000000000e+00
   0.00000   1.31216033592907e+01   7.97261469646860e+02
   0.00000   3.39571832272134e+01   5.74011219844778e+03
   0.00000   1.28544740310018e+02   1.21440907542712e+05
   0.00000   7.11794889160691e+02   4.03648599719821e+04
   0.00000   3.58394176492070e+03   5.01500534337530e+04
   0.00000   3.94144453529070e+03   0.00000000000000e+00
   6.00000   3.65841979910405e+02   6.41496959330317e+15
   7.00000   9.66431074041852e+01   2.11396548869965e+13
   9.00000   1.19314281555956e+01   4.60305617324545e+04
   9.00000   3.73444556423272e+01   6.43234045248336e+10
   9.00000   1.06283380851800e+02   3.24867717572189e+15
   9.00000   2.45009567303622e+03   1.01315783176751e+28
  10.00000   1.78157014341917e+00   8.15574082693167e-10
  10.00000   5.07039920144396e+00   7.49012564810543e-02
  10.00000   1.19314281555956e+01   3.10403178023726e+04
  10.00000   1.58699608796131e+01   2.28010892696520e+06
  10.00000   1.74530097549205e+01   1.08018724326247e+07
  10.00000   3.73444556423272e+01   1.23762873915705e+11
  10.00000   4.96717611995374e+01   6.02485400108694e+12
  10.00000   1.16885283893505e+02   0.00000000000000e+00
  10.00000   1.70977017453128e+02   7.11967499796531e+18
  10.00000   4.42468633620713e+02   2.29824642358406e+22
  10.00000   2.45009567303622e+03   2.47440953756611e+30
STATE 52 -1 29 Sb
   0.00000   1.33942839126130e+00   1.85497261407093e-01
   0.00000   1.47303808472091e+00   9.23926681295825e-01
   0.00000   3.46628487818049e+00   0.00000000000000e+00
   0.00000   3.81205122376412e+00   7.18008175128426e+00
   0.00000   1.31216033592907e+01   8.20685750261042e+02
   0.00000   3.39571832272134e+01   5.76898311931720e+03
   0.00000   1.28544740310018e+02   1.21265044911960e+05
   0.00000   7.11794889160691e+02   4.07777089977268e+04
   0.00000   7.82797338837991e+02   0.00000000000000e+00
   0.00000   3.25886574308867e+03   6.66462194668580e+03
   0.00000   3.58394176492070e+03   4.01428414730849e+04
   6.00000   3.65841979910405e+02   6.42144452237134e+15
   7.00000   3.15188074646035e+00   7.22552689242670e-04
   7.00000   9.66431074041852e+01   0.00000000000000e+00
   8.00000   1.06283380851800e+02   0.00000000000000e+00
   9.00000   3.73444556423272e+01   8.53333925435750e+10
   9.00000   4.42468633620713e+02   0.00000000000000e+00
  10.00000   5.07039920144396e+00   1.25122609221853e-01
  10.00000   1.19314281555956e+01   5.90361640943267e+04
  10.00000   1.58699608796131e+01   3.71296475053539e+06
  10.00000   1.74530097549205e+01   7.60878574616418e+06
  10.00000   3.73444556423272e+01   6.38204113041789e+10
  10.00000   4.96717611995374e+01   5.01934024679800e+12
  10.00000   1.16885283893505e+02   2.06755697827885e+17
  10.00000   1.55468805460850e+02   1.43060884526309e+18
  10.00000   1.70977017453128e+02   8.49725310591830e+18
  10.00000   4.42468633620713e+02   9.77856313472050e+21
  10.00000   2.45009567303622e+03   5.62072219818230e+30
  10.00000   2.69449584698865e+03   0.00000000000000e+00
STATE 53 -2 28 Sb
   0.00000   1.33942839126130e+00   3.00197078744909e-01
   0.00000   1.47303808472091e+00   9.38507811153751e-01
   0.00000   3.81205122376412e+00   4.01786728639494e+00
   0.00000   1.31216033592907e+01   7.95884328588133e+02
   0.00000   3.39571832272134e+01   5.74623012031437e+03
   0.00000   1.28544740310018e+02   1.21431484202672e+05
   0.00000   7.11794889160691e+02   4.03764481855058e+04
   0.00000   3.58394176492070e+03   5.01102501688785e+04
   0.00000   3.94144453529070e+03   0.00000000000000e+00
   6.00000   3.65841979910405e+02   6.40022251645606e+15
   7.00000   3.15188074646035e+00   4.58178520258211e-03
   7.00000   9.66431074041852e+01   2.10616708954831e+13
   9.00000   3.46628487818049e+00   0.00000000000000e+00
   9.00000   1.19314281555956e+01   6.66204472077898e+04
   9.00000   3.73444556423272e+01   6.29787476426157e+10
   9.00000   1.06283380851800e+02   3.27093181016728e+15
   9.00000   4.42468633620713e+02   0.00000000000000e+00
   9.00000   2.45009567303622e+03   1.00593607637195e+28
  10.00000   5.07039920144396e+00   1.29796972916805e-01
  10.00000   1.19314281555956e+01   1.66680256967669e+04
  10.00000   1.58699608796131e+01   1.83134783690566e+06
  10.00000   1.74530097549205e+01   1.20995341908917e+07
  10.00000   3.73444556423272e+01   1.27977011164954e+11
  10.00000   4.96717611995374e+01   6.10657737499495e+12
  10.00000   1.16885283893505e+02   0.00000000000000e+00
  10.00000   1.70977017453128e+02   7.15097369255454e+18
  10.00000   4.42468633620713e+02   2.29062157308641e+22
  10.00000   2.45009567303622e+03   2.50726217556836e+30
STATE 54 -3 28 Sb
   0.00000   1.33942839126130e+00   4.70920793465675e-01
   0.00000   1.47303808472091e+00   7.98472063212770e-01
   0.00000   3.81205122376412e+00   4.31621231850873e+00
   0.00000   1.31216033592907e+01   8.26695021538727e+02
   0.00000   3.39571832272134e+01   5.76171858036752e+03
   0.00000   1.28544740310018e+02   1.21281135736368e+05
   0.00000   7.11794889160691e+02   4.07951592573864e+04
   0.00000   3.58394176492070e+03   4.78570490587055e+04
   6.00000   3.65841979910405e+02   6.38709181380275e+15
   7.00000   9.66431074041852e+01   4.22414729608456e+11
   8.00000   3.15188074646035e+00   0.00000000000000e+00
   8.00000   4.02335184854685e+02   0.00000000000000e+00
   9.00000   3.46628487818049e+00   1.94406431348019e-03
   9.00000   1.19314281555956e+01   7.82791004755880e+04
   9.00000   3.73444556423272e+01   7.59072555569832e+10
  10.00000   3.46628487818049e+00   0.00000000000000e+00
  10.00000   5.07039920144396e+00   2.13562902846247e-01
  10.00000   1.19314281555956e+01   4.52441840432152e+03
  10.00000   1.58699608796131e+01   1.72481301267632e+06
  10.00000   1.74530097549205e+01   1.20143311294048e+07
  10.00000   3.73444556423272e+01   9.37600784696844e+10
  10.00000   4.96717611995374e+01   5.39893973110413e+12
  10.00000   1.16885283893505e+02   2.05238252632284e+17
  10.00000   1.55468805460850e+02   1.34638740856330e+18
  10.00000   1.70977017453128e+02   8.63100917847875e+18
  10.00000   4.42468633620713e+02   1.14511699970040e+22
  10.00000   2.45009567303622e+03   5.42924505710843e+30
  10.00000   2.69449584698865e+03   0.00000000000000e+00
# orbitals: 1s2
CORE 2 6 Sb
   0.00000   9.66431074041852e+01   2.76475040271274e+04
   0.00000   1.06283380851800e+02   5.00683394255614e+04
   0.00000   1.55468805460850e+02   2.51138002257903e+04
   0.00000   1.70977017453128e+02   0.00000000000000e+00
   0.00000   3.32658835973059e+02   0.00000000000000e+00
   0.00000   3.65841979910405e+02   2.74974620290948e+04
# orbitals: 1s2 2s2
CORE 4 18 Sb
   0.00000   2.80764831675575e+01   3.97136100576733e+01
   0.00000   3.08771482377587e+01   3.71743286362732e+02
   0.00000   1.16885283893505e+02   1.18121709477552e+05
   0.00000   5.35144960089401e+02   3.70885181228641e+04
   0.00000   5.88526353630469e+02   1.06638091583246e+03
   0.00000   2.45009567303622e+03   2.31773844792991e+04
   0.00000   2.69449584698865e+03   2.10812518745867e+04
   3.00000   4.51663591625449e+01   2.37055141708288e+06
   4.00000   4.96717611995374e+01   0.00000000000000e+00
   4.00000   5.46265828464188e+01   1.35072302724508e+08
   6.00000   7.26586726630075e+01   3.06979692450484e+10
   6.00000   3.02485518961088e+02   0.00000000000000e+00
   8.00000   9.66431074041852e+01   0.00000000000000e+00
   9.00000   3.65841979910405e+02   4.14566251716722e+20
  10.00000   1.28544740310018e+02   8.33318202907350e+16
  10.00000   5.88526353630469e+02   8.93909991063266e+23
  10.00000   1.84204237924246e+03   2.00378084170487e+29
  10.00000   2.02578846020945e+03   0.00000000000000e+00
# orbitals: 1s2 2s2 2p6
CORE 10 16 Sb
   0.00000   3.08771482377587e+01   1.87743762769717e+03
   0.00000   3.39571832272134e+01   3.19158562991059e+03
   0.00000   1.28544740310018e+02   1.21302299396205e+05
   0.00000   7.82797338837991e+02   4.10165214070547e+04
   0.00000   3.94144453529070e+03   4.61397252187906e+04
   0.00000   4.33460866379804e+03   0.00000000000000e+00
   3.00000   4.96717611995374e+01   4.26697982927597e+07
   4.00000   5.46265828464188e+01   0.00000000000000e+00
   5.00000   3.02485518961088e+02   6.41962079223138e+13
   7.00000   8.78772403915182e+01   8.18543387768624e+11
   8.00000   1.06283380851800e+02   1.03164161620241e+14
  10.00000   1.41367242401745e+02   2.26012424847276e+17
  10.00000   4.02335184854685e+02   4.19859210938500e+22
  10.00000   7.11794889160691e+02   1.25253395122824e+25
  10.00000   2.69449584698865e+03   1.58859711941721e+31
  10.00000   2.96327525057089e+03   0.00000000000000e+00
# orbitals: 1s2 2s2 2p6 3s2
CORE 12 17 Sb
   0.00000   1.19314281555956e+01   0.00000000000000e+00
   0.00000   2.80764831675575e+01   5.26819978138481e+03
   0.00000   1.28544740310018e+02   1.12191832697196e+05
   0.00000   1.41367242401745e+02   1.21522350504983e+04
   0.00000   9.46756490336076e+02   5.00908412740549e+04
   4.00000   3.02485518961088e+02   0.00000000000000e+00
   5.00000   3.32658835973059e+02   1.05822460820914e+14
   6.00000   7.99064680994958e+01   7.87690631051977e+10
   7.00000   2.55298481902603e+01   1.84555920045137e+07
   7.00000   8.78772403915182e+01   7.51227216230824e+12
   8.00000   2.55298481902603e+01   0.00000000000000e+00
   9.00000   9.66431074041852e+01   8.47123145735397e+14
  10.00000   3.73444556423272e+01   5.35434218408337e+09
  10.00000   4.10696128088771e+01   1.55406160189129e+11
  10.00000   1.55468805460850e+02   2.59549498865352e+18
  10.00000   4.42468633620713e+02   8.90609963792710e+22
  10.00000   3.58394176492070e+03   1.22509124492462e+33
# orbitals: 1s2 2s2 2p6 3s2 3p6
CORE 18 20 Sb
   0.00000   1.08492059951913e+01   2.22487785300560e+01
   0.00000   1.19314281555956e+01   6.61559012298723e+01
   0.00000   3.08771482377587e+01   6.35389998580576e+03
   0.00000   1.28544740310018e+02   1.21047548685520e+05
   0.00000   1.41367242401745e+02   0.00000000000000e+00
   0.00000   7.11794889160691e+02   3.29382872590020e+04
   0.00000   7.82797338837991e+02   7.93143747024887e+03
   0.00000   3.94144453529070e+03   5.78741853228481e+04
   0.00000   4.33460866379804e+03   0.00000000000000e+00
   6.00000   3.65841979910405e+02   6.09400220105462e+15
   7.00000   2.55298481902603e+01   4.36166862090798e+06
   7.00000   9.66431074041852e+01   2.52458040699892e+13
   8.00000   2.80764831675575e+01   5.62786513281016e+08
  10.00000   4.10696128088771e+01   2.75871767127761e+11
  10.00000   4.51663591625449e+01   1.04069790544233e+12
  10.00000   1.06283380851800e+02   2.79760902087804e+16
  10.00000   1.55468805460850e+02   1.01122133874299e+18
  10.00000   1.70977017453128e+02   4.62863054961216e+18
  10.00000   4.86605445180968e+02   7.18923965338079e+22
  10.00000   2.69449584698865e+03   1.65127946344719e+31
# orbitals: 1s2 2s2 2p6 3s2 3p6 3d10
CORE 28 21 Sb
   0.00000   1.19314281555956e+01   4.12574918194429e+02
   0.00000   1.31216033592907e+01   3.15229293098248e+02
   0.00000   3.39571832272134e+01   5.72939532795533e+03
   0.00000   1.28544740310018e+02   1.21239487357182e+05
   0.00000   7.11794889160691e+02   0.00000000000000e+00
   0.00000   7.82797338837991e+02   4.49907840144911e+04
   0.00000   3.94144453529070e+03   0.00000000000000e+00
   0.00000   4.33460866379804e+03   4.46100391697629e+04
   6.00000   2.32142018901734e+01   1.10337395195705e+07
   6.00000   3.65841979910405e+02   5.26229941810256e+15
   7.00000   2.55298481902603e+01   0.00000000000000e+00
   7.00000   2.80764831675575e+01   2.84516629729341e+08
   7.00000   9.66431074041852e+01   2.14542122851175e+13
   9.00000   1.06283380851800e+02   3.08470515542942e+15
   9.00000   4.42468633620713e+02   1.22640630089757e+21
  10.00000   4.10696128088771e+01   4.77656769128731e+10
  10.00000   4.51663591625449e+01   1.80602446110500e+12
  10.00000   1.16885283893505e+02   0.00000000000000e+00
  10.00000   1.70977017453128e+02   6.33875997482196e+18
  10.00000   4.86605445180968e+02   0.00000000000000e+00
  10.00000   2.69449584698865e+03   2.49571662116911e+31
# orbitals: 1s2 2s2 2p6 3s2 3p6 3d10 4s2
CORE 30 22 Sb
   0.00000   9.86514516042180e+00   3.66674293025054e+02
   0.00000   1.08492059951913e+01   1.42723653922432e+02
   0.00000   3.39571832272134e+01   6.08986578274063e+03
   0.00000   1.28544740310018e+02   1.21459798772757e+05
   0.00000   7.11794889160691e+02   0.00000000000000e+00
   0.00000   7.82797338837991e+02   4.55118624639186e+04
   0.00000   3.25886574308867e+03   0.00000000000000e+00
   0.00000   3.58394176492070e+03   2.89024093616626e+04
   6.00000   3.65841979910405e+02   5.17910837663374e+15
   7.00000   9.66431074041852e+01   1.92008530671003e+13
   9.00000   1.08492059951913e+01   9.15526791156399e+02
   9.00000   3.39571832272134e+01   2.01884766843446e+10
   9.00000   1.06283380851800e+02   4.18864641203089e+15
   9.00000   4.42468633620713e+02   9.66431547851629e+20
  10.00000   1.44305000602801e+01   0.00000000000000e+00
  10.00000   1.58699608796131e+01   8.99699497438977e+05
  10.00000   4.51663591625449e+01   1.69430759397978e+12
  10.00000   4.96717611995374e+01   1.09225882051090e+12
  10.00000   1.16885283893505e+02   0.00000000000000e+00
  10.00000   1.70977017453128e+02   7.65577348432059e+18
  10.00000   2.45009567303622e+03   2.41760649449069e+30
  10.00000   2.69449584698865e+03   2.10430230808657e+31
# orbitals: 1s2 2s2 2p6 3s2 3p6 3d10 4s2 4p6
CORE 36 25 Sb
   0.00000   5.07039920144396e+00   1.77174346809016e+01
   0.00000   1.08492059951913e+01   8.54116808777807e+00
   0.00000   1.19314281555956e+01   5.48570551849191e+02
   0.00000   3.39571832272134e+01   6.17490433553517e+03
   0.00000   1.28544740310018e+02   1.21093384248812e+05
   0.00000   7.11794889160691e+02   1.56853845323860e+04
   0.00000   7.82797338837991e+02   2.84292701523674e+04
   0.00000   3.25886574308867e+03   0.00000000000000e+00
   0.00000   3.58394176492070e+03   3.43003528309506e+04
   6.00000   3.65841979910405e+02   5.23234517908371e+15
   7.00000   9.66431074041852e+01   1.85960162012702e+13
   7.00000   4.02335184854685e+02   0.00000000000000e+00
   8.00000   3.39571832272134e+01   9.45417408852144e+09
   9.00000   1.08492059951913e+01   0.00000000000000e+00
   9.00000   3.73444556423272e+01   2.36824669421275e+10
   9.00000   1.06283380851800e+02   4.37324178405817e+15
  10.00000   1.19314281555956e+01   2.31678528329801e+04
  10.00000   1.58699608796131e+01   2.17802254816605e+06
  10.00000   1.74530097549205e+01   4.20293079249092e+06
  10.00000   4.96717611995374e+01   3.47091349827712e+12
  10.00000   1.16885283893505e+02   0.00000000000000e+00
  10.00000   1.70977017453128e+02   8.14739547010450e+18
  10.00000   4.86605445180968e+02   8.08640406238472e+22
  10.00000   2.45009567303622e+03   4.85046681145596e+30
  10.00000   2.69449584698865e+03   1.03472462161325e+31
# orbitals: 1s2 2s2 2p6 3s2 3p6 3d10 4s2 4p6 4d10
CORE 46 26 Sb
   0.00000   3.46628487818049e+00   7.65741629354436e+00
   0.00000   3.81205122376412e+00   0.00000000000000e+00
   0.00000   1.31216033592907e+01   8.24620759964500e+02
   0.00000   3.39571832272134e+01   5.75815255854399e+03
   0.00000   1.28544740310018e+02   1.21260182526052e+05
   0.00000   7.11794889160691e+02   4.07058414028744e+04
   0.00000   3.25886574308867e+03   0.00000000000000e+00
   0.00000   3.58394176492070e+03   4.78582702548696e+04
   4.00000   6.13240888080668e+00   9.64000578600157e+01
   6.00000   3.65841979910405e+02   5.97976601425490e+15
   7.00000   9.66431074041852e+01   0.00000000000000e+00
   8.00000   1.06283380851800e+02   0.00000000000000e+00
   9.00000   1.08492059951913e+01   0.00000000000000e+00
   9.00000   3.73444556423272e+01   7.72103979887903e+10
   9.00000   4.42468633620713e+02   4.44669450342487e+20
  10.00000   7.41685953853238e+00   5.73032691853161e+00
  10.00000   1.19314281555956e+01   6.12903263095848e+04
  10.00000   1.58699608796131e+01   3.49055091022219e+06
  10.00000   1.74530097549205e+01   6.85512459395011e+06
  10.00000   3.73444556423272e+01   8.74392381596608e+10
  10.00000   4.96717611995374e+01   5.15760633703828e+12
  10.00000   1.16885283893505e+02   2.06721158538224e+17
  10.00000   1.55468805460850e+02   1.39557610971545e+18
  10.00000   1.70977017453128e+02   8.50054216723872e+18
  10.00000   2.45009567303622e+03   4.70588034834018e+30
  10.00000   2.69449584698865e+03   9.57763787870309e+29
# orbitals: 1s2 2s2 2p6 3s2 3p6 3d10 4s2 4p6 4d10 5s2
CORE 48 27 Sb
   0.00000   1.78157014341917e+00   0.00000000000000e+00
   0.00000   1.95928404159545e+00   9.14059774577315e-01
   0.00000   2.86599416638894e+00   5.93261712431263e+00
   0.00000   3.15188074646035e+00   0.00000000000000e+00
   0.00000   1.31216033592907e+01   8.20786713854724e+02
   0.00000   3.39571832272134e+01   5.68392975070979e+03
   0.00000   1.28544740310018e+02   1.21582457924576e+05
   0.00000   7.11794889160691e+02   3.98375251537843e+04
   0.00000   3.25886574308867e+03   4.39356944885899e+04
   0.00000   3.58394176492070e+03   0.00000000000000e+00
   6.00000   3.65841979910405e+02   5.39653004732799e+15
   7.00000   9.66431074041852e+01   1.84631060429971e+13
   8.00000   1.06283380851800e+02   0.00000000000000e+00
   9.00000   1.08492059951913e+01   2.27244593943577e+03
   9.00000   3.73444556423272e+01   8.64909388943783e+10
   9.00000   4.42468633620713e+02   1.03181702181519e+21
  10.00000   4.61049630412605e+00   0.00000000000000e+00
  10.00000   5.07039920144396e+00   6.29900606590294e-02
  10.00000   1.19314281555956e+01   5.01716224925056e+04
  10.00000   1.58699608796131e+01   3.69642912371744e+06
  10.00000   1.74530097549205e+01   6.44803370476520e+06
  10.00000   3.73444556423272e+01   6.10354939538403e+10
  10.00000   4.96717611995374e+01   4.96054470931093e+12
  10.00000   1.16885283893505e+02   1.04240822261800e+17
  10.00000   1.70977017453128e+02   7.86928866993381e+18
  10.00000   2.45009567303622e+03   0.00000000000000e+00
  10.00000   2.69449584698865e+03   1.17308029669650e+31
