# Free-atom, free-ion and frozen-core density fits -- Ag (Z = 47)
#
#   rho(r) = sum_i c_i r^n_i exp(-alpha_i r)      r in bohr, rho in e/bohr^3
#
# All-electron B86BPBE densities (scalar-relativistic, spin-restricted),
# fitted with rhofit.py (monotone decay imposed).  Two kinds of block:
#
#   STATE <N> <q> <nterm> <symbol>
#     the atom or ion with N electrons (charge q), in order of increasing N;
#   CORE <N_core> <nterm> <symbol>
#     the frozen core of the neutral atom with N_core electrons, for a
#     pseudopotential with Z - N_core valence electrons, in order of
#     increasing N_core, each preceded by a '# orbitals:' comment.
#
# Each block header is followed by nterm lines:   n   alpha   c
#
# Generated 2026-09-23 by combine_fits.py from
#   /home/alberto/doc/manuals/critic2/atomic_density_fits/15_rhofit/rho_b86bpbe_mono/fit_047_Ag.dat
#     recipe: --npow 0,1,2,3,4,5,6,7,8,9,10 --amin 0.2 --ratio 1.1 --mom 3 --cusp none --targetz 1e-3 --besteffort --monotone --stats
#   /home/alberto/doc/manuals/critic2/atomic_density_fits/15_rhofit/core_b86bpbe_mono/core_047_Ag.dat
#     recipe: --npow 0,1,2,3,4,5,6,7,8,9,10 --amin 0.2 --ratio 1.1 --mom 3 --cusp none --besteffort --monotone --stats --target 1e-3*N_core
#
STATE 44 +3 25 Ag
   0.00000   2.87553038119033e+00   1.95601272232226e+00
   0.00000   3.16274340787562e+00   6.42842851418893e+00
   0.00000   1.19924506948139e+01   4.41944350040729e+02
   0.00000   2.82502262466545e+01   4.25292622669031e+03
   0.00000   3.10719084788858e+01   0.00000000000000e+00
   0.00000   1.17818071962119e+02   9.20973886576195e+04
   0.00000   7.19094368337717e+02   0.00000000000000e+00
   0.00000   7.90918777272367e+02   2.77347642182849e+04
   0.00000   3.99037641493584e+03   2.17318759985850e+04
   4.00000   5.09089280956024e+00   2.15500002982731e+01
   5.00000   3.05261405056170e+02   5.21002561311575e+13
   7.00000   8.19452805874014e+00   0.00000000000000e+00
   7.00000   8.85470129386826e+01   0.00000000000000e+00
   8.00000   9.01301191876253e+00   2.13471181804294e+03
   8.00000   3.10719084788858e+01   3.55707266237964e+09
   9.00000   3.10719084788858e+01   3.85570166885279e+09
   9.00000   9.73912441651784e+01   2.42365227281181e+15
  10.00000   1.31902777405521e+01   9.09503361078679e+04
  10.00000   1.45077458561613e+01   8.69043354852068e+05
  10.00000   4.54728237862789e+01   1.38126534498361e+12
  10.00000   1.42529220155853e+02   6.88970301442465e+17
  10.00000   1.56765289084157e+02   1.39549629165228e+18
  10.00000   4.06171919238777e+02   1.31331322259869e+22
  10.00000   2.47904192317317e+03   8.91920161383730e+29
  10.00000   2.72665298605457e+03   1.48399638499179e+31
STATE 45 +2 25 Ag
   0.00000   2.61439955974885e+00   1.73354059717897e+00
   0.00000   2.87553038119033e+00   6.37697744922944e+00
   0.00000   1.19924506948139e+01   4.45375553445688e+02
   0.00000   2.82502262466545e+01   4.23656969926444e+03
   0.00000   3.10719084788858e+01   0.00000000000000e+00
   0.00000   1.17818071962119e+02   9.20455880741069e+04
   0.00000   7.19094368337717e+02   2.44618144645409e+04
   0.00000   7.90918777272367e+02   0.00000000000000e+00
   0.00000   3.99037641493584e+03   3.83008998437938e+04
   3.00000   4.20825410208753e+00   6.02457560675099e+00
   5.00000   3.05261405056170e+02   4.89382976651960e+13
   7.00000   8.85470129386826e+01   0.00000000000000e+00
   8.00000   3.10719084788858e+01   1.70853868876008e+09
   9.00000   9.01301191876253e+00   0.00000000000000e+00
   9.00000   9.73912441651784e+01   2.43918425403325e+15
  10.00000   9.91324738477309e+00   3.35389270625734e+03
  10.00000   1.31902777405521e+01   1.69918088571576e+05
  10.00000   1.45077458561613e+01   6.95452884862143e+05
  10.00000   3.41754252900748e+01   6.64850144114423e+10
  10.00000   4.54728237862789e+01   1.88365239403146e+12
  10.00000   1.42529220155853e+02   6.53605202165680e+17
  10.00000   1.56765289084157e+02   1.49372817526600e+18
  10.00000   4.06171919238777e+02   1.75942009558208e+22
  10.00000   7.19094368337717e+02   3.27292130660255e+24
  10.00000   2.72665298605457e+03   8.50953962597693e+30
STATE 46 +1 27 Ag
   0.00000   2.37698238305018e+00   3.95681824392964e+00
   0.00000   2.61439955974885e+00   2.50073524249272e+00
   0.00000   1.09033999508128e+01   0.00000000000000e+00
   0.00000   1.19924506948139e+01   4.50026688901390e+02
   0.00000   2.82502262466545e+01   4.23921884322723e+03
   0.00000   3.10719084788858e+01   0.00000000000000e+00
   0.00000   1.17818071962119e+02   9.21083175865765e+04
   0.00000   7.19094368337717e+02   0.00000000000000e+00
   0.00000   7.90918777272367e+02   2.76204215727590e+04
   0.00000   3.62800491021831e+03   1.84871293788479e+04
   5.00000   3.05261405056170e+02   5.21627653913850e+13
   7.00000   8.85470129386826e+01   0.00000000000000e+00
   8.00000   3.10719084788858e+01   3.46684966799251e+09
   9.00000   9.01301191876253e+00   7.78452287870051e+02
   9.00000   3.10719084788858e+01   4.11479177290856e+09
   9.00000   9.73912441651784e+01   2.41826334296562e+15
   9.00000   4.06171919238777e+02   0.00000000000000e+00
  10.00000   3.47864377629005e+00   1.23097098728276e-05
  10.00000   9.91324738477309e+00   2.10581387282336e+03
  10.00000   1.31902777405521e+01   1.54987866221106e+05
  10.00000   1.45077458561613e+01   7.71711350385681e+05
  10.00000   4.54728237862789e+01   1.39995629975291e+12
  10.00000   1.42529220155853e+02   6.87354382368114e+17
  10.00000   1.56765289084157e+02   1.38959893828634e+18
  10.00000   4.06171919238777e+02   1.33511841737508e+22
  10.00000   2.47904192317317e+03   5.04483609651377e+29
  10.00000   2.72665298605457e+03   1.60533365647002e+31
STATE 47 +0 27 Ag
   0.00000   1.22068602271631e+00   4.80052999329142e-02
   0.00000   1.34261028737028e+00   1.23575061217609e-01
   0.00000   2.37698238305018e+00   4.93986017119359e+00
   0.00000   1.09033999508128e+01   4.55723121511969e+02
   0.00000   1.19924506948139e+01   0.00000000000000e+00
   0.00000   3.10719084788858e+01   4.69210157938175e+03
   0.00000   1.17818071962119e+02   9.13446543104177e+04
   0.00000   7.19094368337717e+02   2.48549678192519e+04
   0.00000   7.90918777272367e+02   0.00000000000000e+00
   0.00000   3.62800491021831e+03   3.16063051145295e+04
   0.00000   3.99037641493584e+03   0.00000000000000e+00
   5.00000   3.05261405056170e+02   4.72161926558993e+13
   7.00000   8.85470129386826e+01   1.89313478376307e+12
   8.00000   3.10719084788858e+01   4.79855133561427e+09
   9.00000   9.01301191876253e+00   0.00000000000000e+00
   9.00000   9.73912441651784e+01   2.44469096561167e+15
  10.00000   3.47864377629005e+00   1.25473490814056e-04
  10.00000   3.82609682852824e+00   2.51776260450186e-04
  10.00000   9.91324738477309e+00   3.89848349151065e+03
  10.00000   1.31902777405521e+01   1.59727397334616e+05
  10.00000   1.45077458561613e+01   8.24741638163503e+05
  10.00000   4.13433748657430e+01   0.00000000000000e+00
  10.00000   4.54728237862789e+01   7.52240427069376e+11
  10.00000   1.42529220155853e+02   4.78323843505016e+17
  10.00000   1.56765289084157e+02   2.04763652350529e+18
  10.00000   4.06171919238777e+02   8.68452108205198e+21
  10.00000   2.72665298605457e+03   1.19612287721265e+31
STATE 48 -1 26 Ag
   0.00000   1.22068602271631e+00   2.40637520742796e-02
   0.00000   1.34261028737028e+00   4.37298955836931e-01
   0.00000   2.37698238305018e+00   1.11207735724989e+00
   0.00000   2.61439955974885e+00   3.75557350628517e+00
   0.00000   1.09033999508128e+01   4.53944648743917e+02
   0.00000   1.19924506948139e+01   0.00000000000000e+00
   0.00000   3.10719084788858e+01   4.69929756318386e+03
   0.00000   1.17818071962119e+02   9.13415857973908e+04
   0.00000   7.19094368337717e+02   2.49710581478188e+04
   0.00000   7.90918777272367e+02   0.00000000000000e+00
   0.00000   3.99037641493584e+03   3.73860041802676e+04
   5.00000   3.05261405056170e+02   4.72026651104764e+13
   7.00000   8.85470129386826e+01   1.50161788305401e+12
   8.00000   3.10719084788858e+01   4.79474494410949e+09
   9.00000   9.73912441651784e+01   2.51301119384768e+15
  10.00000   3.47864377629005e+00   5.89021406241607e-06
  10.00000   3.82609682852824e+00   0.00000000000000e+00
  10.00000   9.91324738477309e+00   3.90961964192325e+03
  10.00000   1.31902777405521e+01   1.52828240700748e+05
  10.00000   1.45077458561613e+01   8.62269641073279e+05
  10.00000   4.13433748657430e+01   0.00000000000000e+00
  10.00000   4.54728237862789e+01   7.63686788697382e+11
  10.00000   1.42529220155853e+02   5.06913896005975e+17
  10.00000   1.56765289084157e+02   2.04353640883193e+18
  10.00000   4.06171919238777e+02   8.25519653376896e+21
  10.00000   2.72665298605457e+03   1.19170174827274e+31
# orbitals: 1s2
CORE 2 6 Ag
   0.00000   8.85470129386826e+01   2.04865049514956e+04
   0.00000   9.73912441651784e+01   4.05519846389437e+04
   0.00000   1.42529220155853e+02   1.62385986664276e+04
   0.00000   1.56765289084157e+02   0.00000000000000e+00
   0.00000   2.77540202046762e+02   0.00000000000000e+00
   0.00000   3.05261405056170e+02   1.59834846268143e+04
# orbitals: 1s2 2s2
CORE 4 17 Ag
   0.00000   2.56847848122841e+01   1.42748818571318e+02
   0.00000   2.82502262466545e+01   1.72313900750492e+02
   0.00000   1.07118852745599e+02   8.99139183465672e+04
   0.00000   5.40440505237650e+02   2.40046407382140e+04
   0.00000   2.47904192317317e+03   2.37464814568007e+04
   0.00000   2.72665298605457e+03   1.05729071019376e+03
   4.00000   4.54728237862789e+01   9.75651091703709e+06
   4.00000   5.00147293203035e+01   1.03296730841925e+08
   5.00000   5.50102883590446e+01   0.00000000000000e+00
   6.00000   2.77540202046762e+02   7.04245684486534e+14
   8.00000   8.85470129386826e+01   7.29583626514717e+12
   9.00000   3.35751450527397e+02   0.00000000000000e+00
  10.00000   1.17818071962119e+02   2.10739234303927e+16
  10.00000   3.35751450527397e+02   2.57133094587081e+21
  10.00000   5.94420652436923e+02   7.21326939084136e+23
  10.00000   1.86314165213404e+03   1.91807923789897e+29
  10.00000   2.04923551382760e+03   0.00000000000000e+00
# orbitals: 1s2 2s2 2p6
CORE 10 16 Ag
   0.00000   2.82502262466545e+01   2.05417689941728e+03
   0.00000   3.10719084788858e+01   2.07102415394661e+03
   0.00000   1.17818071962119e+02   9.14378939811199e+04
   0.00000   7.90918777272367e+02   2.48409049145378e+04
   0.00000   4.38894222221933e+03   3.52355473680228e+04
   3.00000   4.54728237862789e+01   1.46820496209119e+07
   4.00000   5.00147293203035e+01   1.21060717458200e+08
   4.00000   5.50102883590446e+01   0.00000000000000e+00
   4.00000   2.52336399152666e+02   5.24371353009635e+10
   8.00000   9.73912441651784e+01   6.77686403003062e+13
  10.00000   1.29585947992161e+02   7.63093136382631e+16
  10.00000   4.06171919238777e+02   9.07221335950302e+22
  10.00000   6.53792431579796e+02   1.21189253358950e+25
  10.00000   7.19094368337717e+02   3.68398997469539e+24
  10.00000   2.72665298605457e+03   0.00000000000000e+00
  10.00000   2.99899587694103e+03   0.00000000000000e+00
# orbitals: 1s2 2s2 2p6 3s2
CORE 12 21 Ag
   0.00000   1.09033999508128e+01   0.00000000000000e+00
   0.00000   2.33523146007181e+01   3.15681576698973e+02
   0.00000   2.56847848122841e+01   3.58876895124090e+03
   0.00000   1.17818071962119e+02   9.29175109571807e+04
   0.00000   7.90918777272367e+02   2.62274934672213e+04
   0.00000   8.69917134364527e+02   0.00000000000000e+00
   0.00000   4.82731748260127e+03   4.40772864598794e+04
   4.00000   2.52336399152666e+02   4.55262868833545e+11
   4.00000   2.77540202046762e+02   0.00000000000000e+00
   5.00000   3.05261405056170e+02   0.00000000000000e+00
   6.00000   7.31950847063694e+01   1.12919155617546e+11
   7.00000   2.33523146007181e+01   3.42514224948942e+06
   7.00000   8.05059383681903e+01   1.65524829844412e+12
   8.00000   2.33523146007181e+01   7.25873122672437e+06
   9.00000   8.85470129386826e+01   3.08376074557532e+14
  10.00000   3.41754252900748e+01   5.82097299682664e+09
  10.00000   3.75889268131422e+01   3.93294545981838e+10
  10.00000   1.42529220155853e+02   7.49264009537453e+17
  10.00000   4.06171919238777e+02   2.81568966640623e+22
  10.00000   7.19094368337717e+02   5.74526010895337e+24
  10.00000   2.99899587694103e+03   5.78461631672488e+31
# orbitals: 1s2 2s2 2p6 3s2 3p6
CORE 18 20 Ag
   0.00000   9.91324738477309e+00   3.59510713796707e+01
   0.00000   1.09033999508128e+01   2.75141595694949e+01
   0.00000   2.82502262466545e+01   4.86559904087025e+03
   0.00000   1.17818071962119e+02   9.14569274713612e+04
   0.00000   7.90918777272367e+02   2.76645488352845e+04
   0.00000   4.38894222221933e+03   2.78193037752450e+04
   5.00000   3.05261405056170e+02   3.31797406889700e+13
   7.00000   2.33523146007181e+01   2.66488177824823e+07
   7.00000   8.85470129386826e+01   8.39325830971129e+12
   8.00000   2.56847848122841e+01   7.20136759047839e+07
   9.00000   4.06171919238777e+02   7.14464021546799e+20
  10.00000   3.75889268131422e+01   9.78203844878095e+10
  10.00000   4.13433748657430e+01   2.25842311131208e+11
  10.00000   9.73912441651784e+01   1.17321964673368e+16
  10.00000   1.42529220155853e+02   6.41709829067234e+17
  10.00000   1.56765289084157e+02   8.98405139489964e+17
  10.00000   4.06171919238777e+02   0.00000000000000e+00
  10.00000   7.19094368337717e+02   5.81357184421388e+24
  10.00000   2.72665298605457e+03   1.88614081612910e+31
  10.00000   2.99899587694103e+03   0.00000000000000e+00
# orbitals: 1s2 2s2 2p6 3s2 3p6 3d10
CORE 28 20 Ag
   0.00000   9.91324738477309e+00   7.75487794237280e+01
   0.00000   1.09033999508128e+01   4.03536181673829e+02
   0.00000   3.10719084788858e+01   4.47051283702247e+03
   0.00000   1.17818071962119e+02   9.15545711118514e+04
   0.00000   7.90918777272367e+02   0.00000000000000e+00
   0.00000   8.69917134364527e+02   3.05788689348466e+04
   0.00000   4.38894222221933e+03   1.65871599633748e+04
   5.00000   3.05261405056170e+02   4.65422387655176e+13
   6.00000   2.12316591786317e+01   8.16176568245839e+06
   7.00000   2.33523146007181e+01   0.00000000000000e+00
   7.00000   2.56847848122841e+01   5.53928318412630e+07
   7.00000   8.85470129386826e+01   7.26082032888381e+12
   9.00000   9.73912441651784e+01   1.50465244304256e+15
   9.00000   4.06171919238777e+02   0.00000000000000e+00
  10.00000   3.75889268131422e+01   7.49463496852496e+10
  10.00000   4.13433748657430e+01   3.74133730860527e+11
  10.00000   1.07118852745599e+02   0.00000000000000e+00
  10.00000   1.56765289084157e+02   2.19220063366260e+18
  10.00000   4.06171919238777e+02   2.07924733448720e+22
  10.00000   2.99899587694103e+03   8.37652335363277e+31
# orbitals: 1s2 2s2 2p6 3s2 3p6 3d10 4s2
CORE 30 23 Ag
   0.00000   4.62858191556764e+00   0.00000000000000e+00
   0.00000   9.01301191876253e+00   3.54928117050104e+02
   0.00000   3.10719084788858e+01   4.78684056309260e+03
   0.00000   1.17818071962119e+02   9.13740409836910e+04
   0.00000   7.19094368337717e+02   2.49278339794990e+04
   0.00000   7.90918777272367e+02   0.00000000000000e+00
   0.00000   3.99037641493584e+03   3.71140481377081e+04
   0.00000   4.38894222221933e+03   0.00000000000000e+00
   5.00000   3.05261405056170e+02   4.67769551644952e+13
   7.00000   8.85470129386826e+01   0.00000000000000e+00
   8.00000   2.82502262466545e+01   9.51381098439535e+08
   9.00000   9.01301191876253e+00   0.00000000000000e+00
   9.00000   3.10719084788858e+01   4.82148447049730e+08
   9.00000   9.73912441651784e+01   2.81940094975991e+15
   9.00000   4.06171919238777e+02   7.78575085338511e+19
  10.00000   9.91324738477309e+00   2.86848286236123e+02
  10.00000   1.31902777405521e+01   2.94914757787643e+04
  10.00000   1.45077458561613e+01   1.92843192666412e+05
  10.00000   4.13433748657430e+01   5.24132087375323e+11
  10.00000   1.42529220155853e+02   5.96150438064000e+17
  10.00000   1.56765289084157e+02   2.02643732732000e+18
  10.00000   4.06171919238777e+02   6.08168183197416e+21
  10.00000   2.72665298605457e+03   1.06908924882956e+31
# orbitals: 1s2 2s2 2p6 3s2 3p6 3d10 4s2 4p6
CORE 36 25 Ag
   0.00000   3.82609682852824e+00   4.32413346292071e+00
   0.00000   4.20825410208753e+00   2.55660659282556e+00
   0.00000   9.91324738477309e+00   3.71494818770605e+02
   0.00000   3.10719084788858e+01   4.86537748981100e+03
   0.00000   1.17818071962119e+02   9.11384664562707e+04
   0.00000   7.19094368337717e+02   2.53439464479376e+04
   0.00000   7.90918777272367e+02   0.00000000000000e+00
   0.00000   3.62800491021831e+03   2.87571705750486e+04
   5.00000   3.05261405056170e+02   4.67388888083756e+13
   7.00000   8.85470129386826e+01   0.00000000000000e+00
   8.00000   9.01301191876253e+00   2.86842025011862e+02
   8.00000   3.10719084788858e+01   1.52306659457237e+09
   9.00000   9.91324738477309e+00   2.88172864249852e+03
   9.00000   3.10719084788858e+01   5.60120331660226e+09
   9.00000   9.73912441651784e+01   2.81142861211883e+15
  10.00000   1.31902777405521e+01   0.00000000000000e+00
  10.00000   1.45077458561613e+01   9.05651691851070e+05
  10.00000   4.13433748657430e+01   3.28991393756254e+11
  10.00000   4.54728237862789e+01   6.08248565979901e+11
  10.00000   1.42529220155853e+02   6.12357352231043e+17
  10.00000   1.56765289084157e+02   2.09411191284186e+18
  10.00000   4.06171919238777e+02   5.53324201444592e+21
  10.00000   7.19094368337717e+02   0.00000000000000e+00
  10.00000   2.47904192317317e+03   4.57622351761262e+30
  10.00000   2.72665298605457e+03   0.00000000000000e+00
# orbitals: 1s2 2s2 2p6 3s2 3p6 3d10 4s2 4p6 4d10
CORE 46 29 Ag
   0.00000   1.00904834468525e+00   0.00000000000000e+00
   0.00000   1.10983386621706e+00   1.36114628195150e-03
   0.00000   2.37698238305018e+00   5.61901908347818e+00
   0.00000   1.09033999508128e+01   1.58540384842166e+02
   0.00000   1.19924506948139e+01   2.60839369908162e+02
   0.00000   2.82502262466545e+01   4.28539240439193e+03
   0.00000   3.10719084788858e+01   0.00000000000000e+00
   0.00000   1.17818071962119e+02   9.20869345361206e+04
   0.00000   7.19094368337717e+02   0.00000000000000e+00
   0.00000   7.90918777272367e+02   2.77033035165694e+04
   0.00000   3.62800491021831e+03   0.00000000000000e+00
   0.00000   3.99037641493584e+03   2.20315952228004e+04
   5.00000   3.05261405056170e+02   5.18731877202758e+13
   7.00000   8.85470129386826e+01   0.00000000000000e+00
   8.00000   3.10719084788858e+01   3.49211489650707e+09
   9.00000   9.01301191876253e+00   0.00000000000000e+00
   9.00000   3.10719084788858e+01   3.86562016243708e+09
   9.00000   9.73912441651784e+01   2.44515177885567e+15
  10.00000   3.47864377629005e+00   8.64338350231804e-05
  10.00000   3.82609682852824e+00   1.12890695160857e-04
  10.00000   9.91324738477309e+00   4.06817820671044e+03
  10.00000   1.31902777405521e+01   1.39946842394294e+05
  10.00000   1.45077458561613e+01   8.53192356965559e+05
  10.00000   4.54728237862789e+01   1.36394849594796e+12
  10.00000   1.42529220155853e+02   6.73961873234683e+17
  10.00000   1.56765289084157e+02   1.44571140689883e+18
  10.00000   4.06171919238777e+02   1.33461057998216e+22
  10.00000   2.47904192317317e+03   5.34063505356194e+29
  10.00000   2.72665298605457e+03   1.58448257425367e+31
