# Free-atom, free-ion and frozen-core density fits -- Po (Z = 84)
#
#   rho(r) = sum_i c_i r^n_i exp(-alpha_i r)      r in bohr, rho in e/bohr^3
#
# All-electron B86BPBE densities (scalar-relativistic, spin-restricted),
# fitted with rhofit.py (monotone decay imposed).  Two kinds of block:
#
#   STATE <N> <q> <nterm> <symbol>
#     the atom or ion with N electrons (charge q), in order of increasing N;
#   CORE <N_core> <nterm> <symbol>
#     the frozen core of the neutral atom with N_core electrons, for a
#     pseudopotential with Z - N_core valence electrons, in order of
#     increasing N_core, each preceded by a '# orbitals:' comment.
#
# Each block header is followed by nterm lines:   n   alpha   c
#
# Generated 2026-09-23 by combine_fits.py from
#   /home/alberto/doc/manuals/critic2/atomic_density_fits/15_rhofit/rho_b86bpbe_mono/fit_084_Po.dat
#     recipe: --npow 0,1,2,3,4,5,6,7,8,9,10 --amin 0.2 --ratio 1.1 --mom 3 --cusp none --targetz 1e-3 --besteffort --monotone --stats
#   /home/alberto/doc/manuals/critic2/atomic_density_fits/15_rhofit/core_b86bpbe_mono/core_084_Po.dat
#     recipe: --npow 0,1,2,3,4,5,6,7,8,9,10 --amin 0.2 --ratio 1.1 --mom 3 --cusp none --besteffort --monotone --stats --target 1e-3*N_core
#
STATE 78 +6 30 Po
   0.00000   4.21896515144623e+00   5.48320128000027e+01
   0.00000   9.04169647180643e+00   0.00000000000000e+00
   0.00000   9.94558702694833e+00   1.75629579780389e+02
   0.00000   2.57890535508381e+01   6.96693189638287e+03
   0.00000   2.83671628695193e+01   0.00000000000000e+00
   0.00000   6.68713954486470e+01   3.87897103369900e+04
   0.00000   2.53844267814804e+02   8.59404366992276e+05
   0.00000   2.79220859129296e+02   0.00000000000000e+00
   0.00000   7.96403828756020e+02   0.00000000000000e+00
   0.00000   8.76019628859029e+02   7.91919567204585e+05
   0.00000   2.49861485515198e+03   9.01542469240505e+05
   0.00000   6.47894509673862e+03   1.38108453272393e+06
   0.00000   7.12663961938554e+03   0.00000000000000e+00
   0.00000   1.68000000000000e+04   2.24524085584281e+06
   9.00000   9.04169647180643e+00   1.63696475496484e+03
   9.00000   2.83671628695193e+01   2.30871242704290e+09
   9.00000   8.09098474615376e+01   6.98432723215126e+14
   9.00000   2.09800425386854e+02   2.18534974781599e+19
  10.00000   9.04169647180643e+00   3.24278084503275e+01
  10.00000   1.32364619808998e+01   2.73171942326329e+05
  10.00000   1.45596996061991e+01   6.37588246516746e+05
  10.00000   3.43223407451091e+01   1.52940564855772e+11
  10.00000   3.77535153843600e+01   2.62976252774419e+11
  10.00000   8.09098474615376e+01   4.67219090431297e+15
  10.00000   2.30773991969547e+02   1.43240709123365e+20
  10.00000   3.07134326270397e+02   8.14375927782122e+21
  10.00000   3.37838278514463e+02   2.90672758454428e+22
  10.00000   7.96403828756020e+02   1.12878896596620e+26
  10.00000   8.76019628859029e+02   1.23020810072987e+26
  10.00000   3.02315430146402e+03   2.20560047069801e+32
STATE 79 +5 29 Po
   0.00000   3.48694375132197e+00   3.76172334854337e+01
   0.00000   9.94558702694833e+00   1.80419566841148e+02
   0.00000   2.57890535508381e+01   6.85591863740862e+03
   0.00000   6.68713954486470e+01   3.95713237645955e+04
   0.00000   2.53844267814804e+02   8.55954138101951e+05
   0.00000   7.96403828756020e+02   9.35354212531166e+04
   0.00000   8.76019628859029e+02   6.92652242434944e+05
   0.00000   2.49861485515198e+03   9.16099666855109e+05
   0.00000   6.47894509673862e+03   1.37833582278680e+06
   0.00000   7.12663961938554e+03   0.00000000000000e+00
   0.00000   1.68000000000000e+04   2.21718550190983e+06
   9.00000   2.83671628695193e+01   2.69276826690428e+09
   9.00000   8.09098474615376e+01   0.00000000000000e+00
   9.00000   2.09800425386854e+02   2.02567418676648e+19
  10.00000   8.21995472632865e+00   9.84451793412052e+00
  10.00000   9.04169647180643e+00   2.58148983771974e+02
  10.00000   1.32364619808998e+01   1.92182522441670e+05
  10.00000   1.45596996061991e+01   5.34959842946262e+05
  10.00000   3.43223407451091e+01   1.36026477405403e+11
  10.00000   3.77535153843600e+01   3.16119322458623e+11
  10.00000   8.09098474615376e+01   7.70025614413203e+15
  10.00000   9.78954210889243e+01   2.37853978281907e+16
  10.00000   2.09800425386854e+02   6.64068373763047e+19
  10.00000   3.07134326270397e+02   1.34654850993077e+22
  10.00000   3.37838278514463e+02   1.68439381908846e+22
  10.00000   7.96403828756020e+02   3.42306475057936e+25
  10.00000   8.76019628859029e+02   2.80889362823014e+26
  10.00000   2.74839921537149e+03   5.10238756008077e+31
  10.00000   3.02315430146402e+03   5.48999790231121e+31
STATE 80 +4 30 Po
   0.00000   3.17003781961669e+00   2.84763411523929e+01
   0.00000   3.48694375132197e+00   1.22851068996850e+00
   0.00000   9.04169647180643e+00   1.89033134709951e+02
   0.00000   2.57890535508381e+01   6.99056623027393e+03
   0.00000   2.83671628695193e+01   0.00000000000000e+00
   0.00000   6.68713954486470e+01   3.87399493377474e+04
   0.00000   2.53844267814804e+02   8.59727831920227e+05
   0.00000   2.79220859129296e+02   0.00000000000000e+00
   0.00000   7.96403828756020e+02   0.00000000000000e+00
   0.00000   8.76019628859029e+02   7.92060559685458e+05
   0.00000   2.49861485515198e+03   9.01633983595979e+05
   0.00000   6.47894509673862e+03   1.38274551788218e+06
   0.00000   7.12663961938554e+03   0.00000000000000e+00
   0.00000   1.68000000000000e+04   2.24154383182856e+06
   9.00000   2.83671628695193e+01   2.38513201290361e+09
   9.00000   8.09098474615376e+01   6.99981467227705e+14
   9.00000   2.09800425386854e+02   2.13428976050463e+19
  10.00000   6.79373228747714e+00   2.62135918027698e+00
  10.00000   7.47289581259228e+00   5.57549866365970e-01
  10.00000   1.32364619808998e+01   9.24605041506257e+04
  10.00000   1.45596996061991e+01   7.42118812960486e+05
  10.00000   3.43223407451091e+01   1.46728067507557e+11
  10.00000   3.77535153843600e+01   2.81657144841543e+11
  10.00000   8.09098474615376e+01   4.69136655804291e+15
  10.00000   2.30773991969547e+02   1.73873899566750e+20
  10.00000   3.07134326270397e+02   8.02500010663168e+21
  10.00000   3.37838278514463e+02   2.96035055471634e+22
  10.00000   7.96403828756020e+02   1.15302886266075e+26
  10.00000   8.76019628859029e+02   1.18420286187851e+26
  10.00000   3.02315430146402e+03   2.18592605875593e+32
STATE 81 +3 31 Po
   0.00000   2.38189684367394e+00   1.43734395417917e+00
   0.00000   2.62001300550624e+00   8.30436481103254e+00
   0.00000   3.83553049419250e+00   1.71066369978791e+01
   0.00000   4.21896515144623e+00   0.00000000000000e+00
   0.00000   8.21995472632865e+00   2.02843868360188e+02
   0.00000   2.83671628695193e+01   8.48425371527153e+03
   0.00000   6.68713954486470e+01   3.64305114783240e+04
   0.00000   2.53844267814804e+02   8.61458087392914e+05
   0.00000   7.96403828756020e+02   0.00000000000000e+00
   0.00000   8.76019628859029e+02   7.89707755417326e+05
   0.00000   2.49861485515198e+03   9.05721912486712e+05
   0.00000   6.47894509673862e+03   1.37316784463253e+06
   0.00000   7.12663961938554e+03   0.00000000000000e+00
   0.00000   1.68000000000000e+04   2.26281407758619e+06
   9.00000   2.83671628695193e+01   1.94488335168865e+09
   9.00000   8.09098474615376e+01   0.00000000000000e+00
   9.00000   2.09800425386854e+02   2.33344629052746e+19
  10.00000   5.10466133626892e+00   7.39597501225615e-02
  10.00000   1.32364619808998e+01   1.13201935065883e+05
  10.00000   1.45596996061991e+01   8.59547648438304e+05
  10.00000   3.43223407451091e+01   1.53224333842273e+11
  10.00000   3.77535153843600e+01   2.59883080002322e+11
  10.00000   8.09098474615376e+01   8.00192344580966e+15
  10.00000   9.78954210889243e+01   2.47365593167471e+16
  10.00000   2.30773991969547e+02   0.00000000000000e+00
  10.00000   3.07134326270397e+02   9.27126506843363e+21
  10.00000   3.37838278514463e+02   2.34648951175403e+22
  10.00000   7.96403828756020e+02   9.81308187123691e+25
  10.00000   8.76019628859029e+02   1.89417515053246e+26
  10.00000   2.74839921537149e+03   0.00000000000000e+00
  10.00000   3.02315430146402e+03   2.05008041089963e+32
STATE 82 +2 32 Po
   0.00000   1.96862026994825e+00   1.19938236844180e-01
   0.00000   2.16542153110711e+00   4.44234924064766e+00
   0.00000   3.83553049419250e+00   2.56581093729059e+01
   0.00000   4.21896515144623e+00   0.00000000000000e+00
   0.00000   8.21995472632865e+00   1.97398486340541e+02
   0.00000   2.83671628695193e+01   8.48721308284471e+03
   0.00000   6.68713954486470e+01   3.64338132406423e+04
   0.00000   2.53844267814804e+02   8.61437374253769e+05
   0.00000   7.96403828756020e+02   0.00000000000000e+00
   0.00000   8.76019628859029e+02   7.89702007756559e+05
   0.00000   2.49861485515198e+03   9.05674883780423e+05
   0.00000   6.47894509673862e+03   1.37328411501796e+06
   0.00000   7.12663961938554e+03   0.00000000000000e+00
   0.00000   1.68000000000000e+04   2.26236676362311e+06
   9.00000   2.83671628695193e+01   1.85230391268246e+09
   9.00000   8.09098474615376e+01   0.00000000000000e+00
   9.00000   2.09800425386854e+02   2.33377595331782e+19
  10.00000   4.64073143886322e+00   1.21931020856747e-02
  10.00000   5.10466133626892e+00   7.95930079618811e-02
  10.00000   1.32364619808998e+01   1.23184240184034e+05
  10.00000   1.45596996061991e+01   8.72419524535947e+05
  10.00000   3.43223407451091e+01   1.55840297057988e+11
  10.00000   3.77535153843600e+01   2.55740673776541e+11
  10.00000   8.09098474615376e+01   8.00242085077611e+15
  10.00000   9.78954210889243e+01   2.47764873752061e+16
  10.00000   2.30773991969547e+02   0.00000000000000e+00
  10.00000   3.07134326270397e+02   9.25973021786557e+21
  10.00000   3.37838278514463e+02   2.35068402568405e+22
  10.00000   7.96403828756020e+02   9.83881926515211e+25
  10.00000   8.76019628859029e+02   1.88754516573281e+26
  10.00000   2.74839921537149e+03   0.00000000000000e+00
  10.00000   3.02315430146402e+03   2.04934900794729e+32
STATE 83 +1 33 Po
   0.00000   1.78970501197045e+00   1.62094015887623e+00
   0.00000   1.96862026994825e+00   9.60891245008279e-01
   0.00000   3.83553049419250e+00   3.29011756321814e+01
   0.00000   4.21896515144623e+00   0.00000000000000e+00
   0.00000   8.21995472632865e+00   1.22874507258402e+02
   0.00000   2.57890535508381e+01   7.12291011524849e+03
   0.00000   2.83671628695193e+01   0.00000000000000e+00
   0.00000   6.68713954486470e+01   3.86034923922104e+04
   0.00000   2.53844267814804e+02   8.59919428959243e+05
   0.00000   7.96403828756020e+02   0.00000000000000e+00
   0.00000   8.76019628859029e+02   7.91720558190101e+05
   0.00000   2.49861485515198e+03   9.01255244675958e+05
   0.00000   6.47894509673862e+03   1.38630975924364e+06
   0.00000   7.12663961938554e+03   0.00000000000000e+00
   0.00000   1.68000000000000e+04   2.22891058014228e+06
   9.00000   2.83671628695193e+01   2.69270924676773e+09
   9.00000   8.09098474615376e+01   0.00000000000000e+00
   9.00000   2.09800425386854e+02   2.45333450944721e+19
  10.00000   4.64073143886322e+00   2.52045147760416e-02
  10.00000   5.10466133626892e+00   6.34757503888973e-02
  10.00000   1.32364619808998e+01   1.02882243014038e+05
  10.00000   1.45596996061991e+01   9.11269365689143e+05
  10.00000   3.43223407451091e+01   1.27641719783629e+11
  10.00000   3.77535153843600e+01   3.38300037522280e+11
  10.00000   8.09098474615376e+01   7.81103976202490e+15
  10.00000   9.78954210889243e+01   2.27882481064432e+16
  10.00000   2.30773991969547e+02   0.00000000000000e+00
  10.00000   3.07134326270397e+02   7.90778050583465e+21
  10.00000   3.37838278514463e+02   2.94149044567215e+22
  10.00000   7.96403828756020e+02   1.21620443972952e+26
  10.00000   8.76019628859029e+02   1.07742893308134e+26
  10.00000   2.74839921537149e+03   0.00000000000000e+00
  10.00000   3.02315430146402e+03   2.11947138744118e+32
STATE 84 +0 34 Po
   0.00000   1.47917806480595e+00   5.79017715265161e-01
   0.00000   1.62705021317105e+00   9.56021822659138e-01
   0.00000   3.83553049419250e+00   3.83761953254835e+01
   0.00000   8.21995472632865e+00   0.00000000000000e+00
   0.00000   9.04169647180643e+00   1.33690793021465e+02
   0.00000   2.57890535508381e+01   7.08712276842997e+03
   0.00000   2.83671628695193e+01   0.00000000000000e+00
   0.00000   6.68713954486470e+01   3.86362904980795e+04
   0.00000   2.53844267814804e+02   8.59893165117451e+05
   0.00000   7.96403828756020e+02   0.00000000000000e+00
   0.00000   8.76019628859029e+02   7.91735772110853e+05
   0.00000   2.49861485515198e+03   9.01128604145501e+05
   0.00000   6.47894509673862e+03   1.38682354857790e+06
   0.00000   7.12663961938554e+03   0.00000000000000e+00
   0.00000   1.68000000000000e+04   2.22731626103978e+06
   9.00000   2.83671628695193e+01   2.78381445200723e+09
   9.00000   8.09098474615376e+01   0.00000000000000e+00
   9.00000   2.09800425386854e+02   2.45650880262368e+19
  10.00000   2.16542153110711e+00   0.00000000000000e+00
  10.00000   2.38189684367394e+00   9.74914911889228e-08
  10.00000   4.64073143886322e+00   1.08013008868846e-02
  10.00000   5.10466133626892e+00   6.83592197319354e-02
  10.00000   1.32364619808998e+01   9.89310218351081e+04
  10.00000   1.45596996061991e+01   8.89769992937295e+05
  10.00000   3.43223407451091e+01   1.26083026253532e+11
  10.00000   3.77535153843600e+01   3.42806226587579e+11
  10.00000   8.09098474615376e+01   7.80254600133124e+15
  10.00000   9.78954210889243e+01   2.27682946683852e+16
  10.00000   3.07134326270397e+02   7.85646205773674e+21
  10.00000   3.37838278514463e+02   2.96070304712726e+22
  10.00000   7.96403828756020e+02   1.22598190408194e+26
  10.00000   8.76019628859029e+02   1.05224225715608e+26
  10.00000   2.74839921537149e+03   0.00000000000000e+00
  10.00000   3.02315430146402e+03   2.11640953913505e+32
STATE 85 -1 33 Po
   0.00000   1.47917806480595e+00   1.00748103394647e+00
   0.00000   1.62705021317105e+00   5.79883257122772e-01
   0.00000   3.83553049419250e+00   3.50204111482876e+01
   0.00000   4.21896515144623e+00   0.00000000000000e+00
   0.00000   8.21995472632865e+00   1.20339047483371e+02
   0.00000   2.57890535508381e+01   7.12558575975057e+03
   0.00000   2.83671628695193e+01   0.00000000000000e+00
   0.00000   6.68713954486470e+01   3.86104946609128e+04
   0.00000   2.53844267814804e+02   8.59886754908020e+05
   0.00000   7.96403828756020e+02   0.00000000000000e+00
   0.00000   8.76019628859029e+02   7.91744086806451e+05
   0.00000   2.49861485515198e+03   9.01237876275741e+05
   0.00000   6.47894509673862e+03   1.38615991720697e+06
   0.00000   7.12663961938554e+03   0.00000000000000e+00
   0.00000   1.68000000000000e+04   2.22942988557559e+06
   9.00000   2.83671628695193e+01   2.66090826428465e+09
   9.00000   8.09098474615376e+01   0.00000000000000e+00
   9.00000   2.09800425386854e+02   2.45295142440921e+19
  10.00000   4.64073143886322e+00   2.09389982883987e-02
  10.00000   5.10466133626892e+00   9.46688598410736e-02
  10.00000   1.32364619808998e+01   9.53890199591571e+04
  10.00000   1.45596996061991e+01   9.73310743140488e+05
  10.00000   3.43223407451091e+01   1.28311633450655e+11
  10.00000   3.77535153843600e+01   3.38941454789266e+11
  10.00000   8.09098474615376e+01   7.81498564748871e+15
  10.00000   9.78954210889243e+01   2.28277669296482e+16
  10.00000   2.30773991969547e+02   0.00000000000000e+00
  10.00000   3.07134326270397e+02   7.91852866894935e+21
  10.00000   3.37838278514463e+02   2.93930566702591e+22
  10.00000   7.96403828756020e+02   1.21375846990628e+26
  10.00000   8.76019628859029e+02   1.07875323787725e+26
  10.00000   2.74839921537149e+03   0.00000000000000e+00
  10.00000   3.02315430146402e+03   2.12396606113631e+32
STATE 86 -2 33 Po
   0.00000   1.47917806480595e+00   1.17031778703154e+00
   0.00000   1.62705021317105e+00   7.34724557490243e-01
   0.00000   4.21896515144623e+00   4.74400623012471e+01
   0.00000   8.21995472632865e+00   0.00000000000000e+00
   0.00000   9.04169647180643e+00   1.16961465212082e+02
   0.00000   2.57890535508381e+01   7.09957209846095e+03
   0.00000   2.83671628695193e+01   0.00000000000000e+00
   0.00000   6.68713954486470e+01   3.86327207396436e+04
   0.00000   2.53844267814804e+02   8.59896965023767e+05
   0.00000   7.96403828756020e+02   0.00000000000000e+00
   0.00000   8.76019628859029e+02   7.91733688537738e+05
   0.00000   2.49861485515198e+03   9.01050837468638e+05
   0.00000   6.47894509673862e+03   1.38727498330250e+06
   0.00000   7.12663961938554e+03   0.00000000000000e+00
   0.00000   1.68000000000000e+04   2.22589021493530e+06
   9.00000   3.17003781961669e+00   5.28992000695902e-05
   9.00000   2.83671628695193e+01   2.53628074470874e+09
   9.00000   8.09098474615376e+01   0.00000000000000e+00
   9.00000   2.09800425386854e+02   2.45762295912411e+19
  10.00000   4.64073143886322e+00   2.60017416735689e-02
  10.00000   5.10466133626892e+00   7.63054305457066e-02
  10.00000   1.32364619808998e+01   1.10516068468079e+05
  10.00000   1.45596996061991e+01   9.38770367850150e+05
  10.00000   3.43223407451091e+01   1.32777406182880e+11
  10.00000   3.77535153843600e+01   3.33444338322221e+11
  10.00000   8.09098474615376e+01   7.80187884116306e+15
  10.00000   9.78954210889243e+01   2.29086997817157e+16
  10.00000   3.07134326270397e+02   7.82094620838660e+21
  10.00000   3.37838278514463e+02   2.97345702137879e+22
  10.00000   7.96403828756020e+02   1.23436483902297e+26
  10.00000   8.76019628859029e+02   1.03373073145631e+26
  10.00000   2.74839921537149e+03   0.00000000000000e+00
  10.00000   3.02315430146402e+03   2.11161790577282e+32
# orbitals: 1s2
CORE 2 8 Po
   0.00000   1.43312598845606e+02   0.00000000000000e+00
   0.00000   1.57639435068577e+02   8.19534716134707e+04
   0.00000   1.90733011622528e+02   2.80545108597795e+05
   0.00000   2.09800425386854e+02   8.06796649240210e+04
   0.00000   3.37838278514463e+02   2.97843905051436e+05
   0.00000   5.98400357959508e+02   3.23748472954905e+05
   0.00000   1.41064043513211e+03   0.00000000000000e+00
   0.00000   1.55166093609596e+03   9.45386641308464e+05
# orbitals: 1s2 2s2
CORE 4 18 Po
   0.00000   5.52687178328336e+01   1.92260432061178e+03
   0.00000   6.07938836244166e+01   4.42623324679609e+03
   0.00000   2.09800425386854e+02   1.92186967973071e+05
   0.00000   2.30773991969547e+02   5.77111556517220e+05
   0.00000   7.24023797598393e+02   7.15414429949952e+05
   0.00000   2.06508685030163e+03   4.13494343977014e+05
   0.00000   2.27153179184062e+03   5.37296010661646e+05
   0.00000   7.12663961938554e+03   1.81982153107611e+06
   0.00000   7.83908360176749e+03   0.00000000000000e+00
   0.00000   1.68000000000000e+04   1.19149368360406e+06
   4.00000   9.78954210889243e+01   8.19676532711399e+09
   5.00000   1.07681941438268e+02   0.00000000000000e+00
   5.00000   1.18446811739864e+02   2.40444651039488e+11
  10.00000   2.30773991969547e+02   1.43524421772910e+20
  10.00000   2.53844267814804e+02   4.89624156771912e+19
  10.00000   6.58221922799659e+02   1.60036736921093e+25
  10.00000   7.24023797598393e+02   2.11034370074785e+25
  10.00000   2.49861485515198e+03   2.45701484270754e+31
# orbitals: 1s2 2s2 2p6
CORE 10 18 Po
   0.00000   5.52687178328336e+01   6.62369354184819e+03
   0.00000   6.07938836244166e+01   2.79980922050357e+04
   0.00000   2.30773991969547e+02   1.26759486018963e+05
   0.00000   2.53844267814804e+02   7.23425909420602e+05
   0.00000   9.63594551453880e+02   8.75511294510831e+05
   0.00000   1.05992426311377e+03   0.00000000000000e+00
   0.00000   3.32537641523998e+03   1.28220674461411e+06
   0.00000   3.65781141163690e+03   0.00000000000000e+00
   0.00000   1.14759141034470e+04   0.00000000000000e+00
   0.00000   1.26231512842206e+04   2.55370238963678e+06
   3.00000   8.89983347455887e+01   9.59217886373014e+08
   4.00000   9.78954210889243e+01   4.24210719853147e+09
   4.00000   1.07681941438268e+02   1.27592867739388e+10
   9.00000   2.09800425386854e+02   3.12909283016901e+18
   9.00000   7.96403828756020e+02   0.00000000000000e+00
  10.00000   2.53844267814804e+02   5.46240167755141e+20
  10.00000   7.96403828756020e+02   3.80793132056715e+26
  10.00000   3.65781141163690e+03   3.49377666882882e+33
# orbitals: 1s2 2s2 2p6 3s2
CORE 12 20 Po
   0.00000   2.57890535508381e+01   0.00000000000000e+00
   0.00000   5.02456988890006e+01   3.32673456519928e+04
   0.00000   2.53844267814804e+02   8.89263907990168e+05
   0.00000   2.79220859129296e+02   0.00000000000000e+00
   0.00000   9.63594551453880e+02   8.78595184465987e+05
   0.00000   3.32537641523998e+03   1.33886488687252e+06
   0.00000   3.65781141163690e+03   0.00000000000000e+00
   0.00000   1.14759141034470e+04   0.00000000000000e+00
   0.00000   1.26231512842206e+04   2.60742345117827e+06
   8.00000   1.73398512684232e+02   1.48307735996081e+17
   9.00000   5.52687178328336e+01   4.21667186604588e+11
  10.00000   5.52687178328336e+01   5.41258380919554e+11
  10.00000   7.35564708594029e+01   2.61048559979292e+14
  10.00000   8.09098474615376e+01   5.84204382154466e+14
  10.00000   1.90733011622528e+02   1.07065490868732e+19
  10.00000   2.79220859129296e+02   4.35811122372651e+21
  10.00000   3.07134326270397e+02   3.24228296403286e+21
  10.00000   7.96403828756020e+02   2.00142657820493e+26
  10.00000   8.76019628859029e+02   4.44060968632769e+26
  10.00000   3.65781141163690e+03   1.81245125223211e+33
# orbitals: 1s2 2s2 2p6 3s2 3p6
CORE 18 20 Po
   0.00000   2.34452520369114e+01   8.02507932575491e+02
   0.00000   2.57890535508381e+01   0.00000000000000e+00
   0.00000   5.52687178328336e+01   2.82576116641948e+04
   0.00000   6.07938836244166e+01   1.38932847469119e+04
   0.00000   2.53844267814804e+02   8.59547800100427e+05
   0.00000   2.79220859129296e+02   0.00000000000000e+00
   0.00000   8.76019628859029e+02   7.69109040775995e+05
   0.00000   9.63594551453880e+02   2.98229948190168e+04
   0.00000   3.02315430146402e+03   1.34601653128229e+06
   0.00000   3.32537641523998e+03   0.00000000000000e+00
   0.00000   1.14759141034470e+04   2.36270419925275e+06
   7.00000   5.02456988890006e+01   9.31680609878629e+09
   7.00000   1.73398512684232e+02   6.26288176751712e+15
   8.00000   5.52687178328336e+01   3.31675885089207e+10
  10.00000   6.07938836244166e+01   5.24693824638227e+13
  10.00000   8.09098474615376e+01   4.49605509927099e+15
  10.00000   2.09800425386854e+02   2.20107224131991e+20
  10.00000   3.07134326270397e+02   1.67684243537389e+22
  10.00000   7.96403828756020e+02   9.74666499831150e+25
  10.00000   8.76019628859029e+02   2.72941113909266e+26
# orbitals: 1s2 2s2 2p6 3s2 3p6 3d10
CORE 28 20 Po
   0.00000   2.34452520369114e+01   1.06265152147428e+03
   0.00000   2.57890535508381e+01   5.11002508487103e+03
   0.00000   6.07938836244166e+01   3.63496350447650e+04
   0.00000   2.53844267814804e+02   6.42129159080085e+05
   0.00000   2.79220859129296e+02   2.64838176775107e+05
   0.00000   1.05992426311377e+03   9.63930306955826e+05
   0.00000   3.65781141163690e+03   1.28923453793159e+06
   0.00000   4.02347964632918e+03   0.00000000000000e+00
   0.00000   1.38850767710485e+04   3.08474551351529e+06
   0.00000   1.52731558544269e+04   0.00000000000000e+00
   7.00000   5.02456988890006e+01   6.47564555750169e+09
   8.00000   5.52687178328336e+01   1.74504157660077e+12
   8.00000   1.90733011622528e+02   3.45533532242765e+17
   9.00000   2.09800425386854e+02   3.69510602677288e+18
   9.00000   8.76019628859029e+02   0.00000000000000e+00
  10.00000   8.09098474615376e+01   3.18096349876637e+15
  10.00000   8.89983347455887e+01   9.08124957918552e+15
  10.00000   3.07134326270397e+02   9.89350843213178e+21
  10.00000   8.76019628859029e+02   1.09238601089929e+27
  10.00000   3.65781141163690e+03   4.75280020363550e+33
# orbitals: 1s2 2s2 2p6 3s2 3p6 3d10 4s2
CORE 30 26 Po
   0.00000   1.93773288362557e+01   3.64100635527498e+03
   0.00000   6.07938836244166e+01   3.69968696884381e+04
   0.00000   6.68713954486470e+01   3.37402442816942e+03
   0.00000   2.53844267814804e+02   7.48725712097265e+05
   0.00000   2.79220859129296e+02   1.37762248795283e+05
   0.00000   9.63594551453880e+02   8.86059527996556e+05
   0.00000   1.05992426311377e+03   0.00000000000000e+00
   0.00000   3.32537641523998e+03   1.34500549332037e+06
   0.00000   3.65781141163690e+03   0.00000000000000e+00
   0.00000   1.14759141034470e+04   0.00000000000000e+00
   0.00000   1.26231512842206e+04   2.61606697478087e+06
   9.00000   6.68713954486470e+01   3.64396745105249e+13
   9.00000   2.09800425386854e+02   1.27561392970586e+19
   9.00000   8.76019628859029e+02   0.00000000000000e+00
  10.00000   1.60152201493608e+01   0.00000000000000e+00
  10.00000   1.76162478189651e+01   1.70629908782400e+04
  10.00000   3.12030035409999e+01   3.10634371060094e+09
  10.00000   3.43223407451091e+01   9.47942923886784e+09
  10.00000   7.35564708594029e+01   7.64079647189778e+14
  10.00000   8.09098474615376e+01   0.00000000000000e+00
  10.00000   8.89983347455887e+01   1.22478772244320e+16
  10.00000   2.09800425386854e+02   1.96104606489289e+20
  10.00000   3.07134326270397e+02   1.87971628304948e+22
  10.00000   8.76019628859029e+02   6.93661245031143e+26
  10.00000   3.32537641523998e+03   1.08643603979660e+33
  10.00000   3.65781141163690e+03   0.00000000000000e+00
# orbitals: 1s2 2s2 2p6 3s2 3p6 3d10 4s2 4p6
CORE 36 25 Po
   0.00000   1.20334849283023e+01   3.21639871297572e+01
   0.00000   2.13144635955992e+01   4.24092061034088e+03
   0.00000   6.68713954486470e+01   4.62658247555614e+04
   0.00000   2.53844267814804e+02   6.70244166049360e+05
   0.00000   2.79220859129296e+02   2.10870218717232e+05
   0.00000   9.63594551453880e+02   8.86601675518026e+05
   0.00000   3.02315430146402e+03   9.96237367693660e+05
   0.00000   7.83908360176749e+03   1.55828004358691e+06
   0.00000   8.62274999122215e+03   0.00000000000000e+00
   0.00000   1.68000000000000e+04   1.45904410812227e+06
   9.00000   2.34452520369114e+01   0.00000000000000e+00
   9.00000   7.35564708594029e+01   3.93502034862032e+14
   9.00000   2.09800425386854e+02   1.18673390097254e+19
   9.00000   8.76019628859029e+02   1.38588926602636e+24
  10.00000   2.57890535508381e+01   5.07319211328082e+08
  10.00000   3.12030035409999e+01   1.02441962614319e+09
  10.00000   3.43223407451091e+01   9.29599072219549e+10
  10.00000   8.89983347455887e+01   1.30310400920040e+15
  10.00000   9.78954210889243e+01   1.17269239528043e+16
  10.00000   2.09800425386854e+02   2.52917881987911e+20
  10.00000   3.07134326270397e+02   2.33831012659676e+22
  10.00000   3.37838278514463e+02   0.00000000000000e+00
  10.00000   8.76019628859029e+02   4.08486864141041e+26
  10.00000   3.02315430146402e+03   3.83915762539301e+32
  10.00000   3.32537641523998e+03   0.00000000000000e+00
# orbitals: 1s2 2s2 2p6 3s2 3p6 3d10 4s2 4p6 4d10
CORE 46 28 Po
   0.00000   9.04169647180643e+00   4.78809309678154e+01
   0.00000   9.94558702694833e+00   0.00000000000000e+00
   0.00000   2.57890535508381e+01   6.37583549183709e+03
   0.00000   6.07938836244166e+01   3.63811139792566e+04
   0.00000   6.68713954486470e+01   0.00000000000000e+00
   0.00000   2.53844267814804e+02   8.64499030377372e+05
   0.00000   2.79220859129296e+02   0.00000000000000e+00
   0.00000   8.76019628859029e+02   7.82619631488132e+05
   0.00000   2.49861485515198e+03   9.07292234672246e+05
   0.00000   2.74839921537149e+03   0.00000000000000e+00
   0.00000   5.89011537111689e+03   4.87155017550642e+05
   0.00000   6.47894509673862e+03   7.57791954481931e+05
   0.00000   1.68000000000000e+04   2.59496678577914e+06
   6.00000   1.76162478189651e+01   1.69166308952279e+05
   9.00000   2.34452520369114e+01   0.00000000000000e+00
   9.00000   7.35564708594029e+01   3.65547514973098e+14
   9.00000   2.09800425386854e+02   1.37247171976059e+19
  10.00000   2.57890535508381e+01   1.68537518370156e+09
  10.00000   3.43223407451091e+01   1.65576289114024e+11
  10.00000   3.77535153843600e+01   6.49746550305752e+10
  10.00000   8.09098474615376e+01   1.16488836276393e+15
  10.00000   9.78954210889243e+01   2.53469415389825e+16
  10.00000   2.09800425386854e+02   1.37182295233402e+20
  10.00000   3.07134326270397e+02   1.80498940963798e+22
  10.00000   3.37838278514463e+02   0.00000000000000e+00
  10.00000   7.96403828756020e+02   3.05723548519885e+25
  10.00000   8.76019628859029e+02   4.11811177670880e+26
  10.00000   3.02315430146402e+03   1.77534704776814e+32
# orbitals: 1s2 2s2 2p6 3s2 3p6 3d10 4s2 4p6 4d10 4f14
CORE 60 28 Po
   0.00000   8.21995472632865e+00   1.43735951660669e+02
   0.00000   9.04169647180643e+00   2.38330742917889e+02
   0.00000   2.83671628695193e+01   7.92278415015028e+03
   0.00000   6.07938836244166e+01   0.00000000000000e+00
   0.00000   6.68713954486470e+01   3.67720734495318e+04
   0.00000   2.53844267814804e+02   8.60513113103546e+05
   0.00000   2.79220859129296e+02   0.00000000000000e+00
   0.00000   7.96403828756020e+02   0.00000000000000e+00
   0.00000   8.76019628859029e+02   7.88088805761457e+05
   0.00000   2.49861485515198e+03   7.96252935302547e+05
   0.00000   2.74839921537149e+03   1.32168541537873e+05
   0.00000   6.47894509673862e+03   1.30399794192304e+06
   0.00000   7.12663961938554e+03   0.00000000000000e+00
   0.00000   1.68000000000000e+04   2.38002230471413e+06
   5.00000   1.45596996061991e+01   5.56521903744755e+04
   9.00000   2.34452520369114e+01   0.00000000000000e+00
   9.00000   8.09098474615376e+01   0.00000000000000e+00
   9.00000   2.09800425386854e+02   2.36353641424076e+19
  10.00000   2.57890535508381e+01   2.15015159576683e+09
  10.00000   3.43223407451091e+01   1.95784034161195e+11
  10.00000   3.77535153843600e+01   4.95293667893625e+10
  10.00000   8.09098474615376e+01   7.70074277467270e+15
  10.00000   9.78954210889243e+01   1.92250937268557e+16
  10.00000   3.07134326270397e+02   8.42390228364566e+21
  10.00000   3.37838278514463e+02   2.51425183520688e+22
  10.00000   7.96403828756020e+02   1.13357520708491e+26
  10.00000   8.76019628859029e+02   1.74321348366438e+26
  10.00000   3.02315430146402e+03   1.76656965831104e+32
# orbitals: 1s2 2s2 2p6 3s2 3p6 3d10 4s2 4p6 4d10 4f14 5s2
CORE 62 29 Po
   0.00000   6.79373228747714e+00   1.60901697649864e+01
   0.00000   7.47289581259228e+00   3.01126528092107e+02
   0.00000   3.12030035409999e+01   1.02683135925523e+04
   0.00000   6.07938836244166e+01   0.00000000000000e+00
   0.00000   6.68713954486470e+01   3.30497064125535e+04
   0.00000   2.53844267814804e+02   8.65004746668904e+05
   0.00000   8.76019628859029e+02   7.86863153212206e+05
   0.00000   2.49861485515198e+03   6.16265710378389e+05
   0.00000   2.74839921537149e+03   3.80684795725412e+05
   0.00000   7.12663961938554e+03   1.40945298976138e+06
   0.00000   7.83908360176749e+03   0.00000000000000e+00
   0.00000   1.68000000000000e+04   2.08550894019667e+06
   9.00000   2.34452520369114e+01   2.48582236635470e+08
   9.00000   8.09098474615376e+01   0.00000000000000e+00
   9.00000   2.09800425386854e+02   1.77721837226302e+19
   9.00000   7.96403828756020e+02   1.20614092593402e+24
  10.00000   1.45596996061991e+01   7.33710359489994e+04
  10.00000   1.60152201493608e+01   2.83904904868421e+05
  10.00000   2.34452520369114e+01   0.00000000000000e+00
  10.00000   3.43223407451091e+01   1.91346589181540e+11
  10.00000   3.77535153843600e+01   4.13221388548756e+10
  10.00000   8.09098474615376e+01   8.04515665034042e+15
  10.00000   9.78954210889243e+01   2.25915522901393e+16
  10.00000   2.30773991969547e+02   2.60474021681576e+20
  10.00000   3.07134326270397e+02   8.56442036228437e+21
  10.00000   3.37838278514463e+02   2.35162453385035e+22
  10.00000   7.96403828756020e+02   1.06999709165106e+26
  10.00000   8.76019628859029e+02   0.00000000000000e+00
  10.00000   3.02315430146402e+03   1.45802000122553e+32
# orbitals: 1s2 2s2 2p6 3s2 3p6 3d10 4s2 4p6 4d10 4f14 5s2 5p6
CORE 68 30 Po
   0.00000   5.61496990318874e+00   8.82480589764295e+01
   0.00000   6.17629357499348e+00   9.75355969389223e+01
   0.00000   8.21995472632865e+00   0.00000000000000e+00
   0.00000   2.83671628695193e+01   8.46954209061642e+03
   0.00000   6.68713954486470e+01   3.65742677192306e+04
   0.00000   2.53844267814804e+02   8.61039334657466e+05
   0.00000   7.96403828756020e+02   0.00000000000000e+00
   0.00000   8.76019628859029e+02   7.89709195649068e+05
   0.00000   2.27153179184062e+03   0.00000000000000e+00
   0.00000   2.49861485515198e+03   9.05350685005890e+05
   0.00000   6.47894509673862e+03   1.37231727272503e+06
   0.00000   7.12663961938554e+03   0.00000000000000e+00
   0.00000   1.68000000000000e+04   2.26451693945693e+06
   9.00000   9.94558702694833e+00   4.85040692704737e+02
   9.00000   2.83671628695193e+01   1.60829291203567e+09
   9.00000   8.09098474615376e+01   0.00000000000000e+00
   9.00000   2.09800425386854e+02   2.28023716220213e+19
  10.00000   1.32364619808998e+01   3.93040845153380e+04
  10.00000   1.45596996061991e+01   5.49789904569906e+05
  10.00000   3.43223407451091e+01   1.52022836611340e+11
  10.00000   3.77535153843600e+01   1.79137543814089e+11
  10.00000   8.09098474615376e+01   8.09808277790938e+15
  10.00000   9.78954210889243e+01   2.32599112177765e+16
  10.00000   2.30773991969547e+02   3.31993273130970e+19
  10.00000   3.07134326270397e+02   9.22233439326188e+21
  10.00000   3.37838278514463e+02   2.37877956884190e+22
  10.00000   7.96403828756020e+02   9.74445716782142e+25
  10.00000   8.76019628859029e+02   1.88323574571513e+26
  10.00000   2.74839921537149e+03   0.00000000000000e+00
  10.00000   3.02315430146402e+03   2.07538126872738e+32
# orbitals: 1s2 2s2 2p6 3s2 3p6 3d10 4s2 4p6 4d10 4f14 5s2 5p6 5d10
CORE 78 30 Po
   0.00000   3.48694375132197e+00   1.00803933043369e+01
   0.00000   3.83553049419250e+00   3.10540834353083e+01
   0.00000   9.94558702694833e+00   2.06552985435950e+02
   0.00000   2.57890535508381e+01   6.88934485153689e+03
   0.00000   6.07938836244166e+01   0.00000000000000e+00
   0.00000   6.68713954486470e+01   3.90568700878054e+04
   0.00000   2.53844267814804e+02   8.58612543857528e+05
   0.00000   2.79220859129296e+02   0.00000000000000e+00
   0.00000   7.96403828756020e+02   0.00000000000000e+00
   0.00000   8.76019628859029e+02   7.92947628406025e+05
   0.00000   2.49861485515198e+03   9.02459295960865e+05
   0.00000   6.47894509673862e+03   1.36978767922821e+06
   0.00000   7.12663961938554e+03   0.00000000000000e+00
   0.00000   1.68000000000000e+04   2.28446606354272e+06
   9.00000   9.04169647180643e+00   9.42623176752640e+02
   9.00000   2.83671628695193e+01   2.68288308616311e+09
   9.00000   8.09098474615376e+01   6.99954858742733e+14
   9.00000   2.09800425386854e+02   2.42926048180424e+19
  10.00000   4.21896515144623e+00   5.21417332123874e-05
  10.00000   9.04169647180643e+00   0.00000000000000e+00
  10.00000   1.32364619808998e+01   2.01549229163349e+05
  10.00000   1.45596996061991e+01   6.25061539895379e+05
  10.00000   3.43223407451091e+01   1.42582226359341e+11
  10.00000   3.77535153843600e+01   2.75952672923983e+11
  10.00000   8.09098474615376e+01   4.66506419518712e+15
  10.00000   3.07134326270397e+02   9.14227031165519e+21
  10.00000   3.37838278514463e+02   2.57500842110751e+22
  10.00000   7.96403828756020e+02   9.16299287600855e+25
  10.00000   8.76019628859029e+02   1.55688421143226e+26
  10.00000   3.02315430146402e+03   2.42445838723478e+32
# orbitals: 1s2 2s2 2p6 3s2 3p6 3d10 4s2 4p6 4d10 4f14 5s2 5p6 5d10 6s2
CORE 80 33 Po
   0.00000   2.16542153110711e+00   6.95729133539389e-01
   0.00000   2.38189684367394e+00   0.00000000000000e+00
   0.00000   3.17003781961669e+00   1.95266966085046e+01
   0.00000   3.48694375132197e+00   9.78733620456947e+00
   0.00000   8.21995472632865e+00   0.00000000000000e+00
   0.00000   9.04169647180643e+00   1.87396133768147e+02
   0.00000   2.57890535508381e+01   7.00497759116638e+03
   0.00000   2.83671628695193e+01   0.00000000000000e+00
   0.00000   6.68713954486470e+01   3.86968314843476e+04
   0.00000   2.53844267814804e+02   8.59788334294677e+05
   0.00000   7.96403828756020e+02   0.00000000000000e+00
   0.00000   8.76019628859029e+02   7.91852413419170e+05
   0.00000   2.49861485515198e+03   9.01546806529990e+05
   0.00000   6.47894509673862e+03   1.38379514589813e+06
   0.00000   7.12663961938554e+03   0.00000000000000e+00
   0.00000   1.68000000000000e+04   2.23726051778743e+06
   9.00000   2.83671628695193e+01   2.57549024766226e+09
   9.00000   8.09098474615376e+01   6.93041373238789e+14
   9.00000   2.09800425386854e+02   2.08098865461187e+19
  10.00000   4.64073143886322e+00   1.05250967880816e-03
  10.00000   5.10466133626892e+00   7.66418004156348e-02
  10.00000   1.32364619808998e+01   1.01526581882799e+05
  10.00000   1.45596996061991e+01   7.47126588296384e+05
  10.00000   3.43223407451091e+01   1.40823398533777e+11
  10.00000   3.77535153843600e+01   2.88549285009855e+11
  10.00000   8.09098474615376e+01   4.73693044139718e+15
  10.00000   2.30773991969547e+02   2.02897449009146e+20
  10.00000   3.07134326270397e+02   7.91470279399716e+21
  10.00000   3.37838278514463e+02   2.99585440439300e+22
  10.00000   7.96403828756020e+02   1.17488889942379e+26
  10.00000   8.76019628859029e+02   1.15962567030070e+26
  10.00000   2.74839921537149e+03   0.00000000000000e+00
  10.00000   3.02315430146402e+03   2.15800102119954e+32
