# Free-atom, free-ion and frozen-core density fits -- Sm (Z = 62)
#
#   rho(r) = sum_i c_i r^n_i exp(-alpha_i r)      r in bohr, rho in e/bohr^3
#
# All-electron B86BPBE densities (scalar-relativistic, spin-restricted),
# fitted with rhofit.py (monotone decay imposed).  Two kinds of block:
#
#   STATE <N> <q> <nterm> <symbol>
#     the atom or ion with N electrons (charge q), in order of increasing N;
#   CORE <N_core> <nterm> <symbol>
#     the frozen core of the neutral atom with N_core electrons, for a
#     pseudopotential with Z - N_core valence electrons, in order of
#     increasing N_core, each preceded by a '# orbitals:' comment.
#
# Each block header is followed by nterm lines:   n   alpha   c
#
# Generated 2026-09-23 by combine_fits.py from
#   /home/alberto/doc/manuals/critic2/atomic_density_fits/15_rhofit/rho_b86bpbe_mono/fit_062_Sm.dat
#     recipe: --npow 0,1,2,3,4,5,6,7,8,9,10 --amin 0.2 --ratio 1.1 --mom 3 --cusp none --targetz 1e-3 --besteffort --monotone --stats
#   /home/alberto/doc/manuals/critic2/atomic_density_fits/15_rhofit/core_b86bpbe_mono/core_062_Sm.dat
#     recipe: --npow 0,1,2,3,4,5,6,7,8,9,10 --amin 0.2 --ratio 1.1 --mom 3 --cusp none --besteffort --monotone --stats --target 1e-3*N_core
#
STATE 59 +3 28 Sm
   0.00000   3.15593404214838e+00   1.78520871994729e+01
   0.00000   1.74893997473767e+01   0.00000000000000e+00
   0.00000   1.92348421130121e+01   2.64914782686585e+03
   0.00000   4.52805943723615e+01   1.06711744761122e+04
   0.00000   1.55951838130710e+02   1.21822156084772e+05
   0.00000   1.71515833991282e+02   1.26052094373434e+05
   0.00000   7.85821239252439e+02   1.34567221842031e+05
   0.00000   8.64246211099345e+02   0.00000000000000e+00
   0.00000   3.95965207888524e+03   1.93399107415073e+05
   0.00000   4.35482541767859e+03   0.00000000000000e+00
   6.00000   4.44059774467756e+02   8.77292221983451e+15
   9.00000   6.14220020643691e+00   6.26602093208269e+00
   9.00000   1.74893997473767e+01   6.41869405725645e+06
   9.00000   4.97995983919549e+01   4.06181539876312e+12
   9.00000   1.41800178154884e+02   2.35771561099797e+17
   9.00000   5.37116973693974e+02   1.42691663754942e+22
  10.00000   6.14220020643691e+00   0.00000000000000e+00
  10.00000   8.17081039330022e+00   1.11404329607238e+02
  10.00000   8.98625739708771e+00   1.04067465217475e+03
  10.00000   2.11544796537684e+01   3.93273385995975e+07
  10.00000   2.32656970508205e+01   8.19577490460877e+08
  10.00000   5.47695990826866e+01   5.44986641717727e+11
  10.00000   6.62471203228992e+01   1.24300232936682e+14
  10.00000   2.07458704865610e+02   5.02141467705845e+19
  10.00000   2.28163086823978e+02   2.22785717537046e+20
  10.00000   8.64246211099345e+02   0.00000000000000e+00
  10.00000   2.70646329630278e+03   5.88206631328010e+31
  10.00000   2.97656837518707e+03   0.00000000000000e+00
STATE 60 +2 32 Sm
   0.00000   2.60915857742003e+00   5.01595113341744e+00
   0.00000   2.86955264385292e+00   7.92819571072070e+00
   0.00000   1.74893997473767e+01   1.90841163723132e+03
   0.00000   4.11716618792165e+01   1.10726362228812e+04
   0.00000   1.55951838130710e+02   8.62965079308664e+04
   0.00000   1.71515833991282e+02   1.65970631293735e+05
   0.00000   7.85821239252439e+02   9.33560351497789e+04
   0.00000   8.64246211099345e+02   3.75360496167076e+04
   0.00000   3.95965207888524e+03   1.92203135385739e+05
   0.00000   4.35482541767859e+03   0.00000000000000e+00
   0.00000   1.24000000000000e+04   0.00000000000000e+00
   6.00000   4.44059774467756e+02   3.94922589551476e+16
   9.00000   5.58483371517380e+00   0.00000000000000e+00
   9.00000   1.74893997473767e+01   8.24718300236889e+06
   9.00000   4.97995983919549e+01   3.98143104601230e+12
   9.00000   1.41800178154884e+02   1.83021711427547e+17
  10.00000   2.00000000000000e-01   5.13720985641869e-26
  10.00000   6.14220020643691e+00   1.44448369329645e+00
  10.00000   8.17081039330022e+00   2.09254931012250e+02
  10.00000   8.98625739708771e+00   3.77399067514331e+02
  10.00000   1.92348421130121e+01   0.00000000000000e+00
  10.00000   2.11544796537684e+01   1.31910563094229e+07
  10.00000   2.32656970508205e+01   8.69797968393262e+08
  10.00000   5.47695990826866e+01   0.00000000000000e+00
  10.00000   6.62471203228992e+01   1.35068162292529e+14
  10.00000   1.41800178154884e+02   3.86759494624646e+17
  10.00000   2.07458704865610e+02   8.82954383534291e+19
  10.00000   2.28163086823978e+02   9.29571448313753e+19
  10.00000   5.37116973693974e+02   3.87379059282875e+23
  10.00000   8.64246211099345e+02   0.00000000000000e+00
  10.00000   2.70646329630278e+03   4.04754851403610e+31
  10.00000   2.97656837518707e+03   0.00000000000000e+00
STATE 61 +1 32 Sm
   0.00000   1.21896350532840e+00   1.13250840946250e-01
   0.00000   1.34061608203749e+00   0.00000000000000e+00
   0.00000   2.60915857742003e+00   6.47845987697798e+00
   0.00000   2.86955264385292e+00   5.57918695306588e+00
   0.00000   1.74893997473767e+01   1.93467764696597e+03
   0.00000   1.92348421130121e+01   0.00000000000000e+00
   0.00000   4.11716618792165e+01   1.08172080794350e+04
   0.00000   1.55951838130710e+02   1.04666752812244e+05
   0.00000   1.71515833991282e+02   1.45924317458305e+05
   0.00000   7.85821239252439e+02   1.28111818458093e+05
   0.00000   8.64246211099345e+02   2.12286077698259e+03
   0.00000   3.95965207888524e+03   2.04373592712244e+05
   0.00000   1.24000000000000e+04   0.00000000000000e+00
   6.00000   4.44059774467756e+02   3.05117984090654e+16
   9.00000   1.74893997473767e+01   8.62826124908097e+06
   9.00000   4.97995983919549e+01   3.99130914305037e+12
   9.00000   1.41800178154884e+02   1.99607890059863e+17
  10.00000   2.86955264385292e+00   1.75963878082034e-05
  10.00000   3.15593404214838e+00   1.55630960642320e-04
  10.00000   8.17081039330022e+00   1.65379782511114e+02
  10.00000   8.98625739708771e+00   4.18790925750919e+02
  10.00000   2.11544796537684e+01   1.79239710081866e+06
  10.00000   2.32656970508205e+01   9.00115114873572e+08
  10.00000   5.47695990826866e+01   0.00000000000000e+00
  10.00000   6.62471203228992e+01   1.31605562274058e+14
  10.00000   1.41800178154884e+02   2.40130499165866e+17
  10.00000   2.07458704865610e+02   7.42452627292618e+19
  10.00000   2.28163086823978e+02   1.36150008818520e+20
  10.00000   5.37116973693974e+02   4.21608774656914e+23
  10.00000   8.64246211099345e+02   0.00000000000000e+00
  10.00000   2.70646329630278e+03   4.59122573678259e+31
  10.00000   2.97656837518707e+03   0.00000000000000e+00
STATE 62 +0 33 Sm
   0.00000   1.00777425732399e+00   8.29050028755494e-02
   0.00000   1.10835014381168e+00   0.00000000000000e+00
   0.00000   2.60915857742003e+00   5.30507035376655e+00
   0.00000   2.86955264385292e+00   7.18001806579182e+00
   0.00000   1.74893997473767e+01   1.87102289682452e+03
   0.00000   1.92348421130121e+01   6.88101285648297e+01
   0.00000   4.11716618792165e+01   1.08214937193960e+04
   0.00000   1.55951838130710e+02   1.08628139977094e+05
   0.00000   1.71515833991282e+02   1.41622437654663e+05
   0.00000   7.85821239252439e+02   1.29614466203673e+05
   0.00000   8.64246211099345e+02   0.00000000000000e+00
   0.00000   3.27362994512695e+03   1.37545043846135e+05
   0.00000   3.60033826434724e+03   0.00000000000000e+00
   0.00000   1.24000000000000e+04   1.82643074764580e+05
   6.00000   4.44059774467756e+02   2.17560017857145e+16
   8.00000   2.15711367576308e+00   4.72536755735784e-05
   9.00000   1.74893997473767e+01   8.38829483808548e+06
   9.00000   4.97995983919549e+01   3.99122867914278e+12
   9.00000   1.41800178154884e+02   1.93170213032715e+17
   9.00000   5.37116973693974e+02   1.20215136275385e+22
  10.00000   2.86955264385292e+00   0.00000000000000e+00
  10.00000   3.15593404214838e+00   2.80023895957707e-04
  10.00000   8.17081039330022e+00   1.53760602092100e+02
  10.00000   8.98625739708771e+00   4.71789550848443e+02
  10.00000   2.11544796537684e+01   6.33705537806011e+06
  10.00000   2.32656970508205e+01   8.89981546885063e+08
  10.00000   6.62471203228992e+01   1.33265236270373e+14
  10.00000   1.41800178154884e+02   3.05449932093706e+17
  10.00000   2.07458704865610e+02   8.02766670224404e+19
  10.00000   2.28163086823978e+02   1.22536144590975e+20
  10.00000   8.64246211099345e+02   0.00000000000000e+00
  10.00000   2.70646329630278e+03   4.79358806611311e+31
  10.00000   2.97656837518707e+03   0.00000000000000e+00
STATE 63 -1 32 Sm
   0.00000   7.57568827744770e-01   0.00000000000000e+00
   0.00000   8.33174208485683e-01   6.94768527901362e-02
   0.00000   2.86955264385292e+00   1.44772293698136e+01
   0.00000   3.15593404214838e+00   0.00000000000000e+00
   0.00000   1.74893997473767e+01   1.26266306848310e+03
   0.00000   1.92348421130121e+01   8.60752288891083e+02
   0.00000   4.11716618792165e+01   1.02374843526602e+04
   0.00000   1.55951838130710e+02   1.32761485251294e+05
   0.00000   1.71515833991282e+02   1.15649223308140e+05
   0.00000   7.85821239252439e+02   1.34432644668458e+05
   0.00000   8.64246211099345e+02   0.00000000000000e+00
   0.00000   3.27362994512695e+03   1.26975052709973e+05
   0.00000   3.60033826434724e+03   0.00000000000000e+00
   0.00000   1.24000000000000e+04   2.30136866035743e+05
   6.00000   4.44059774467756e+02   7.55067211458927e+15
   9.00000   1.74893997473767e+01   7.13409842929997e+06
   9.00000   4.97995983919549e+01   4.03640119626851e+12
   9.00000   1.41800178154884e+02   2.23563350481203e+17
   9.00000   5.37116973693974e+02   1.57556438788166e+22
  10.00000   1.21896350532840e+00   1.20441618154143e-09
  10.00000   1.34061608203749e+00   3.68126835050534e-10
  10.00000   2.37239365401008e+00   3.56115873502668e-06
  10.00000   2.60915857742003e+00   1.35342221241601e-05
  10.00000   8.17081039330022e+00   2.41825455204350e+02
  10.00000   8.98625739708771e+00   2.50325478590959e+02
  10.00000   2.11544796537684e+01   3.05782492812466e+07
  10.00000   2.32656970508205e+01   8.36481119128268e+08
  10.00000   5.47695990826866e+01   0.00000000000000e+00
  10.00000   6.62471203228992e+01   1.31196357617118e+14
  10.00000   2.07458704865610e+02   5.34018020340767e+19
  10.00000   2.28163086823978e+02   1.93430154682780e+20
  10.00000   2.70646329630278e+03   6.36672626068143e+31
# orbitals: 1s2
CORE 2 6 Sm
   0.00000   1.17232852832578e+02   3.36414037468773e+04
   0.00000   1.28932693360780e+02   1.02282962842563e+05
   0.00000   1.88633116879768e+02   6.52694622863414e+04
   0.00000   3.03519465099020e+02   2.25859329299508e+04
   0.00000   3.33810712416315e+02   0.00000000000000e+00
   0.00000   5.90721255986621e+02   9.15586165717333e+04
# orbitals: 1s2 2s2
CORE 4 17 Sm
   0.00000   3.74355894703359e+01   5.60161801056543e+02
   0.00000   4.11716618792165e+01   5.68922722079826e+02
   0.00000   1.41800178154884e+02   1.33613308080642e+05
   0.00000   1.55951838130710e+02   1.00880688584121e+05
   0.00000   5.90721255986621e+02   1.19356611483621e+05
   0.00000   2.23756004710851e+03   0.00000000000000e+00
   0.00000   2.46086857446161e+03   1.27438298371654e+05
   0.00000   9.32138660594411e+03   1.90969190111274e+05
   4.00000   6.62471203228992e+01   6.96039992660626e+08
   5.00000   8.01298717642796e+01   0.00000000000000e+00
   7.00000   1.06594700110760e+02   1.51603496966871e+13
   8.00000   4.44059774467756e+02   1.86807446759624e+19
  10.00000   1.55951838130710e+02   0.00000000000000e+00
  10.00000   1.71515833991282e+02   2.79625956024953e+18
  10.00000   4.88376946836508e+02   2.55467842662262e+23
  10.00000   1.84989575556252e+03   3.29901676449506e+29
  10.00000   2.03451538061581e+03   8.45901823048579e+29
# orbitals: 1s2 2s2 2p6
CORE 10 14 Sm
   0.00000   3.74355894703359e+01   0.00000000000000e+00
   0.00000   4.11716618792165e+01   1.09268388477362e+04
   0.00000   1.55951838130710e+02   1.39190510647867e+05
   0.00000   1.71515833991282e+02   1.05313438980875e+05
   0.00000   8.64246211099345e+02   1.42873215428310e+05
   0.00000   4.35482541767859e+03   1.68667450942762e+05
   3.00000   6.02356059193206e+01   7.86886397049910e+07
   4.00000   7.28585839570515e+01   1.78081585784959e+09
   6.00000   4.44059774467756e+02   2.84531401581788e+16
   8.00000   1.28932693360780e+02   1.43712579242294e+15
  10.00000   1.71515833991282e+02   0.00000000000000e+00
  10.00000   1.88633116879768e+02   1.28075183868354e+19
  10.00000   5.37116973693974e+02   1.32181916792135e+24
  10.00000   2.97656837518707e+03   2.48164424853487e+32
# orbitals: 1s2 2s2 2p6 3s2
CORE 12 19 Sm
   0.00000   3.40385424106225e+01   5.14062245056220e+03
   0.00000   3.74355894703359e+01   6.29121647031597e+03
   0.00000   1.71515833991282e+02   2.62621895010292e+05
   0.00000   9.50497996351090e+02   1.35245906098482e+05
   0.00000   4.35482541767859e+03   1.74763422343335e+05
   0.00000   4.78943706180332e+03   0.00000000000000e+00
   5.00000   4.03764110033568e+02   7.49382277333384e+14
   8.00000   1.17232852832578e+02   1.67899294647222e+15
   9.00000   3.74355894703359e+01   5.05623193745371e+09
  10.00000   3.74355894703359e+01   4.97092597590520e+09
  10.00000   4.97995983919549e+01   1.47936592203657e+12
  10.00000   5.47695990826866e+01   3.97627327752475e+12
  10.00000   1.28932693360780e+02   2.18749025081971e+17
  10.00000   1.88633116879768e+02   4.24573494922007e+19
  10.00000   2.07458704865610e+02   0.00000000000000e+00
  10.00000   5.37116973693974e+02   1.78277967627875e+24
  10.00000   9.50497996351090e+02   3.15097060534620e+26
  10.00000   3.27362994512695e+03   3.64703751378527e+32
  10.00000   3.60033826434724e+03   0.00000000000000e+00
# orbitals: 1s2 2s2 2p6 3s2 3p6
CORE 18 20 Sm
   0.00000   1.59023454274479e+01   2.45620963275828e+02
   0.00000   1.74893997473767e+01   1.29637114350459e+02
   0.00000   3.74355894703359e+01   0.00000000000000e+00
   0.00000   4.11716618792165e+01   1.39867762114704e+04
   0.00000   1.55951838130710e+02   5.01211897671603e+04
   0.00000   1.71515833991282e+02   2.02989013679622e+05
   0.00000   9.50497996351090e+02   1.50176204684200e+05
   0.00000   4.78943706180332e+03   1.72539888800842e+05
   0.00000   5.26742295474225e+03   0.00000000000000e+00
   5.00000   4.03764110033568e+02   0.00000000000000e+00
   6.00000   4.44059774467756e+02   3.73780912692326e+16
   7.00000   3.40385424106225e+01   8.36952232204242e+08
   7.00000   1.17232852832578e+02   1.38310451355455e+14
   8.00000   3.74355894703359e+01   0.00000000000000e+00
   9.00000   5.37116973693974e+02   1.43108413927889e+22
  10.00000   4.11716618792165e+01   1.85873349092996e+11
  10.00000   5.47695990826866e+01   2.41019137722390e+13
  10.00000   1.41800178154884e+02   1.50622040305789e+18
  10.00000   2.07458704865610e+02   1.24198739134225e+20
  10.00000   3.27362994512695e+03   7.48750428664864e+32
# orbitals: 1s2 2s2 2p6 3s2 3p6 3d10
CORE 28 19 Sm
   0.00000   1.59023454274479e+01   7.84361475721154e+02
   0.00000   1.74893997473767e+01   9.76169063566487e+02
   0.00000   4.11716618792165e+01   1.17337158351353e+04
   0.00000   1.71515833991282e+02   2.59470321985057e+05
   0.00000   9.50497996351090e+02   1.37380556552980e+05
   0.00000   4.35482541767859e+03   1.71031062810608e+05
   0.00000   4.78943706180332e+03   0.00000000000000e+00
   5.00000   4.03764110033568e+02   4.68610305941012e+13
   7.00000   3.40385424106225e+01   1.28646438225042e+09
   8.00000   3.74355894703359e+01   1.35836319639135e+10
   9.00000   1.41800178154884e+02   1.64804887748612e+17
  10.00000   5.47695990826866e+01   1.87604863051017e+13
  10.00000   6.02356059193206e+01   5.24892480210637e+13
  10.00000   1.41800178154884e+02   3.96684592267494e+17
  10.00000   2.07458704865610e+02   8.91479812920592e+19
  10.00000   5.90721255986621e+02   1.06171062722383e+25
  10.00000   9.50497996351090e+02   1.12818401953861e+27
  10.00000   3.27362994512695e+03   3.96712079204061e+32
  10.00000   3.60033826434724e+03   0.00000000000000e+00
# orbitals: 1s2 2s2 2p6 3s2 3p6 3d10 4s2
CORE 30 22 Sm
   0.00000   1.31472142380000e+01   1.10972435777691e+03
   0.00000   1.44593064225549e+01   0.00000000000000e+00
   0.00000   4.11716618792165e+01   9.61883756343078e+03
   0.00000   4.52805943723615e+01   3.10645821250220e+03
   0.00000   1.55951838130710e+02   4.93119282879606e+04
   0.00000   1.71515833991282e+02   2.06310829407314e+05
   0.00000   9.50497996351090e+02   1.49885643810951e+05
   0.00000   4.78943706180332e+03   1.74487743037852e+05
   6.00000   4.44059774467756e+02   4.26590835004187e+16
   9.00000   4.52805943723615e+01   7.14808734830322e+11
   9.00000   1.41800178154884e+02   1.22470546173797e+17
   9.00000   5.37116973693974e+02   1.40968908305868e+22
  10.00000   1.44593064225549e+01   1.13628158760970e+04
  10.00000   1.92348421130121e+01   0.00000000000000e+00
  10.00000   2.11544796537684e+01   3.92782081423562e+07
  10.00000   5.47695990826866e+01   2.67020884367577e+12
  10.00000   6.02356059193206e+01   6.79208681594709e+13
  10.00000   1.41800178154884e+02   1.28272043691059e+18
  10.00000   2.07458704865610e+02   1.34177174161108e+20
  10.00000   5.90721255986621e+02   0.00000000000000e+00
  10.00000   9.50497996351090e+02   0.00000000000000e+00
  10.00000   3.27362994512695e+03   6.96167180165646e+32
# orbitals: 1s2 2s2 2p6 3s2 3p6 3d10 4s2 4p6
CORE 36 26 Sm
   0.00000   7.42936013661253e+00   6.94583280826772e+00
   0.00000   1.44593064225549e+01   1.27112173190376e+03
   0.00000   4.52805943723615e+01   1.46349478019440e+04
   0.00000   1.71515833991282e+02   2.56195050843404e+05
   0.00000   8.64246211099345e+02   1.12932036539662e+05
   0.00000   9.50497996351090e+02   1.58887835625772e+04
   0.00000   3.95965207888524e+03   1.76867402398236e+05
   0.00000   4.35482541767859e+03   0.00000000000000e+00
   6.00000   4.44059774467756e+02   5.13598605927927e+16
   8.00000   4.52805943723615e+01   2.83767706446568e+11
   9.00000   1.59023454274479e+01   5.65496782143555e+05
   9.00000   4.97995983919549e+01   0.00000000000000e+00
   9.00000   1.41800178154884e+02   1.30569266134848e+17
   9.00000   5.37116973693974e+02   1.65899583130714e+22
  10.00000   1.59023454274479e+01   3.69399875595372e+05
  10.00000   2.11544796537684e+01   7.04607295328561e+07
  10.00000   2.32656970508205e+01   3.55072620233878e+08
  10.00000   4.97995983919549e+01   0.00000000000000e+00
  10.00000   6.02356059193206e+01   3.44013086073869e+13
  10.00000   1.41800178154884e+02   1.38355965568792e+18
  10.00000   2.07458704865610e+02   1.45889028655184e+20
  10.00000   2.28163086823978e+02   0.00000000000000e+00
  10.00000   5.90721255986621e+02   0.00000000000000e+00
  10.00000   9.50497996351090e+02   2.87678490073409e+26
  10.00000   2.97656837518707e+03   7.58581364121148e+31
  10.00000   3.27362994512695e+03   0.00000000000000e+00
# orbitals: 1s2 2s2 2p6 3s2 3p6 3d10 4s2 4p6 4d10
CORE 46 26 Sm
   0.00000   5.58483371517380e+00   2.00594793319170e+01
   0.00000   6.14220020643691e+00   0.00000000000000e+00
   0.00000   1.74893997473767e+01   2.04138507720018e+03
   0.00000   4.52805943723615e+01   1.30465394180979e+04
   0.00000   1.71515833991282e+02   2.57545603011479e+05
   0.00000   8.64246211099345e+02   1.24016070369159e+05
   0.00000   3.27362994512695e+03   1.28161354063553e+05
   0.00000   3.60033826434724e+03   0.00000000000000e+00
   0.00000   1.24000000000000e+04   2.08614063372231e+05
   5.00000   9.88308602448151e+00   1.48792448260359e+03
   6.00000   4.44059774467756e+02   6.45424530379941e+16
   7.00000   1.31472142380000e+01   0.00000000000000e+00
   8.00000   1.44593064225549e+01   6.62681284825374e+05
   9.00000   4.97995983919549e+01   3.32519000729413e+12
   9.00000   1.41800178154884e+02   1.35255305102533e+17
   9.00000   5.37116973693974e+02   0.00000000000000e+00
  10.00000   2.11544796537684e+01   1.11981258121673e+08
  10.00000   2.32656970508205e+01   5.86613126668645e+08
  10.00000   4.97995983919549e+01   2.02396180680632e+12
  10.00000   6.62471203228992e+01   1.44458737461978e+14
  10.00000   1.41800178154884e+02   1.05959045509084e+18
  10.00000   2.07458704865610e+02   1.30410452616120e+20
  10.00000   2.28163086823978e+02   0.00000000000000e+00
  10.00000   5.37116973693974e+02   7.55969307406414e+23
  10.00000   9.50497996351090e+02   3.25684345403466e+26
  10.00000   2.97656837518707e+03   6.58046783389225e+31
# orbitals: 1s2 2s2 2p6 3s2 3p6 3d10 4s2 4p6 4d10 5s2
CORE 48 30 Sm
   0.00000   3.47089630842872e+00   2.04452497966934e+00
   0.00000   3.81729181376146e+00   1.43669013120021e+01
   0.00000   1.74893997473767e+01   0.00000000000000e+00
   0.00000   1.92348421130121e+01   2.27481937777069e+03
   0.00000   4.11716618792165e+01   1.08223009558564e+04
   0.00000   4.52805943723615e+01   0.00000000000000e+00
   0.00000   1.55951838130710e+02   5.96374558228747e+04
   0.00000   1.71515833991282e+02   1.95705651016678e+05
   0.00000   7.85821239252439e+02   4.94478570155530e+04
   0.00000   8.64246211099345e+02   8.01369709841534e+04
   0.00000   3.95965207888524e+03   1.82794009889283e+05
   0.00000   4.35482541767859e+03   0.00000000000000e+00
   0.00000   1.24000000000000e+04   1.59881084632880e+04
   6.00000   4.44059774467756e+02   1.54615738264045e+16
   9.00000   1.59023454274479e+01   1.77070759977754e+06
   9.00000   4.97995983919549e+01   3.11903382813696e+12
   9.00000   1.41800178154884e+02   1.36640740452352e+17
   9.00000   5.37116973693974e+02   3.24850232221949e+22
  10.00000   3.47089630842872e+00   9.83688195848010e-07
  10.00000   8.17081039330022e+00   4.71351775736415e+01
  10.00000   2.11544796537684e+01   9.97709114662200e+07
  10.00000   2.32656970508205e+01   6.27263510826246e+08
  10.00000   4.97995983919549e+01   3.65168077795081e+12
  10.00000   6.62471203228992e+01   1.91406012553829e+14
  10.00000   1.41800178154884e+02   7.97541115782507e+17
  10.00000   2.07458704865610e+02   1.19552281960809e+20
  10.00000   2.28163086823978e+02   0.00000000000000e+00
  10.00000   8.64246211099345e+02   1.58723539282510e+26
  10.00000   2.70646329630278e+03   2.55146035161918e+31
  10.00000   2.97656837518707e+03   0.00000000000000e+00
# orbitals: 1s2 2s2 2p6 3s2 3p6 3d10 4s2 4p6 4d10 4f5
CORE 51 31 Sm
   0.00000   1.62155568748039e+00   5.85366810984477e-02
   0.00000   1.78338697020293e+00   7.05483984864684e-02
   0.00000   4.19825759589082e+00   2.36030221811107e+01
   0.00000   4.61724376897646e+00   0.00000000000000e+00
   0.00000   1.74893997473767e+01   1.92787525568595e+03
   0.00000   4.11716618792165e+01   1.06214248699565e+04
   0.00000   1.55951838130710e+02   1.21756419559590e+05
   0.00000   1.71515833991282e+02   1.27208921352663e+05
   0.00000   7.85821239252439e+02   1.33189456333556e+05
   0.00000   8.64246211099345e+02   0.00000000000000e+00
   0.00000   3.95965207888524e+03   1.96479497574951e+05
   0.00000   4.35482541767859e+03   0.00000000000000e+00
   6.00000   4.44059774467756e+02   1.44208234937458e+16
   8.00000   1.44593064225549e+01   4.54453346295204e+05
   9.00000   4.97995983919549e+01   3.90562769970136e+12
   9.00000   1.41800178154884e+02   2.01502868895255e+17
   9.00000   5.37116973693974e+02   1.35716742853886e+22
  10.00000   2.15711367576308e+00   0.00000000000000e+00
  10.00000   2.37239365401008e+00   4.95112410184809e-08
  10.00000   6.75519188215965e+00   1.53312218060143e+00
  10.00000   1.59023454274479e+01   1.04400402893330e+06
  10.00000   2.11544796537684e+01   1.42267072984999e+08
  10.00000   2.32656970508205e+01   5.40538750401255e+08
  10.00000   6.02356059193206e+01   0.00000000000000e+00
  10.00000   6.62471203228992e+01   1.18168597314089e+14
  10.00000   1.41800178154884e+02   2.27646186086224e+17
  10.00000   2.07458704865610e+02   7.08943021710752e+19
  10.00000   2.28163086823978e+02   1.47879736529223e+20
  10.00000   5.37116973693974e+02   0.00000000000000e+00
  10.00000   2.70646329630278e+03   5.43571906310198e+31
  10.00000   2.97656837518707e+03   0.00000000000000e+00
# orbitals: 1s2 2s2 2p6 3s2 3p6 3d10 4s2 4p6 4d10 4f6
CORE 52 28 Sm
   0.00000   1.21896350532840e+00   0.00000000000000e+00
   0.00000   1.34061608203749e+00   1.20275427346580e-02
   0.00000   1.96136901744736e+00   2.99402379253524e-01
   0.00000   3.81729181376146e+00   7.88537177854920e+00
   0.00000   4.19825759589082e+00   1.19573471000832e+01
   0.00000   1.74893997473767e+01   2.16561812705145e+03
   0.00000   4.52805943723615e+01   1.14606687571811e+04
   0.00000   1.55951838130710e+02   1.09884978177088e+05
   0.00000   1.71515833991282e+02   1.39319824477161e+05
   0.00000   8.64246211099345e+02   1.46745973790825e+05
   0.00000   3.95965207888524e+03   6.29237565770976e+04
   0.00000   4.35482541767859e+03   9.88639841933842e+04
   6.00000   4.44059774467756e+02   4.68432409967584e+15
   8.00000   1.44593064225549e+01   8.00336340478269e+05
   9.00000   4.97995983919549e+01   3.86280503067958e+12
   9.00000   1.41800178154884e+02   2.45160236265683e+17
   9.00000   5.37116973693974e+02   2.08435960240427e+22
  10.00000   2.60915857742003e+00   2.57415238990024e-07
  10.00000   6.75519188215965e+00   4.88254934350009e-01
  10.00000   1.59023454274479e+01   0.00000000000000e+00
  10.00000   2.11544796537684e+01   1.03303749954340e+08
  10.00000   2.32656970508205e+01   6.34091710034240e+08
  10.00000   6.02356059193206e+01   5.82198600314546e+11
  10.00000   6.62471203228992e+01   9.73822520329086e+13
  10.00000   2.07458704865610e+02   4.12418743575893e+19
  10.00000   2.28163086823978e+02   2.49005311150425e+20
  10.00000   9.50497996351090e+02   0.00000000000000e+00
  10.00000   2.97656837518707e+03   2.66280176629453e+32
# orbitals: 1s2 2s2 2p6 3s2 3p6 3d10 4s2 4p6 4d10 4f5 5s2
CORE 53 29 Sm
   0.00000   1.10835014381168e+00   2.79912575132372e-03
   0.00000   1.21896350532840e+00   0.00000000000000e+00
   0.00000   3.15593404214838e+00   9.72012336452948e+00
   0.00000   3.47089630842872e+00   6.06153235334154e+00
   0.00000   1.74893997473767e+01   2.08162470921446e+03
   0.00000   4.11716618792165e+01   0.00000000000000e+00
   0.00000   4.52805943723615e+01   1.26734237049486e+04
   0.00000   1.55951838130710e+02   2.84376596599787e+04
   0.00000   1.71515833991282e+02   2.27265919863020e+05
   0.00000   8.64246211099345e+02   1.30425114168293e+05
   0.00000   3.60033826434724e+03   1.40288862339217e+05
   0.00000   1.24000000000000e+04   1.57417574930057e+05
   6.00000   4.44059774467756e+02   5.21922034092514e+16
   9.00000   1.59023454274479e+01   2.14359847457438e+06
   9.00000   4.97995983919549e+01   3.88170871293046e+12
   9.00000   1.41800178154884e+02   1.60312660332780e+17
  10.00000   3.81729181376146e+00   3.95850980521117e-04
  10.00000   4.19825759589082e+00   0.00000000000000e+00
  10.00000   1.74893997473767e+01   1.87171846349153e+05
  10.00000   2.11544796537684e+01   9.69197805515051e+07
  10.00000   2.32656970508205e+01   6.88652579581584e+08
  10.00000   6.62471203228992e+01   1.17046314717754e+14
  10.00000   1.41800178154884e+02   7.99402477153056e+17
  10.00000   2.07458704865610e+02   1.15758711559703e+20
  10.00000   2.28163086823978e+02   4.21043873703896e+19
  10.00000   5.37116973693974e+02   5.62583359453467e+23
  10.00000   8.64246211099345e+02   6.17113153023179e+25
  10.00000   9.50497996351090e+02   0.00000000000000e+00
  10.00000   2.97656837518707e+03   9.94326087003290e+31
# orbitals: 1s2 2s2 2p6 3s2 3p6 3d10 4s2 4p6 4d10 5s2 5p6
CORE 54 30 Sm
   0.00000   2.60915857742003e+00   3.76424612090837e+00
   0.00000   2.86955264385292e+00   3.86254184912141e+00
   0.00000   1.74893997473767e+01   1.73213586036955e+03
   0.00000   1.92348421130121e+01   4.97419049376355e+02
   0.00000   4.11716618792165e+01   0.00000000000000e+00
   0.00000   4.52805943723615e+01   1.20099717406385e+04
   0.00000   1.55951838130710e+02   7.63041938051025e+04
   0.00000   1.71515833991282e+02   1.74761725770568e+05
   0.00000   7.85821239252439e+02   1.13995236228079e+05
   0.00000   8.64246211099345e+02   1.30550126330727e+04
   0.00000   3.60033826434724e+03   1.73026821188031e+05
   0.00000   1.24000000000000e+04   2.70288395340375e+04
   6.00000   4.44059774467756e+02   3.42374478307720e+16
   9.00000   5.58483371517380e+00   0.00000000000000e+00
   9.00000   1.74893997473767e+01   7.01130345769321e+06
   9.00000   4.97995983919549e+01   3.99558130330244e+12
   9.00000   1.41800178154884e+02   1.82750739654852e+17
   9.00000   5.37116973693974e+02   7.36564828624781e+21
  10.00000   6.14220020643691e+00   2.24070965692865e+00
  10.00000   8.17081039330022e+00   1.96085970480951e+02
  10.00000   8.98625739708771e+00   5.98210688965996e+02
  10.00000   2.11544796537684e+01   2.57459330612540e+07
  10.00000   2.32656970508205e+01   8.21106146171294e+08
  10.00000   6.62471203228992e+01   1.22531505473745e+14
  10.00000   1.41800178154884e+02   5.77143117029293e+17
  10.00000   2.07458704865610e+02   9.83101517693257e+19
  10.00000   2.28163086823978e+02   1.02127960668569e+20
  10.00000   8.64246211099345e+02   0.00000000000000e+00
  10.00000   2.70646329630278e+03   3.46841571651402e+31
  10.00000   2.97656837518707e+03   0.00000000000000e+00
# orbitals: 1s2 2s2 2p6 3s2 3p6 3d10 4s2 4p6 4d10 5s2 5p6 6s2
CORE 56 33 Sm
   0.00000   1.00777425732399e+00   7.67087763811057e-02
   0.00000   2.60915857742003e+00   6.65400416399039e+00
   0.00000   1.74893997473767e+01   7.77489752479927e+02
   0.00000   1.92348421130121e+01   1.32094593028828e+03
   0.00000   4.11716618792165e+01   1.11851638963202e+04
   0.00000   4.52805943723615e+01   0.00000000000000e+00
   0.00000   1.55951838130710e+02   5.63068703321602e+04
   0.00000   1.71515833991282e+02   1.99325989894707e+05
   0.00000   8.64246211099345e+02   1.33743561488459e+05
   0.00000   3.27362994512695e+03   1.59295459894269e+04
   0.00000   3.60033826434724e+03   1.12907013661178e+05
   0.00000   1.24000000000000e+04   2.04990734194506e+05
   6.00000   4.44059774467756e+02   2.04729563292245e+16
   7.00000   1.96136901744736e+00   7.36511231308364e-06
   9.00000   1.74893997473767e+01   7.60768813156459e+06
   9.00000   4.97995983919549e+01   3.04552607927178e+12
   9.00000   1.41800178154884e+02   1.32797210034828e+17
   9.00000   5.37116973693974e+02   2.90374081278374e+22
  10.00000   2.15711367576308e+00   4.65421421545405e-07
  10.00000   2.86955264385292e+00   8.12590996407968e-05
  10.00000   3.15593404214838e+00   1.34668697849917e-04
  10.00000   8.17081039330022e+00   1.78244774343721e+02
  10.00000   8.98625739708771e+00   5.49465891160093e+02
  10.00000   2.11544796537684e+01   0.00000000000000e+00
  10.00000   2.32656970508205e+01   8.93973557154825e+08
  10.00000   4.97995983919549e+01   3.91504651057646e+12
  10.00000   6.62471203228992e+01   2.01404193273662e+14
  10.00000   1.41800178154884e+02   8.79001376593312e+17
  10.00000   2.07458704865610e+02   1.23050525552734e+20
  10.00000   5.37116973693974e+02   0.00000000000000e+00
  10.00000   8.64246211099345e+02   1.24314764924696e+26
  10.00000   9.50497996351090e+02   0.00000000000000e+00
  10.00000   2.97656837518707e+03   1.24784238512147e+32
# orbitals: 1s2 2s2 2p6 3s2 3p6 3d10 4s2 4p6 4d10 4f6 5s2 5p6
CORE 60 30 Sm
   0.00000   1.34061608203749e+00   9.77224284999213e-03
   0.00000   2.60915857742003e+00   1.14718548131246e+01
   0.00000   2.86955264385292e+00   0.00000000000000e+00
   0.00000   4.61724376897646e+00   0.00000000000000e+00
   0.00000   1.74893997473767e+01   2.08014014686548e+03
   0.00000   4.52805943723615e+01   1.25986069930094e+04
   0.00000   1.55951838130710e+02   5.05936908565470e+04
   0.00000   1.71515833991282e+02   2.02604080485664e+05
   0.00000   7.85821239252439e+02   4.96857197713809e+04
   0.00000   8.64246211099345e+02   8.16543108223439e+04
   0.00000   3.95965207888524e+03   1.74367528325701e+05
   0.00000   1.24000000000000e+04   5.42393790695277e+04
   6.00000   4.44059774467756e+02   4.68966758999250e+16
   9.00000   1.74893997473767e+01   8.08818108798853e+06
   9.00000   4.97995983919549e+01   3.91631213605319e+12
   9.00000   1.41800178154884e+02   1.55814607262672e+17
   9.00000   5.37116973693974e+02   5.34918790613200e+21
  10.00000   2.60915857742003e+00   4.10955166154631e-07
  10.00000   2.86955264385292e+00   0.00000000000000e+00
  10.00000   8.17081039330022e+00   2.20159956718252e+02
  10.00000   8.98625739708771e+00   1.20250397739290e+02
  10.00000   2.11544796537684e+01   1.71574421130060e+07
  10.00000   2.32656970508205e+01   8.74764469117955e+08
  10.00000   6.02356059193206e+01   0.00000000000000e+00
  10.00000   6.62471203228992e+01   1.26410451159151e+14
  10.00000   1.41800178154884e+02   8.68529741191049e+17
  10.00000   2.07458704865610e+02   1.21133146127181e+20
  10.00000   2.28163086823978e+02   4.28606101120498e+19
  10.00000   2.70646329630278e+03   3.29834436987980e+31
  10.00000   2.97656837518707e+03   0.00000000000000e+00
