# Free-atom, free-ion and frozen-core density fits -- Se (Z = 34)
#
#   rho(r) = sum_i c_i r^n_i exp(-alpha_i r)      r in bohr, rho in e/bohr^3
#
# All-electron B86BPBE densities (scalar-relativistic, spin-restricted),
# fitted with rhofit.py (monotone decay imposed).  Two kinds of block:
#
#   STATE <N> <q> <nterm> <symbol>
#     the atom or ion with N electrons (charge q), in order of increasing N;
#   CORE <N_core> <nterm> <symbol>
#     the frozen core of the neutral atom with N_core electrons, for a
#     pseudopotential with Z - N_core valence electrons, in order of
#     increasing N_core, each preceded by a '# orbitals:' comment.
#
# Each block header is followed by nterm lines:   n   alpha   c
#
# Generated 2026-09-23 by combine_fits.py from
#   /home/alberto/doc/manuals/critic2/atomic_density_fits/15_rhofit/rho_b86bpbe_mono/fit_034_Se.dat
#     recipe: --npow 0,1,2,3,4,5,6,7,8,9,10 --amin 0.2 --ratio 1.1 --mom 3 --cusp none --targetz 1e-3 --besteffort --monotone --stats
#   /home/alberto/doc/manuals/critic2/atomic_density_fits/15_rhofit/core_b86bpbe_mono/core_034_Se.dat
#     recipe: --npow 0,1,2,3,4,5,6,7,8,9,10 --amin 0.2 --ratio 1.1 --mom 3 --cusp none --besteffort --monotone --stats --target 1e-3*N_core
#
STATE 28 +6 20 Se
   0.00000   5.53177104229453e+00   6.23326662894810e+01
   0.00000   6.08218266973675e+00   1.04319487744967e+01
   0.00000   2.08736249952791e+01   1.49332899506481e+03
   0.00000   7.87646880379220e+01   2.22400683016063e+04
   0.00000   8.66017803174950e+01   8.13423518575257e+03
   0.00000   7.67393058451121e+02   4.42117535876266e+03
   1.00000   1.02000818104000e+03   0.00000000000000e+00
   3.00000   1.68226209831977e+02   1.83365079189930e+08
   4.00000   9.77317721546391e+00   2.64606209586819e+03
   4.00000   1.84964730140230e+02   3.77787777799482e+10
   5.00000   1.18147979670211e+01   0.00000000000000e+00
   5.00000   1.98139241092834e+03   2.65281948759628e+17
   7.00000   1.57040651475528e+01   6.63663414063470e+05
   7.00000   5.92578333928082e+01   1.01055850037893e+11
   9.00000   6.51539921938613e+01   1.64915987935974e+13
  10.00000   2.52341338667599e+01   5.43989452912727e+08
  10.00000   2.77449320510132e+01   9.36013385675846e+08
  10.00000   7.16368192312772e+01   0.00000000000000e+00
  10.00000   1.04692927947381e+02   1.82892555564707e+16
  10.00000   2.97211245440803e+02   3.58828809127422e+19
STATE 29 +5 20 Se
   0.00000   4.57586992707138e+00   6.44027026549058e+00
   0.00000   5.03116932291886e+00   5.69098178630910e+01
   0.00000   2.08736249952791e+01   1.52886955647060e+03
   0.00000   7.87646880379220e+01   1.96922314046992e+04
   0.00000   8.66017803174950e+01   1.06802150133711e+04
   0.00000   8.43748724468482e+02   7.10987822988421e+03
   1.00000   1.23308831079292e+03   5.29795412890490e+05
   3.00000   1.68226209831977e+02   9.41303760369900e+08
   7.00000   1.57040651475528e+01   1.18911328694758e+05
   7.00000   5.92578333928082e+01   9.82619480404789e+10
   8.00000   1.72666207900832e+01   2.95649138258056e+06
   9.00000   6.51539921938613e+01   1.69800697826762e+13
  10.00000   2.84772046549675e+00   1.12708409077020e-07
  10.00000   7.35275313822760e+00   1.24053220908372e+01
  10.00000   8.08435261876470e+00   1.87000778335718e+01
  10.00000   2.52341338667599e+01   3.99401981986833e+08
  10.00000   2.77449320510132e+01   1.46530900910102e+09
  10.00000   7.16368192312772e+01   0.00000000000000e+00
  10.00000   1.04692927947381e+02   1.81829524682754e+16
  10.00000   2.97211245440803e+02   3.58535895321503e+20
STATE 30 +4 21 Se
   0.00000   2.59001389188237e+00   0.00000000000000e+00
   0.00000   2.84772046549675e+00   8.54940157376126e-01
   0.00000   5.03116932291886e+00   6.25277154440223e+01
   0.00000   2.08736249952791e+01   1.50698027373145e+03
   0.00000   7.87646880379220e+01   2.22481803179653e+04
   0.00000   8.66017803174950e+01   8.17110370135528e+03
   0.00000   6.97947255007630e+02   4.66019383071728e+03
   0.00000   7.67393058451121e+02   0.00000000000000e+00
   3.00000   1.68226209831977e+02   1.97959250106010e+08
   4.00000   1.84964730140230e+02   3.71669477737567e+10
   7.00000   5.92578333928082e+01   9.71586792687326e+10
   8.00000   5.53177104229453e+00   8.05793624411106e-01
   8.00000   1.72666207900832e+01   3.06968869886556e+06
   9.00000   1.89846508345001e+01   9.94873129628640e+05
   9.00000   6.51539921938613e+01   1.73077329608349e+13
  10.00000   7.35275313822760e+00   5.43862634266925e+00
  10.00000   8.08435261876470e+00   9.33846948164682e+01
  10.00000   2.52341338667599e+01   4.37781298788723e+08
  10.00000   2.77449320510132e+01   1.48479440536981e+09
  10.00000   1.04692927947381e+02   1.89738600384506e+16
  10.00000   2.97211245440803e+02   2.65687241770772e+19
STATE 31 +3 21 Se
   0.00000   2.35562866560132e+00   0.00000000000000e+00
   0.00000   2.59001389188237e+00   7.65124308223508e-01
   0.00000   5.03116932291886e+00   5.83894770812436e+01
   0.00000   5.53177104229453e+00   4.52309117618853e+00
   0.00000   2.08736249952791e+01   1.53165073458596e+03
   0.00000   7.87646880379220e+01   1.94777310396238e+04
   0.00000   8.66017803174950e+01   1.09088801748544e+04
   0.00000   7.67393058451121e+02   5.25416211733888e+03
   0.00000   8.43748724468482e+02   0.00000000000000e+00
   1.00000   1.12149907042029e+03   1.19132062353348e+06
   3.00000   1.68226209831977e+02   9.64170592424275e+08
   7.00000   5.92578333928082e+01   1.07834519876730e+11
   8.00000   1.72666207900832e+01   3.28558549780048e+06
   9.00000   6.51539921938613e+01   1.61651108532454e+13
  10.00000   5.53177104229453e+00   3.57128703490382e-01
  10.00000   7.35275313822760e+00   2.45480516039372e+01
  10.00000   8.08435261876470e+00   9.76365652182876e+01
  10.00000   2.52341338667599e+01   4.61349636657871e+08
  10.00000   2.77449320510132e+01   1.45825224836114e+09
  10.00000   1.04692927947381e+02   1.77825023257710e+16
  10.00000   2.97211245440803e+02   3.51917219891010e+20
STATE 32 +2 21 Se
   0.00000   2.14245430404613e+00   1.97945540795551e-01
   0.00000   2.35562866560132e+00   1.87597220494832e+00
   0.00000   5.03116932291886e+00   0.00000000000000e+00
   0.00000   5.53177104229453e+00   6.69053405802124e+01
   0.00000   2.08736249952791e+01   1.52585044165476e+03
   0.00000   7.87646880379220e+01   1.91775850652043e+04
   0.00000   8.66017803174950e+01   1.12419548468725e+04
   0.00000   9.27701784896372e+02   3.30242528758816e+03
   1.00000   1.23308831079292e+03   5.54488036372226e+06
   3.00000   1.68226209831977e+02   9.67300094968779e+08
   7.00000   4.57586992707138e+00   0.00000000000000e+00
   7.00000   5.92578333928082e+01   1.06899702404843e+11
   8.00000   1.72666207900832e+01   3.84551544930219e+06
   9.00000   5.03116932291886e+00   3.10877213324729e-01
   9.00000   6.51539921938613e+01   1.60830706996410e+13
  10.00000   7.35275313822760e+00   3.96925617735970e+01
  10.00000   2.52341338667599e+01   3.55762683380235e+08
  10.00000   2.77449320510132e+01   1.80054929215016e+09
  10.00000   7.16368192312772e+01   0.00000000000000e+00
  10.00000   1.04692927947381e+02   1.76941562645958e+16
  10.00000   2.97211245440803e+02   3.77489877620091e+20
STATE 33 +1 22 Se
   0.00000   1.94857131429671e+00   1.19786143093083e+00
   0.00000   5.03116932291886e+00   1.19663609370908e+01
   0.00000   5.53177104229453e+00   5.51132812351789e+01
   0.00000   2.08736249952791e+01   1.50516945248824e+03
   0.00000   7.87646880379220e+01   2.21020756336343e+04
   0.00000   8.66017803174950e+01   8.30266388480293e+03
   0.00000   6.97947255007630e+02   3.88889350679400e+03
   0.00000   7.67393058451121e+02   0.00000000000000e+00
   1.00000   1.02000818104000e+03   7.64754111516935e+05
   3.00000   1.68226209831977e+02   2.16070543449049e+08
   4.00000   1.84964730140230e+02   3.63766050014999e+10
   7.00000   4.16177318741651e+00   1.12814885884088e-01
   7.00000   5.92578333928082e+01   9.95481248419370e+10
   8.00000   4.57586992707138e+00   2.69992032320870e-01
   8.00000   1.72666207900832e+01   3.80160442767812e+06
   9.00000   6.51539921938613e+01   1.68837316097263e+13
  10.00000   6.68736029477853e+00   0.00000000000000e+00
  10.00000   7.35275313822760e+00   4.18764801890135e+01
  10.00000   2.52341338667599e+01   3.63674199638358e+08
  10.00000   2.77449320510132e+01   1.77729956374437e+09
  10.00000   1.04692927947381e+02   1.87666033059895e+16
  10.00000   2.97211245440803e+02   3.60386217469298e+19
STATE 34 +0 21 Se
   0.00000   1.61185428855816e+00   6.77025860021456e-01
   0.00000   1.77223390936709e+00   3.12491146804000e-01
   0.00000   5.53177104229453e+00   6.84632933073353e+01
   0.00000   2.08736249952791e+01   1.52832817036798e+03
   0.00000   7.87646880379220e+01   1.90592975819007e+04
   0.00000   8.66017803174950e+01   1.13545856311504e+04
   0.00000   9.27701784896372e+02   3.28605327995062e+03
   1.00000   1.23308831079292e+03   5.53020330500227e+06
   3.00000   1.68226209831977e+02   9.72460487612599e+08
   6.00000   3.78515043905199e+00   2.88314460893547e-01
   7.00000   3.78515043905199e+00   0.00000000000000e+00
   7.00000   1.57040651475528e+01   4.18917871052595e+05
   7.00000   5.92578333928082e+01   1.08873586874230e+11
   8.00000   1.72666207900832e+01   2.23716688861627e+06
   9.00000   6.51539921938613e+01   1.58658729993706e+13
  10.00000   6.68736029477853e+00   2.64805470680212e+00
  10.00000   7.35275313822760e+00   2.54438035886289e+01
  10.00000   2.52341338667599e+01   3.81244859470274e+08
  10.00000   2.77449320510132e+01   1.67818629644805e+09
  10.00000   1.04692927947381e+02   1.75574875862195e+16
  10.00000   2.97211245440803e+02   3.79073400299343e+20
STATE 35 -1 22 Se
   0.00000   1.61185428855816e+00   9.86268272952754e-01
   0.00000   1.77223390936709e+00   1.03592306787729e-02
   0.00000   5.53177104229453e+00   6.84915839961556e+01
   0.00000   2.08736249952791e+01   1.53090116348126e+03
   0.00000   7.87646880379220e+01   1.89214366075295e+04
   0.00000   8.66017803174950e+01   1.15000664299640e+04
   0.00000   9.27701784896372e+02   8.70573851274621e+03
   1.00000   1.35578068882778e+03   0.00000000000000e+00
   2.00000   1.39156383847015e+02   0.00000000000000e+00
   3.00000   1.68226209831977e+02   9.75940407732685e+08
   6.00000   3.78515043905199e+00   4.06910174587769e-01
   7.00000   3.78515043905199e+00   0.00000000000000e+00
   7.00000   5.92578333928082e+01   1.08891587357177e+11
   8.00000   1.72666207900832e+01   3.99909466422096e+06
   9.00000   6.51539921938613e+01   1.58376364081304e+13
  10.00000   6.68736029477853e+00   2.60552650133119e+00
  10.00000   7.35275313822760e+00   3.09102133396237e+01
  10.00000   2.52341338667599e+01   3.30761803553456e+08
  10.00000   2.77449320510132e+01   1.91603361600838e+09
  10.00000   7.16368192312772e+01   0.00000000000000e+00
  10.00000   1.04692927947381e+02   1.75626183933774e+16
  10.00000   2.97211245440803e+02   3.84884666830568e+20
STATE 36 -2 23 Se
   0.00000   1.61185428855816e+00   1.18581689777627e+00
   0.00000   5.53177104229453e+00   4.25603227510284e+01
   0.00000   6.08218266973675e+00   2.89137838335795e+01
   0.00000   2.08736249952791e+01   1.52563984410755e+03
   0.00000   7.87646880379220e+01   1.90814907625648e+04
   0.00000   8.66017803174950e+01   1.13302953795845e+04
   0.00000   9.27701784896372e+02   3.29213342375341e+03
   1.00000   1.23308831079292e+03   5.53546135081309e+06
   1.00000   1.35578068882778e+03   0.00000000000000e+00
   2.00000   1.39156383847015e+02   0.00000000000000e+00
   3.00000   1.68226209831977e+02   9.70171066864322e+08
   6.00000   3.78515043905199e+00   4.01697985834491e-01
   7.00000   3.78515043905199e+00   1.53273252352110e-02
   7.00000   5.92578333928082e+01   1.09812363584274e+11
   8.00000   1.72666207900832e+01   4.23218616326905e+06
   9.00000   6.51539921938613e+01   1.56723556211107e+13
  10.00000   6.68736029477853e+00   4.55369303914574e+00
  10.00000   7.35275313822760e+00   2.71116369919574e+01
  10.00000   2.52341338667599e+01   2.92933793538324e+08
  10.00000   2.77449320510132e+01   2.07955348778097e+09
  10.00000   7.16368192312772e+01   0.00000000000000e+00
  10.00000   1.04692927947381e+02   1.75331982077359e+16
  10.00000   2.97211245440803e+02   3.77766292776338e+20
# orbitals: 1s2
CORE 2 5 Se
   0.00000   6.51539921938613e+01   1.72916835620094e+04
   0.00000   7.16368192312772e+01   2.30294649789674e+03
   0.00000   8.66017803174950e+01   6.78360822086496e+03
   0.00000   9.52186638579560e+01   0.00000000000000e+00
   0.00000   2.03368734455938e+02   2.93969765352918e+03
# orbitals: 1s2 2s2
CORE 4 17 Se
   0.00000   1.72666207900832e+01   2.11456223692065e+01
   0.00000   1.89846508345001e+01   6.63994244826674e+01
   0.00000   7.16368192312772e+01   1.61686335483547e+04
   0.00000   7.87646880379220e+01   1.45474394207115e+04
   0.00000   4.77574964424314e+02   3.68522119903152e+03
   0.00000   2.17854110221769e+03   3.95276787420288e+03
   0.00000   2.39530610285735e+03   0.00000000000000e+00
   3.00000   2.77449320510132e+01   6.13464530145904e+04
   4.00000   3.35408598007184e+01   5.71623442653078e+06
   4.00000   1.68226209831977e+02   1.12824240340271e+10
   5.00000   1.84964730140230e+02   3.80083416350111e+11
   8.00000   5.92578333928082e+01   1.92933518714131e+11
  10.00000   7.87646880379220e+01   0.00000000000000e+00
  10.00000   8.66017803174950e+01   4.04900982626259e+14
  10.00000   2.45852546969458e+02   5.44733857730924e+19
  10.00000   4.34356464147698e+02   1.52569862625232e+22
  10.00000   1.80208483653943e+03   0.00000000000000e+00
# orbitals: 1s2 2s2 2p6
CORE 10 17 Se
   0.00000   1.89846508345001e+01   4.02011882268437e+02
   0.00000   2.08736249952791e+01   8.31573670200047e+02
   0.00000   7.87646880379220e+01   2.46267458050864e+04
   0.00000   8.66017803174950e+01   5.66771759479542e+03
   0.00000   6.97947255007630e+02   4.24060542920616e+03
   2.00000   1.23308831079292e+03   0.00000000000000e+00
   3.00000   3.05055548401187e+01   1.87251172602248e+06
   3.00000   1.68226209831977e+02   7.89437079455056e+07
   4.00000   3.68781778291716e+01   3.66459367384609e+06
   4.00000   1.84964730140230e+02   4.86157728257133e+10
   4.00000   1.63900383395725e+03   0.00000000000000e+00
   7.00000   5.92578333928082e+01   7.15318476886732e+10
  10.00000   8.66017803174950e+01   0.00000000000000e+00
  10.00000   9.52186638579560e+01   1.49123194052889e+15
  10.00000   2.70314893558579e+02   2.01143657375353e+20
  10.00000   2.97211245440803e+02   0.00000000000000e+00
  10.00000   5.25093708671802e+02   1.20357589321029e+23
# orbitals: 1s2 2s2 2p6 3s2
CORE 12 19 Se
   0.00000   6.08218266973675e+00   9.45174711044411e-01
   0.00000   1.72666207900832e+01   8.95016092043586e+02
   0.00000   1.89846508345001e+01   4.03674492792631e+02
   0.00000   7.87646880379220e+01   1.36064462851181e+04
   0.00000   8.66017803174950e+01   1.74649648924513e+04
   0.00000   7.67393058451121e+02   4.05862701420000e+03
   0.00000   8.43748724468482e+02   0.00000000000000e+00
   3.00000   1.68226209831977e+02   1.27684239602246e+09
   4.00000   1.84964730140230e+02   2.31225935195474e+10
   6.00000   1.29903712377167e+01   0.00000000000000e+00
   6.00000   4.90179611000465e+01   5.56436154205823e+09
   7.00000   1.42829141357077e+01   5.48937222052070e+04
   7.00000   5.38952518513617e+01   0.00000000000000e+00
  10.00000   2.29505522246289e+01   3.31914595583148e+07
  10.00000   2.52341338667599e+01   1.83939873165124e+08
  10.00000   6.51539921938613e+01   3.15042512437221e+13
  10.00000   9.52186638579560e+01   4.58961331490200e+15
  10.00000   2.70314893558579e+02   2.27619407530992e+20
  10.00000   2.97211245440803e+02   0.00000000000000e+00
# orbitals: 1s2 2s2 2p6 3s2 3p6
CORE 18 21 Se
   0.00000   6.08218266973675e+00   1.50953168399506e+01
   0.00000   6.68736029477853e+00   9.88145236479754e+00
   0.00000   2.08736249952791e+01   1.69109469601492e+03
   0.00000   7.87646880379220e+01   1.10034411606736e+04
   0.00000   8.66017803174950e+01   1.96235109083682e+04
   0.00000   6.97947255007630e+02   3.31288037788159e+03
   0.00000   3.50059664749713e+03   7.08294917435030e+03
   3.00000   1.68226209831977e+02   1.29341153113746e+09
   4.00000   1.84964730140230e+02   2.88994557373074e+08
   5.00000   1.18147979670211e+01   1.18987139217277e+04
   6.00000   1.29903712377167e+01   0.00000000000000e+00
   6.00000   5.38952518513617e+01   1.13788232963732e+10
   7.00000   1.57040651475528e+01   3.90784700139325e+05
  10.00000   2.52341338667599e+01   5.04822177304143e+08
  10.00000   2.77449320510132e+01   3.98718621614012e+08
  10.00000   6.51539921938613e+01   6.83108359753452e+13
  10.00000   9.52186638579560e+01   4.43047760989483e+15
  10.00000   1.04692927947381e+02   3.64886382313874e+15
  10.00000   2.97211245440803e+02   6.68136152826818e+20
  10.00000   5.25093708671802e+02   1.12249403051335e+23
  10.00000   2.63363923707709e+03   0.00000000000000e+00
# orbitals: 1s2 2s2 2p6 3s2 3p6 3d10
CORE 28 19 Se
   0.00000   5.03116932291886e+00   3.83118105705517e+01
   0.00000   5.53177104229453e+00   3.02811171184161e+01
   0.00000   2.08736249952791e+01   1.51990052446166e+03
   0.00000   7.87646880379220e+01   1.95712921715876e+04
   0.00000   8.66017803174950e+01   1.07600546282913e+04
   0.00000   7.67393058451121e+02   5.21967474029949e+03
   0.00000   8.43748724468482e+02   0.00000000000000e+00
   1.00000   1.12149907042029e+03   1.23452817059983e+06
   3.00000   1.68226209831977e+02   9.60465974199733e+08
   7.00000   1.57040651475528e+01   2.75464100471001e+05
   7.00000   5.92578333928082e+01   1.12552446830113e+11
   8.00000   1.57040651475528e+01   8.08115163802547e+05
   9.00000   6.51539921938613e+01   1.53099745388824e+13
  10.00000   5.53177104229453e+00   8.70854817934268e-04
  10.00000   2.52341338667599e+01   7.18692021481131e+08
  10.00000   2.77449320510132e+01   8.43052704028804e+08
  10.00000   7.16368192312772e+01   0.00000000000000e+00
  10.00000   1.04692927947381e+02   1.70580610897097e+16
  10.00000   2.97211245440803e+02   3.61623080957506e+20
# orbitals: 1s2 2s2 2p6 3s2 3p6 3d10 4s2
CORE 30 21 Se
   0.00000   2.14245430404613e+00   3.18491226018145e-03
   0.00000   2.35562866560132e+00   6.27170292862008e-01
   0.00000   5.03116932291886e+00   5.98069017440452e+01
   0.00000   2.08736249952791e+01   1.44356872309535e+03
   0.00000   7.87646880379220e+01   2.50412415324553e+04
   0.00000   8.66017803174950e+01   5.29275364789624e+03
   0.00000   6.97947255007630e+02   4.55489902292086e+03
   3.00000   1.68226209831977e+02   1.52699538630534e+08
   4.00000   1.84964730140230e+02   3.26584225427274e+10
   6.00000   5.38952518513617e+01   1.74253819082904e+10
   8.00000   1.72666207900832e+01   3.64063413028937e+06
   9.00000   5.03116932291886e+00   2.22571749448767e-02
   9.00000   6.51539921938613e+01   0.00000000000000e+00
  10.00000   5.03116932291886e+00   4.82780379776137e-02
  10.00000   7.35275313822760e+00   2.76916617815600e+01
  10.00000   2.52341338667599e+01   3.02993398293954e+08
  10.00000   2.77449320510132e+01   1.85480824457582e+09
  10.00000   6.51539921938613e+01   3.36281781586990e+13
  10.00000   1.04692927947381e+02   1.03735977197255e+16
  10.00000   2.97211245440803e+02   1.05896252894101e+20
  10.00000   2.89568653576175e+03   1.06030066997467e+31
