# Free-atom, free-ion and frozen-core density fits -- Rg (Z = 111)
#
#   rho(r) = sum_i c_i r^n_i exp(-alpha_i r)      r in bohr, rho in e/bohr^3
#
# All-electron B86BPBE densities (scalar-relativistic, spin-restricted),
# fitted with rhofit.py (monotone decay imposed).  Two kinds of block:
#
#   STATE <N> <q> <nterm> <symbol>
#     the atom or ion with N electrons (charge q), in order of increasing N;
#   CORE <N_core> <nterm> <symbol>
#     the frozen core of the neutral atom with N_core electrons, for a
#     pseudopotential with Z - N_core valence electrons, in order of
#     increasing N_core, each preceded by a '# orbitals:' comment.
#
# Each block header is followed by nterm lines:   n   alpha   c
#
# Generated 2026-09-23 by combine_fits.py from
#   /home/alberto/doc/manuals/critic2/atomic_density_fits/15_rhofit/rho_b86bpbe_mono/fit_111_Rg.dat
#     recipe: --npow 0,1,2,3,4,5,6,7,8,9,10 --amin 0.2 --ratio 1.1 --mom 3 --cusp none --targetz 1e-3 --besteffort --monotone --stats
#   /home/alberto/doc/manuals/critic2/atomic_density_fits/15_rhofit/core_b86bpbe_mono/core_111_Rg.dat
#     recipe: --npow 0,1,2,3,4,5,6,7,8,9,10 --amin 0.2 --ratio 1.1 --mom 3 --cusp none --besteffort --monotone --stats --target 1e-3*N_core
#
STATE 110 +1 30 Rg
   0.00000   2.16225871022436e+00   3.60861841168734e+00
   0.00000   2.37827878386016e+00   5.54359195566932e+00
   0.00000   3.82858500056317e+00   3.23228213609545e+01
   0.00000   2.82810498687967e+01   1.01861694824025e+04
   0.00000   3.11064631490239e+01   5.19853792758174e+03
   0.00000   9.75240908987847e+01   1.49800033484372e+05
   0.00000   4.06853921503292e+02   5.41632547403958e+05
   0.00000   4.47500590501116e+02   3.43528806264417e+06
   0.00000   1.27555674308344e+03   7.51860802464302e+06
   0.00000   1.40299101367492e+03   0.00000000000000e+00
   0.00000   3.30560416300446e+03   1.13605688100572e+07
   0.00000   3.63584996168084e+03   5.49300159043706e+06
   0.00000   7.78837410643904e+03   1.00985501029405e+07
   0.00000   2.22000000000000e+04   1.55793687371872e+08
   4.00000   2.22000000000000e+04   1.24687863653325e+23
   8.00000   3.05754732065476e+02   3.85745697504140e+19
  10.00000   5.09452400218041e+00   1.17341774378815e-01
  10.00000   5.60349152067690e+00   0.00000000000000e+00
  10.00000   1.45214432823535e+01   3.92154034701076e+05
  10.00000   1.59722055025813e+01   1.12376024661376e+06
  10.00000   2.33768136497056e+01   1.15487354554514e+09
  10.00000   2.57122700787171e+01   2.14564030355411e+09
  10.00000   5.00756004893692e+01   1.31234463090259e+13
  10.00000   5.50783944908083e+01   1.29071105296969e+14
  10.00000   1.17983730351220e+02   4.78931092782397e+17
  10.00000   1.29770874043961e+02   2.21169423225475e+18
  10.00000   3.36301104441251e+02   8.49609033306543e+22
  10.00000   4.92208057769028e+02   5.47511137587195e+24
  10.00000   1.27555674308344e+03   1.09530327374524e+29
  10.00000   1.40299101367492e+03   0.00000000000000e+00
STATE 111 +0 33 Rg
   0.00000   1.78729994699162e+00   1.22992844796730e+00
   0.00000   1.96585983176985e+00   2.49700463108514e+00
   0.00000   3.48083299631740e+00   3.01117878730978e+01
   0.00000   3.82858500056317e+00   1.05677286941791e+01
   0.00000   2.82810498687967e+01   5.33139499526965e+03
   0.00000   3.11064631490239e+01   1.05033152775674e+04
   0.00000   9.75240908987847e+01   1.49010439256276e+05
   0.00000   4.06853921503292e+02   4.92616195857251e+05
   0.00000   4.47500590501116e+02   3.49629378120970e+06
   0.00000   1.27555674308344e+03   7.45617317663708e+06
   0.00000   1.40299101367492e+03   0.00000000000000e+00
   0.00000   3.30560416300446e+03   1.54434205972929e+07
   0.00000   7.08095277324895e+03   1.23266211035690e+07
   0.00000   7.78837410643904e+03   0.00000000000000e+00
   0.00000   2.22000000000000e+04   1.53191580460505e+08
   4.00000   2.22000000000000e+04   1.11103325368067e+23
   8.00000   3.05754732065476e+02   3.19799158122174e+19
   9.00000   1.07267217934232e+02   1.74135650637027e+16
  10.00000   1.96585983176985e+00   0.00000000000000e+00
  10.00000   2.16225871022436e+00   0.00000000000000e+00
  10.00000   5.60349152067690e+00   3.74098136474089e-01
  10.00000   1.45214432823535e+01   3.09905243523736e+05
  10.00000   1.59722055025813e+01   8.14099206593065e+05
  10.00000   2.33768136497056e+01   1.14998999200863e+09
  10.00000   2.57122700787171e+01   1.99641781382692e+09
  10.00000   5.00756004893692e+01   1.16413223784402e+13
  10.00000   5.50783944908083e+01   1.35007810195466e+14
  10.00000   1.17983730351220e+02   0.00000000000000e+00
  10.00000   1.29770874043961e+02   2.31502802235318e+18
  10.00000   3.36301104441251e+02   1.00273389757468e+23
  10.00000   4.92208057769028e+02   5.87997319477260e+24
  10.00000   1.27555674308344e+03   1.17340392537604e+29
  10.00000   1.40299101367492e+03   0.00000000000000e+00
STATE 112 -1 33 Rg
   0.00000   1.78729994699162e+00   2.53288007747285e+00
   0.00000   1.96585983176985e+00   9.37882527641330e-01
   0.00000   3.48083299631740e+00   3.86772639991721e+01
   0.00000   3.82858500056317e+00   0.00000000000000e+00
   0.00000   2.82810498687967e+01   5.63829273849907e+03
   0.00000   3.11064631490239e+01   1.01551553310454e+04
   0.00000   9.75240908987847e+01   1.49080092566638e+05
   0.00000   4.06853921503292e+02   4.91313818349436e+05
   0.00000   4.47500590501116e+02   3.49776325950205e+06
   0.00000   1.27555674308344e+03   7.45546406499840e+06
   0.00000   1.40299101367492e+03   0.00000000000000e+00
   0.00000   3.30560416300446e+03   1.54464918408225e+07
   0.00000   7.08095277324895e+03   1.23055554371894e+07
   0.00000   7.78837410643904e+03   0.00000000000000e+00
   0.00000   2.22000000000000e+04   1.53241626368930e+08
   4.00000   2.22000000000000e+04   1.11272904392094e+23
   8.00000   3.05754732065476e+02   3.17049877239289e+19
   9.00000   1.07267217934232e+02   1.73292193910197e+16
  10.00000   2.16225871022436e+00   8.94929866484159e-10
  10.00000   2.37827878386016e+00   0.00000000000000e+00
  10.00000   5.60349152067690e+00   3.54235443282876e-01
  10.00000   1.45214432823535e+01   2.16701941607080e+05
  10.00000   1.59722055025813e+01   1.02170475309832e+06
  10.00000   2.33768136497056e+01   1.13828970054865e+09
  10.00000   2.57122700787171e+01   2.08382739845439e+09
  10.00000   5.00756004893692e+01   1.18296674745846e+13
  10.00000   5.50783944908083e+01   1.34756440534788e+14
  10.00000   1.17983730351220e+02   0.00000000000000e+00
  10.00000   1.29770874043961e+02   2.31737052648256e+18
  10.00000   3.36301104441251e+02   1.00989731624620e+23
  10.00000   4.92208057769028e+02   5.90162968419276e+24
  10.00000   1.27555674308344e+03   1.17504697953432e+29
  10.00000   1.40299101367492e+03   0.00000000000000e+00
# orbitals: 1s2
CORE 2 13 Rg
   0.00000   1.17983730351220e+02   2.20694886710354e+02
   0.00000   2.29777694743627e+02   1.13206012095556e+05
   0.00000   2.52733594656839e+02   6.29623795804871e+05
   0.00000   4.06853921503292e+02   1.59143414608655e+06
   0.00000   4.47500590501116e+02   0.00000000000000e+00
   0.00000   7.92363115678215e+02   2.50017799672402e+06
   0.00000   8.71524012469021e+02   6.89695388426732e+05
   0.00000   1.54315658250871e+03   0.00000000000000e+00
   0.00000   1.69732536768174e+03   5.15617550977863e+06
   0.00000   3.00535473070536e+03   7.74664548277328e+06
   0.00000   3.30560416300446e+03   0.00000000000000e+00
   0.00000   7.78837410643904e+03   0.00000000000000e+00
   0.00000   8.56647024267866e+03   4.48048869510326e+07
# orbitals: 1s2 2s2
CORE 4 19 Rg
   0.00000   8.86659362366028e+01   3.04672492422844e+04
   0.00000   9.75240908987847e+01   1.06269475382628e+04
   0.00000   3.36301104441251e+02   0.00000000000000e+00
   0.00000   3.69899206741257e+02   2.88030722559416e+06
   0.00000   8.71524012469021e+02   7.65845035682852e+05
   0.00000   9.58593464638962e+02   4.15505128117024e+06
   0.00000   1.86689635804323e+03   0.00000000000000e+00
   0.00000   2.05340830817571e+03   7.60634702982380e+06
   0.00000   4.39861717779716e+03   1.69482694156563e+07
   0.00000   5.85303990518546e+03   0.00000000000000e+00
   0.00000   2.22000000000000e+04   1.54176168567134e+08
   3.00000   2.22000000000000e+04   9.66141838547063e+18
   4.00000   2.22000000000000e+04   9.17938047601602e+22
   5.00000   1.72680202347250e+02   9.24683351565488e+12
  10.00000   2.08906888984760e+02   1.25194375012985e+19
  10.00000   3.36301104441251e+02   1.24329193278335e+22
  10.00000   3.69899206741257e+02   3.26634254953924e+22
  10.00000   9.58593464638962e+02   1.09746478092003e+27
  10.00000   1.05436157501305e+03   5.27664718848326e+27
# orbitals: 1s2 2s2 2p6
CORE 10 16 Rg
   0.00000   8.06123715305638e+01   5.85879206821813e+04
   0.00000   8.86659362366028e+01   5.00557638350790e+04
   0.00000   4.06853921503292e+02   3.39024555163840e+06
   0.00000   1.05436157501305e+03   1.51802621885511e+06
   0.00000   1.15969738149914e+03   4.68453203655687e+06
   0.00000   2.73237708206532e+03   1.13313307023561e+07
   0.00000   3.00535473070536e+03   0.00000000000000e+00
   0.00000   6.43778682068300e+03   1.62846394816586e+07
   0.00000   7.08095277324895e+03   1.09093082621051e+07
   0.00000   2.22000000000000e+04   1.16453852509576e+08
   3.00000   1.29770874043961e+02   1.12228929887699e+10
   4.00000   1.56995586111490e+02   1.84605115056890e+10
   9.00000   3.05754732065476e+02   1.78678923861897e+20
  10.00000   3.36301104441251e+02   0.00000000000000e+00
  10.00000   3.69899206741257e+02   8.41554337875287e+22
  10.00000   1.15969738149914e+03   4.22415742428190e+28
# orbitals: 1s2 2s2 2p6 3s2
CORE 12 20 Rg
   0.00000   4.13919563265103e+01   2.05164606162885e+03
   0.00000   7.32903155326863e+01   1.03803350959162e+05
   0.00000   4.06853921503292e+02   2.89944832595306e+06
   0.00000   4.47500590501116e+02   6.91655301668320e+05
   0.00000   1.15969738149914e+03   6.72389232732352e+06
   0.00000   2.73237708206532e+03   1.48187581419621e+06
   0.00000   3.00535473070536e+03   1.22061644152111e+07
   0.00000   6.43778682068300e+03   1.48012303698335e+07
   0.00000   7.08095277324895e+03   0.00000000000000e+00
   0.00000   2.22000000000000e+04   1.50391799261448e+08
   4.00000   2.22000000000000e+04   1.04454347586978e+23
   7.00000   2.52733594656839e+02   2.25894723956156e+17
   8.00000   8.06123715305638e+01   2.13605443360987e+12
   8.00000   2.52733594656839e+02   3.28193805280600e+18
   9.00000   8.86659362366028e+01   1.54050085333129e+14
  10.00000   1.07267217934232e+02   0.00000000000000e+00
  10.00000   1.17983730351220e+02   1.42775560851208e+17
  10.00000   4.47500590501116e+02   1.25545386660984e+24
  10.00000   1.15969738149914e+03   2.96846761286045e+28
  10.00000   1.27555674308344e+03   0.00000000000000e+00
# orbitals: 1s2 2s2 2p6 3s2 3p6
CORE 18 20 Rg
   0.00000   3.76323073256184e+01   5.28457233674693e+03
   0.00000   8.06123715305638e+01   0.00000000000000e+00
   0.00000   8.86659362366028e+01   1.50971714750103e+05
   0.00000   4.47500590501116e+02   4.11694540942597e+06
   0.00000   1.27555674308344e+03   1.99742772223039e+06
   0.00000   1.40299101367492e+03   6.25486715549365e+06
   0.00000   3.30560416300446e+03   0.00000000000000e+00
   0.00000   3.63584996168084e+03   1.61977153848753e+07
   0.00000   7.78837410643904e+03   1.28861310848171e+07
   0.00000   2.22000000000000e+04   1.43760347108704e+08
   4.00000   2.22000000000000e+04   9.07504027422509e+22
   7.00000   7.32903155326863e+01   1.98454654873360e+12
   8.00000   8.06123715305638e+01   2.79579519106829e+13
   8.00000   2.77982899686737e+02   1.49079322653556e+19
  10.00000   1.17983730351220e+02   4.17890768625023e+17
  10.00000   1.29770874043961e+02   1.19307283290684e+17
  10.00000   3.05754732065476e+02   2.69688125854626e+22
  10.00000   4.47500590501116e+02   2.55565960072223e+24
  10.00000   1.27555674308344e+03   1.63502750210255e+29
  10.00000   1.40299101367492e+03   0.00000000000000e+00
# orbitals: 1s2 2s2 2p6 3s2 3p6 3d10
CORE 28 22 Rg
   0.00000   3.42141488427974e+01   4.26532088338526e+03
   0.00000   3.76323073256184e+01   1.27710870316738e+04
   0.00000   8.86659362366028e+01   1.25191205007397e+05
   0.00000   4.06853921503292e+02   9.36611317760719e+05
   0.00000   4.47500590501116e+02   3.00106852783389e+06
   0.00000   1.27555674308344e+03   7.38989863934132e+06
   0.00000   1.40299101367492e+03   0.00000000000000e+00
   0.00000   3.30560416300446e+03   1.51882225408654e+07
   0.00000   7.08095277324895e+03   1.21730110547042e+07
   0.00000   7.78837410643904e+03   0.00000000000000e+00
   0.00000   2.22000000000000e+04   1.51035372107232e+08
   4.00000   2.22000000000000e+04   1.09912723987308e+23
   7.00000   7.32903155326863e+01   4.59422649981359e+12
   7.00000   8.06123715305638e+01   7.25092097949584e+12
   7.00000   2.77982899686737e+02   0.00000000000000e+00
   8.00000   8.06123715305638e+01   0.00000000000000e+00
   9.00000   3.05754732065476e+02   1.65315294977264e+21
  10.00000   1.17983730351220e+02   2.79872007259263e+17
  10.00000   1.29770874043961e+02   1.15394976071255e+18
  10.00000   4.47500590501116e+02   1.38585104519169e+24
  10.00000   4.92208057769028e+02   1.33645751959275e+24
  10.00000   1.27555674308344e+03   1.36061049552304e+29
# orbitals: 1s2 2s2 2p6 3s2 3p6 3d10 4s2
CORE 30 22 Rg
   0.00000   2.57122700787171e+01   4.42752124133070e+03
   0.00000   2.82810498687967e+01   7.18904332256676e+03
   0.00000   9.75240908987847e+01   1.46244798400343e+05
   0.00000   4.06853921503292e+02   1.73016820363776e+06
   0.00000   4.47500590501116e+02   1.94412681851349e+06
   0.00000   1.15969738149914e+03   6.59847192122600e+06
   0.00000   1.27555674308344e+03   0.00000000000000e+00
   0.00000   3.00535473070536e+03   1.48806547687730e+07
   0.00000   3.30560416300446e+03   0.00000000000000e+00
   0.00000   7.08095277324895e+03   1.50742388040432e+07
   0.00000   2.22000000000000e+04   1.49108098399416e+08
   4.00000   2.22000000000000e+04   1.10466785244677e+23
   7.00000   2.77982899686737e+02   0.00000000000000e+00
   9.00000   9.75240908987847e+01   5.01039692445414e+15
   9.00000   3.05754732065476e+02   2.23766608681802e+21
  10.00000   5.00756004893692e+01   1.15359735415136e+12
  10.00000   5.50783944908083e+01   2.15015799079238e+12
  10.00000   1.17983730351220e+02   2.05343209888615e+17
  10.00000   1.29770874043961e+02   1.13350651276159e+18
  10.00000   4.47500590501116e+02   7.73620288346121e+23
  10.00000   4.92208057769028e+02   5.55308070401656e+24
  10.00000   1.27555674308344e+03   4.92605723792105e+28
# orbitals: 1s2 2s2 2p6 3s2 3p6 3d10 4s2 4p6
CORE 36 26 Rg
   0.00000   2.12534877216228e+01   8.50639110832599e+02
   0.00000   3.11064631490239e+01   1.16655496883771e+04
   0.00000   9.75240908987847e+01   1.52782731933564e+05
   0.00000   4.06853921503292e+02   1.48604117325751e+06
   0.00000   4.47500590501116e+02   2.21960218125321e+06
   0.00000   1.15969738149914e+03   6.39329266580218e+06
   0.00000   2.48419410937341e+03   0.00000000000000e+00
   0.00000   2.73237708206532e+03   1.10311755255719e+07
   0.00000   5.32140580076848e+03   1.48158240886812e+07
   0.00000   5.85303990518546e+03   0.00000000000000e+00
   0.00000   2.22000000000000e+04   1.57295090646902e+08
   3.00000   2.22000000000000e+04   6.30628304171104e+18
   4.00000   2.22000000000000e+04   9.64827238365174e+22
   7.00000   2.77982899686737e+02   0.00000000000000e+00
   9.00000   3.76323073256184e+01   1.87268359919803e+10
   9.00000   1.07267217934232e+02   3.37158082537530e+16
   9.00000   3.05754732065476e+02   2.21182463266734e+21
  10.00000   3.76323073256184e+01   0.00000000000000e+00
  10.00000   5.00756004893692e+01   9.83223375089736e+12
  10.00000   5.50783944908083e+01   1.10606499869506e+13
  10.00000   1.29770874043961e+02   3.69226006935199e+17
  10.00000   1.42735610240514e+02   1.48695767182420e+18
  10.00000   3.36301104441251e+02   0.00000000000000e+00
  10.00000   4.47500590501116e+02   1.05886393290064e+24
  10.00000   4.92208057769028e+02   5.23245825586756e+24
  10.00000   1.27555674308344e+03   4.57952001800878e+28
# orbitals: 1s2 2s2 2p6 3s2 3p6 3d10 4s2 4p6 4d10
CORE 46 28 Rg
   0.00000   1.32024544117298e+01   3.04944464018929e+01
   0.00000   1.45214432823535e+01   0.00000000000000e+00
   0.00000   3.76323073256184e+01   2.14415254852009e+04
   0.00000   9.75240908987847e+01   1.36815519895077e+05
   0.00000   4.06853921503292e+02   1.42126175693421e+06
   0.00000   4.47500590501116e+02   2.33616401480884e+06
   0.00000   1.15969738149914e+03   4.85234534292513e+06
   0.00000   1.27555674308344e+03   1.91242648243117e+06
   0.00000   3.00535473070536e+03   1.43289678245271e+07
   0.00000   3.30560416300446e+03   0.00000000000000e+00
   0.00000   4.39861717779716e+03   0.00000000000000e+00
   0.00000   2.22000000000000e+04   1.78779173341407e+08
   2.00000   1.03636353423987e+04   0.00000000000000e+00
   2.00000   1.13990124964892e+04   1.43248387713894e+14
   3.00000   2.01835645563256e+04   3.53223736037667e+19
   9.00000   3.76323073256184e+01   7.45026519548661e+10
   9.00000   1.07267217934232e+02   3.61034808880290e+16
   9.00000   3.05754732065476e+02   1.87510624721474e+21
   9.00000   2.22000000000000e+04   1.03864028271553e+40
  10.00000   3.76323073256184e+01   2.60244136971338e+10
  10.00000   5.00756004893692e+01   1.71321649040984e+13
  10.00000   5.50783944908083e+01   3.31588944501652e+13
  10.00000   1.17983730351220e+02   7.68224430283083e+16
  10.00000   1.42735610240514e+02   3.72407442456451e+18
  10.00000   4.47500590501116e+02   1.44480491905464e+24
  10.00000   4.92208057769028e+02   3.31704201966561e+24
  10.00000   1.27555674308344e+03   6.08656774899663e+28
  10.00000   1.40299101367492e+03   0.00000000000000e+00
# orbitals: 1s2 2s2 2p6 3s2 3p6 3d10 4s2 4p6 4d10 4f14
CORE 60 25 Rg
   0.00000   1.59722055025813e+01   1.86587615170145e+03
   0.00000   1.75679058655761e+01   4.79486342461778e+02
   0.00000   3.76323073256184e+01   1.70356132670193e+04
   0.00000   8.86659362366028e+01   0.00000000000000e+00
   0.00000   9.75240908987847e+01   1.38302922033025e+05
   0.00000   4.06853921503292e+02   9.35053792755025e+05
   0.00000   4.47500590501116e+02   2.98513553803537e+06
   0.00000   1.27555674308344e+03   7.62208276539113e+06
   0.00000   3.00535473070536e+03   0.00000000000000e+00
   0.00000   3.30560416300446e+03   1.43515034743905e+07
   0.00000   6.43778682068300e+03   1.29584119010979e+07
   0.00000   7.08095277324895e+03   0.00000000000000e+00
   0.00000   2.22000000000000e+04   1.53133679849827e+08
   4.00000   2.22000000000000e+04   9.92207132169732e+22
   8.00000   3.05754732065476e+02   3.16442075959117e+19
   9.00000   3.76323073256184e+01   4.90903068921070e+10
  10.00000   3.76323073256184e+01   1.75217146395489e+11
  10.00000   5.00756004893692e+01   2.64374267705035e+13
  10.00000   5.50783944908083e+01   3.08396215020694e+13
  10.00000   1.17983730351220e+02   6.28485978836467e+17
  10.00000   1.29770874043961e+02   1.62453206202106e+18
  10.00000   3.36301104441251e+02   9.51442106763049e+22
  10.00000   4.92208057769028e+02   5.77669829698096e+24
  10.00000   1.15969738149914e+03   2.32885583922638e+28
  10.00000   1.27555674308344e+03   3.49698050912430e+28
# orbitals: 1s2 2s2 2p6 3s2 3p6 3d10 4s2 4p6 4d10 4f14 5s2
CORE 62 26 Rg
   0.00000   1.32024544117298e+01   1.49945315103753e+03
   0.00000   1.45214432823535e+01   0.00000000000000e+00
   0.00000   4.13919563265103e+01   2.19337418664566e+04
   0.00000   9.75240908987847e+01   1.28542683703823e+05
   0.00000   4.06853921503292e+02   2.71742981711672e+06
   0.00000   4.47500590501116e+02   6.88747007658461e+05
   0.00000   1.05436157501305e+03   5.72726518906185e+06
   0.00000   1.15969738149914e+03   0.00000000000000e+00
   0.00000   2.48419410937341e+03   1.08130114867694e+07
   0.00000   4.83806024820792e+03   0.00000000000000e+00
   0.00000   5.32140580076848e+03   1.71119338542962e+07
   0.00000   2.22000000000000e+04   1.55618561186398e+08
   3.00000   2.22000000000000e+04   4.93397577231060e+18
   4.00000   2.22000000000000e+04   9.29849971045899e+22
   5.00000   2.33768136497056e+01   7.73789246598662e+06
   8.00000   3.42141488427974e+01   0.00000000000000e+00
   9.00000   3.76323073256184e+01   3.15008304782476e+10
   9.00000   1.17983730351220e+02   3.19981616852130e+16
  10.00000   5.00756004893692e+01   1.86245197749087e+13
  10.00000   5.50783944908083e+01   4.15874027095835e+13
  10.00000   1.17983730351220e+02   7.64161447512536e+17
  10.00000   1.42735610240514e+02   2.16920421204015e+18
  10.00000   3.36301104441251e+02   1.56531372237583e+23
  10.00000   4.47500590501116e+02   8.02051328756563e+23
  10.00000   4.92208057769028e+02   6.19782887510942e+24
  10.00000   1.27555674308344e+03   6.33306988914671e+27
# orbitals: 1s2 2s2 2p6 3s2 3p6 3d10 4s2 4p6 4d10 4f14 5s2 5p6
CORE 68 26 Rg
   0.00000   9.92177461716429e+00   1.82014955439343e+02
   0.00000   1.09130077537278e+01   7.20943100957860e+02
   0.00000   4.13919563265103e+01   2.35499572818610e+04
   0.00000   9.75240908987847e+01   1.28841896387747e+05
   0.00000   4.06853921503292e+02   2.70154497529076e+06
   0.00000   4.47500590501116e+02   7.03306325212720e+05
   0.00000   1.05436157501305e+03   5.72787577710443e+06
   0.00000   1.15969738149914e+03   0.00000000000000e+00
   0.00000   2.48419410937341e+03   1.08140983479811e+07
   0.00000   2.73237708206532e+03   0.00000000000000e+00
   0.00000   5.32140580076848e+03   1.70918135443819e+07
   0.00000   2.22000000000000e+04   1.55696774842836e+08
   3.00000   2.22000000000000e+04   4.86233494071462e+18
   4.00000   2.22000000000000e+04   9.36066805263432e+22
   8.00000   2.12534877216228e+01   4.35663120619859e+07
   9.00000   2.33768136497056e+01   0.00000000000000e+00
   9.00000   1.17983730351220e+02   3.83262681518848e+15
  10.00000   2.82810498687967e+01   1.80924822182814e+09
  10.00000   5.00756004893692e+01   1.86361548425715e+13
  10.00000   5.50783944908083e+01   6.58527518922115e+13
  10.00000   1.17983730351220e+02   9.98174060020479e+17
  10.00000   1.42735610240514e+02   4.02017819474859e+18
  10.00000   3.36301104441251e+02   1.53947517535045e+23
  10.00000   4.47500590501116e+02   8.86004073060379e+23
  10.00000   4.92208057769028e+02   6.05150278160426e+24
  10.00000   1.27555674308344e+03   3.45452325349028e+27
# orbitals: 1s2 2s2 2p6 3s2 3p6 3d10 4s2 4p6 4d10 4f14 5s2 5p6 5d10
CORE 78 27 Rg
   0.00000   8.20123288830711e+00   2.36388795554387e+02
   0.00000   3.11064631490239e+01   1.56188991059979e+04
   0.00000   3.42141488427974e+01   0.00000000000000e+00
   0.00000   8.86659362366028e+01   7.28299196726629e+04
   0.00000   9.75240908987847e+01   7.11713721744105e+04
   0.00000   4.47500590501116e+02   4.11425045408884e+06
   0.00000   1.27555674308344e+03   4.73158292614546e+06
   0.00000   1.40299101367492e+03   3.00678226618997e+06
   0.00000   3.30560416300446e+03   1.39386449362185e+07
   0.00000   3.63584996168084e+03   0.00000000000000e+00
   0.00000   7.08095277324895e+03   1.22251615156357e+07
   0.00000   7.78837410643904e+03   1.42899792118076e+07
   0.00000   2.22000000000000e+04   1.18856420978409e+08
   7.00000   3.05754732065476e+02   0.00000000000000e+00
   8.00000   3.05754732065476e+02   6.96660709129468e+19
   9.00000   1.75679058655761e+01   4.66483455905998e+06
   9.00000   3.36301104441251e+02   0.00000000000000e+00
  10.00000   1.75679058655761e+01   1.67990710599667e+06
  10.00000   2.33768136497056e+01   7.46869682342747e+08
  10.00000   2.57122700787171e+01   1.84518766922398e+09
  10.00000   5.00756004893692e+01   1.95997541278666e+13
  10.00000   5.50783944908083e+01   9.49650858133017e+13
  10.00000   1.17983730351220e+02   5.21643122526933e+17
  10.00000   1.29770874043961e+02   2.24072165875237e+18
  10.00000   4.92208057769028e+02   1.93289911058719e+24
  10.00000   1.27555674308344e+03   9.21540314896395e+28
  10.00000   1.40299101367492e+03   1.89631567492437e+29
# orbitals: 1s2 2s2 2p6 3s2 3p6 3d10 4s2 4p6 4d10 4f14 5s2 5p6 5d10 6s2
CORE 80 27 Rg
   0.00000   6.16330734900050e+00   1.43463439829347e+02
   0.00000   6.77905147854222e+00   2.01721354143805e+01
   0.00000   3.11064631490239e+01   1.59682404920058e+04
   0.00000   3.42141488427974e+01   0.00000000000000e+00
   0.00000   8.86659362366028e+01   6.02203633135074e+04
   0.00000   9.75240908987847e+01   8.49537544985861e+04
   0.00000   4.47500590501116e+02   4.10262200447305e+06
   0.00000   1.27555674308344e+03   6.03720971276362e+06
   0.00000   1.40299101367492e+03   1.25416580020115e+06
   0.00000   3.00535473070536e+03   9.36993488928382e+06
   0.00000   3.30560416300446e+03   3.21618751270191e+06
   0.00000   7.08095277324895e+03   2.76928942653245e+07
   0.00000   7.78837410643904e+03   0.00000000000000e+00
   0.00000   2.22000000000000e+04   1.19624044190255e+08
   7.00000   3.05754732065476e+02   0.00000000000000e+00
   8.00000   3.05754732065476e+02   7.04670496175051e+19
  10.00000   1.45214432823535e+01   1.21248248083128e+04
  10.00000   1.59722055025813e+01   1.06352358587989e+06
  10.00000   2.33768136497056e+01   6.70219083255475e+08
  10.00000   2.57122700787171e+01   1.30764238636239e+09
  10.00000   5.00756004893692e+01   1.61954916980984e+13
  10.00000   5.50783944908083e+01   1.03945780553677e+14
  10.00000   1.17983730351220e+02   5.20843333983787e+17
  10.00000   1.29770874043961e+02   2.24916092530315e+18
  10.00000   4.92208057769028e+02   1.98595963289484e+24
  10.00000   1.27555674308344e+03   7.89786403759429e+28
  10.00000   1.40299101367492e+03   2.27201498450534e+29
# orbitals: 1s2 2s2 2p6 3s2 3p6 3d10 4s2 4p6 4d10 4f14 5s2 5p6 5d10 5f14
CORE 92 30 Rg
   0.00000   5.09452400218041e+00   2.76980048328993e+01
   0.00000   5.60349152067690e+00   5.22895667178723e+01
   0.00000   2.82810498687967e+01   1.03239300413397e+04
   0.00000   3.11064631490239e+01   4.95397132744206e+03
   0.00000   9.75240908987847e+01   1.46227926345663e+05
   0.00000   4.06853921503292e+02   1.57062290153219e+06
   0.00000   4.47500590501116e+02   2.13550900690754e+06
   0.00000   1.15969738149914e+03   6.49224822769853e+06
   0.00000   1.27555674308344e+03   0.00000000000000e+00
   0.00000   2.73237708206532e+03   6.12120447418029e+06
   0.00000   3.00535473070536e+03   6.82512285305533e+06
   0.00000   5.85303990518546e+03   1.37820264426170e+07
   0.00000   6.43778682068300e+03   0.00000000000000e+00
   0.00000   2.22000000000000e+04   1.56618218266380e+08
   3.00000   2.22000000000000e+04   3.91227289830750e+18
   4.00000   9.02057560805620e+00   1.04782157473294e+03
   4.00000   2.22000000000000e+04   1.05110420350575e+23
   7.00000   2.77982899686737e+02   0.00000000000000e+00
   8.00000   1.45214432823535e+01   4.54691614397587e+05
   8.00000   1.59722055025813e+01   0.00000000000000e+00
   8.00000   3.05754732065476e+02   3.21092844650953e+19
   9.00000   1.59722055025813e+01   1.71536714788691e+06
  10.00000   2.33768136497056e+01   1.67850093118732e+09
  10.00000   5.00756004893692e+01   1.72762982103141e+13
  10.00000   5.50783944908083e+01   1.11610062225934e+14
  10.00000   1.17983730351220e+02   4.98703356198296e+17
  10.00000   1.29770874043961e+02   2.08168931677559e+18
  10.00000   3.36301104441251e+02   1.01297554274871e+23
  10.00000   4.92208057769028e+02   6.32962435447137e+24
  10.00000   1.27555674308344e+03   5.33350558644473e+28
# orbitals: 1s2 2s2 2p6 3s2 3p6 3d10 4s2 4p6 4d10 4f14 5s2 5p6 5d10 5f14 6s2
CORE 94 28 Rg
   0.00000   5.09452400218041e+00   2.71739313425138e+01
   0.00000   5.60349152067690e+00   7.81799580730920e+01
   0.00000   2.82810498687967e+01   3.23856975803632e+03
   0.00000   3.11064631490239e+01   1.27594246138572e+04
   0.00000   9.75240908987847e+01   1.44832136148700e+05
   0.00000   4.06853921503292e+02   1.57311826990596e+06
   0.00000   4.47500590501116e+02   2.13555018983731e+06
   0.00000   1.15969738149914e+03   6.51271363523081e+06
   0.00000   1.27555674308344e+03   0.00000000000000e+00
   0.00000   2.73237708206532e+03   4.23219210070977e+06
   0.00000   3.00535473070536e+03   9.54413398990584e+06
   0.00000   6.43778682068300e+03   1.53870547769827e+07
   0.00000   2.22000000000000e+04   1.52155979428729e+08
   3.00000   2.22000000000000e+04   2.53257571968119e+16
   4.00000   9.02057560805620e+00   2.34178608449377e+03
   4.00000   2.22000000000000e+04   1.06732867061122e+23
   8.00000   1.45214432823535e+01   4.93458963267419e+05
   8.00000   3.05754732065476e+02   2.69040851685434e+19
   9.00000   1.07267217934232e+02   1.78442438282981e+16
  10.00000   1.59722055025813e+01   1.52188996481474e+06
  10.00000   2.33768136497056e+01   1.45750869219831e+09
  10.00000   5.00756004893692e+01   1.28846871898012e+13
  10.00000   5.50783944908083e+01   1.23622165897648e+14
  10.00000   1.17983730351220e+02   0.00000000000000e+00
  10.00000   1.29770874043961e+02   2.24598153164071e+18
  10.00000   3.36301104441251e+02   1.13133008729245e+23
  10.00000   4.92208057769028e+02   6.67940648793174e+24
  10.00000   1.27555674308344e+03   5.62902401586419e+28
# orbitals: 1s2 2s2 2p6 3s2 3p6 3d10 4s2 4p6 4d10 4f14 5s2 5p6 5d10 5f14 6s2 6p6
CORE 100 29 Rg
   0.00000   4.21107910722662e+00   4.00352464770917e+01
   0.00000   4.63178621989902e+00   3.45874397300450e+00
   0.00000   2.82810498687967e+01   9.67198506124103e+03
   0.00000   3.11064631490239e+01   5.54011511386594e+03
   0.00000   9.75240908987847e+01   1.50152589909515e+05
   0.00000   4.06853921503292e+02   4.87100202766493e+05
   0.00000   4.47500590501116e+02   3.50101199168058e+06
   0.00000   1.27555674308344e+03   7.45593216926021e+06
   0.00000   1.40299101367492e+03   0.00000000000000e+00
   0.00000   3.30560416300446e+03   1.54400204268432e+07
   0.00000   7.08095277324895e+03   1.23345940281040e+07
   0.00000   7.78837410643904e+03   0.00000000000000e+00
   0.00000   2.22000000000000e+04   1.53157568293742e+08
   3.00000   6.77905147854222e+00   7.67890464338662e+02
   4.00000   2.22000000000000e+04   1.11039015701884e+23
   8.00000   3.05754732065476e+02   3.25244827992531e+19
   9.00000   1.07267217934232e+02   8.58140822611638e+15
  10.00000   9.92177461716429e+00   4.47296931478075e+02
  10.00000   1.45214432823535e+01   0.00000000000000e+00
  10.00000   1.59722055025813e+01   1.81334095875597e+06
  10.00000   2.33768136497056e+01   9.51072847907794e+08
  10.00000   2.57122700787171e+01   2.33066349351550e+09
  10.00000   5.00756004893692e+01   1.41078404289169e+13
  10.00000   5.50783944908083e+01   1.26110074943890e+14
  10.00000   1.17983730351220e+02   2.31313545025488e+17
  10.00000   1.29770874043961e+02   2.26500631459634e+18
  10.00000   3.36301104441251e+02   9.99113101996095e+22
  10.00000   4.92208057769028e+02   5.89069739807467e+24
  10.00000   1.27555674308344e+03   1.16328823883290e+29
# orbitals: 1s2 2s2 2p6 3s2 3p6 3d10 4s2 4p6 4d10 4f14 5s2 5p6 5d10 6s2 5f14 6p6 7s2
CORE 102 32 Rg
   0.00000   3.82858500056317e+00   5.43749337453950e+01
   0.00000   4.21107910722662e+00   1.94609484320440e+00
   0.00000   2.82810498687967e+01   5.75076927777220e+03
   0.00000   3.11064631490239e+01   9.83351310372802e+03
   0.00000   9.75240908987847e+01   1.47579227645404e+05
   0.00000   4.06853921503292e+02   1.49472259641533e+06
   0.00000   4.47500590501116e+02   2.22574653725677e+06
   0.00000   1.15969738149914e+03   6.41603136386446e+06
   0.00000   2.48419410937341e+03   0.00000000000000e+00
   0.00000   2.73237708206532e+03   1.10953832694187e+07
   0.00000   5.32140580076848e+03   1.47372919972928e+07
   0.00000   2.22000000000000e+04   1.57977780720156e+08
   3.00000   2.01835645563256e+04   7.57105142413300e+18
   3.00000   2.22000000000000e+04   0.00000000000000e+00
   4.00000   2.22000000000000e+04   7.35488081818290e+22
   9.00000   1.07267217934232e+02   1.70423548582091e+16
   9.00000   3.05754732065476e+02   3.07867693924222e+20
  10.00000   3.16466745454777e+00   0.00000000000000e+00
  10.00000   3.48083299631740e+00   4.55588944418233e-04
  10.00000   5.09452400218041e+00   3.21993164057831e-01
  10.00000   1.45214432823535e+01   7.64116912813703e+05
  10.00000   1.59722055025813e+01   1.21353870143509e+06
  10.00000   2.33768136497056e+01   1.15096246989454e+09
  10.00000   2.57122700787171e+01   1.64645996559161e+09
  10.00000   5.00756004893692e+01   1.20104311791243e+13
  10.00000   5.50783944908083e+01   1.31107309234308e+14
  10.00000   1.17983730351220e+02   0.00000000000000e+00
  10.00000   1.29770874043961e+02   2.34639704161792e+18
  10.00000   3.36301104441251e+02   1.33650472424356e+23
  10.00000   4.47500590501116e+02   1.18147120647483e+24
  10.00000   4.92208057769028e+02   5.21158187635112e+24
  10.00000   1.27555674308344e+03   4.68073370651184e+28
