# Free-atom, free-ion and frozen-core density fits -- Ts (Z = 117)
#
#   rho(r) = sum_i c_i r^n_i exp(-alpha_i r)      r in bohr, rho in e/bohr^3
#
# All-electron B86BPBE densities (scalar-relativistic, spin-restricted),
# fitted with rhofit.py (monotone decay imposed).  Two kinds of block:
#
#   STATE <N> <q> <nterm> <symbol>
#     the atom or ion with N electrons (charge q), in order of increasing N;
#   CORE <N_core> <nterm> <symbol>
#     the frozen core of the neutral atom with N_core electrons, for a
#     pseudopotential with Z - N_core valence electrons, in order of
#     increasing N_core, each preceded by a '# orbitals:' comment.
#
# Each block header is followed by nterm lines:   n   alpha   c
#
# Generated 2026-09-23 by combine_fits.py from
#   /home/alberto/doc/manuals/critic2/atomic_density_fits/15_rhofit/rho_b86bpbe_mono/fit_117_Ts.dat
#     recipe: --npow 0,1,2,3,4,5,6,7,8,9,10 --amin 0.2 --ratio 1.1 --mom 3 --cusp none --targetz 1e-3 --besteffort --monotone --stats
#   /home/alberto/doc/manuals/critic2/atomic_density_fits/15_rhofit/core_b86bpbe_mono/core_117_Ts.dat
#     recipe: --npow 0,1,2,3,4,5,6,7,8,9,10 --amin 0.2 --ratio 1.1 --mom 3 --cusp none --besteffort --monotone --stats --target 1e-3*N_core
#
STATE 116 +1 36 Ts
   0.00000   1.77312579168006e+00   9.27447471744438e-01
   0.00000   3.13305577039019e+00   3.00486684570371e+01
   0.00000   3.44487040699161e+00   1.15410997749588e+01
   0.00000   3.05409428381610e+01   1.07835402913255e+04
   0.00000   3.35805034749510e+01   7.50474444861582e+03
   0.00000   1.04844187998495e+02   1.93001175829574e+05
   0.00000   4.78432385961286e+02   4.51535214316779e+06
   0.00000   5.26047950924015e+02   6.17502214577520e+05
   0.00000   1.23557240755080e+03   1.04327988015140e+07
   0.00000   1.35854167126334e+03   0.00000000000000e+00
   0.00000   2.63940664670251e+03   0.00000000000000e+00
   0.00000   2.90209128582159e+03   2.32743784198886e+07
   0.00000   4.66374594721909e+03   5.21482256678392e+06
   0.00000   2.34000000000000e+04   4.63457955488002e+08
   3.00000   2.34000000000000e+04   3.45035359337703e+19
   4.00000   2.34000000000000e+04   6.31865659408732e+23
   8.00000   3.27341838851921e+02   6.71073030599359e+19
   9.00000   3.44487040699161e+00   3.37606984545380e-03
   9.00000   1.15278714153275e+02   4.62201281936264e+16
   9.00000   3.59920249198360e+02   0.00000000000000e+00
   9.00000   2.34000000000000e+04   1.72960584502868e+40
  10.00000   3.78771812270951e+00   0.00000000000000e+00
  10.00000   5.03491265865952e+00   4.04662289240007e-01
  10.00000   1.42969808455102e+01   2.07324687397176e+05
  10.00000   1.57198753656052e+01   9.77541971438928e+05
  10.00000   2.52623014945497e+01   2.67461747396383e+09
  10.00000   2.77765099662544e+01   9.70698762433401e+09
  10.00000   5.39648555343573e+01   1.76776868059267e+13
  10.00000   5.93356606048326e+01   4.05496505798289e+14
  10.00000   1.39366582263753e+02   4.10077542558739e+18
  10.00000   1.53236919527983e+02   5.29619075868495e+18
  10.00000   3.59920249198360e+02   2.20935875414499e+23
  10.00000   5.26047950924015e+02   1.74504805575516e+25
  10.00000   1.35854167126334e+03   5.75743764511144e+28
  10.00000   1.49374934344598e+03   5.63170163155859e+28
  10.00000   2.34000000000000e+04   7.82810898569966e+43
STATE 117 +0 35 Ts
   0.00000   1.46666193557111e+00   7.29010536665779e-01
   0.00000   1.61263018253923e+00   0.00000000000000e+00
   0.00000   3.13305577039019e+00   2.01516225585548e+01
   0.00000   3.44487040699161e+00   2.45494068102617e+01
   0.00000   3.05409428381610e+01   9.43901184078707e+03
   0.00000   3.35805034749510e+01   9.12416788647842e+03
   0.00000   1.04844187998495e+02   1.92633342369212e+05
   0.00000   4.78432385961286e+02   4.36466409435554e+06
   0.00000   5.26047950924015e+02   8.18496767796345e+05
   0.00000   1.23557240755080e+03   1.00982732122055e+07
   0.00000   1.35854167126334e+03   0.00000000000000e+00
   0.00000   2.63940664670251e+03   1.67793248507300e+07
   0.00000   4.66374594721909e+03   2.12207183650076e+07
   0.00000   5.12790118552573e+03   0.00000000000000e+00
   0.00000   2.34000000000000e+04   4.41642333862657e+08
   3.00000   2.34000000000000e+04   1.80265421204968e+19
   4.00000   2.34000000000000e+04   5.24548482453387e+23
   8.00000   3.13305577039019e+00   4.69001727583160e-03
   9.00000   1.15278714153275e+02   4.75492653743509e+16
   9.00000   3.59920249198360e+02   4.09609345052109e+21
  10.00000   4.57917433602380e+00   0.00000000000000e+00
  10.00000   5.03491265865952e+00   3.33779718012400e-01
  10.00000   1.42969808455102e+01   2.87753335659338e+05
  10.00000   1.57198753656052e+01   6.86813615693855e+05
  10.00000   2.52623014945497e+01   2.68386566580502e+09
  10.00000   2.77765099662544e+01   9.47401086552857e+09
  10.00000   5.39648555343573e+01   1.63611141591266e+13
  10.00000   5.93356606048326e+01   4.09306497851956e+14
  10.00000   1.39366582263753e+02   3.98494117551023e+18
  10.00000   1.53236919527983e+02   5.38712222787528e+18
  10.00000   3.59920249198360e+02   2.66575121858288e+23
  10.00000   5.26047950924015e+02   1.92732957944388e+25
  10.00000   1.35854167126334e+03   9.05801310348377e+28
  10.00000   1.49374934344598e+03   7.30238987630204e+26
  10.00000   2.34000000000000e+04   6.47161918129963e+43
STATE 118 -1 38 Ts
   0.00000   1.46666193557111e+00   8.59463506295755e-01
   0.00000   1.61263018253923e+00   0.00000000000000e+00
   0.00000   3.13305577039019e+00   2.01744065080358e+01
   0.00000   3.44487040699161e+00   2.05520378018909e+01
   0.00000   3.05409428381610e+01   1.12534148440225e+04
   0.00000   3.35805034749510e+01   6.98430370842738e+03
   0.00000   1.04844187998495e+02   1.93037652989325e+05
   0.00000   4.78432385961286e+02   4.56021270338620e+06
   0.00000   5.26047950924015e+02   5.60091078710550e+05
   0.00000   1.23557240755080e+03   1.04894605956226e+07
   0.00000   1.35854167126334e+03   0.00000000000000e+00
   0.00000   2.63940664670251e+03   0.00000000000000e+00
   0.00000   2.90209128582159e+03   2.20198358494650e+07
   0.00000   3.85767252952715e+03   5.15543244650336e+06
   0.00000   4.24160401561493e+03   0.00000000000000e+00
   0.00000   2.34000000000000e+04   4.65920625295418e+08
   3.00000   2.34000000000000e+04   3.86512702274745e+19
   4.00000   2.34000000000000e+04   6.31496502452463e+23
   7.00000   1.07554861662659e+01   8.99785265321492e+03
   8.00000   3.27341838851921e+02   6.75152774862520e+19
   9.00000   3.44487040699161e+00   1.01368235751807e-03
   9.00000   1.15278714153275e+02   4.53723766158341e+16
   9.00000   2.34000000000000e+04   2.30350591516936e+40
  10.00000   3.44487040699161e+00   9.00009351268780e-04
  10.00000   5.03491265865952e+00   4.52863968287873e-01
  10.00000   1.42969808455102e+01   0.00000000000000e+00
  10.00000   1.57198753656052e+01   1.26211156365757e+06
  10.00000   2.52623014945497e+01   2.59920124556656e+09
  10.00000   2.77765099662544e+01   1.01362852356744e+10
  10.00000   5.39648555343573e+01   1.82134664664322e+13
  10.00000   5.93356606048326e+01   4.04320488146225e+14
  10.00000   1.39366582263753e+02   4.20649414042446e+18
  10.00000   1.53236919527983e+02   5.11274256791231e+18
  10.00000   3.59920249198360e+02   2.19952895135282e+23
  10.00000   5.26047950924015e+02   1.74491230966107e+25
  10.00000   1.35854167126334e+03   5.35943993753184e+28
  10.00000   1.49374934344598e+03   5.22108540264046e+28
  10.00000   2.34000000000000e+04   7.00172205079732e+43
# orbitals: 1s2
CORE 2 14 Ts
   0.00000   1.04844187998495e+02   0.00000000000000e+00
   0.00000   1.15278714153275e+02   3.70867785628073e+02
   0.00000   2.70764667242848e+02   9.21641628156860e+05
   0.00000   4.35126774155370e+02   5.48549006488299e+05
   0.00000   4.78432385961286e+02   1.96284617776727e+06
   0.00000   8.45374510150955e+02   0.00000000000000e+00
   0.00000   9.29509669239423e+02   5.07029675162193e+06
   0.00000   1.64241344100279e+03   3.20755963703427e+06
   0.00000   1.80587320290540e+03   0.00000000000000e+00
   0.00000   2.18321637380505e+03   9.82300693538351e+06
   0.00000   4.66374594721909e+03   2.95585782890068e+07
   0.00000   5.12790118552573e+03   0.00000000000000e+00
   0.00000   1.32430274358462e+04   0.00000000000000e+00
   0.00000   1.45610281642202e+04   1.60321055268770e+08
# orbitals: 1s2 2s2
CORE 4 16 Ts
   0.00000   9.53541496173209e+01   2.24300938668625e+04
   0.00000   1.04844187998495e+02   3.88837148425524e+04
   0.00000   3.95740997354178e+02   1.81456812583007e+06
   0.00000   4.35126774155370e+02   2.04794080403588e+06
   0.00000   9.29509669239423e+02   0.00000000000000e+00
   0.00000   1.02201830648443e+03   8.15163933934321e+06
   0.00000   2.40049907481981e+03   1.85584607015718e+07
   0.00000   5.63825106815599e+03   4.02362162521258e+07
   0.00000   6.19939307670237e+03   0.00000000000000e+00
   0.00000   2.34000000000000e+04   3.67290593419707e+08
   4.00000   2.34000000000000e+04   2.42755654356107e+23
   5.00000   1.85256280034885e+02   1.57537463156485e+13
   6.00000   2.23966191685919e+02   0.00000000000000e+00
  10.00000   3.95740997354178e+02   1.67934652122308e+23
  10.00000   1.12373378497933e+03   1.15605630636563e+28
  10.00000   1.23557240755080e+03   2.85935608895037e+27
# orbitals: 1s2 2s2 2p6
CORE 10 19 Ts
   0.00000   8.67231080980181e+01   8.39660110191950e+04
   0.00000   9.53541496173209e+01   5.68944571984223e+04
   0.00000   4.35126774155370e+02   1.36960040399827e+06
   0.00000   4.78432385961286e+02   3.54217605524690e+06
   0.00000   1.23557240755080e+03   5.62275589074241e+06
   0.00000   1.35854167126334e+03   5.80286705847166e+06
   0.00000   2.90209128582159e+03   0.00000000000000e+00
   0.00000   3.19091938400764e+03   2.36878968245207e+07
   0.00000   6.19939307670237e+03   2.71458742338860e+07
   0.00000   6.81638225309376e+03   0.00000000000000e+00
   0.00000   2.34000000000000e+04   3.77587179095995e+08
   3.00000   1.39366582263753e+02   1.57114299742092e+10
   4.00000   1.68487689982857e+02   0.00000000000000e+00
   4.00000   2.34000000000000e+04   3.06687779359657e+23
   7.00000   2.70764667242848e+02   1.11467092689481e+17
  10.00000   3.95740997354178e+02   1.22642532426049e+23
  10.00000   4.35126774155370e+02   2.96312575931351e+23
  10.00000   1.23557240755080e+03   9.24880034701400e+28
  10.00000   1.35854167126334e+03   3.94346745401569e+28
# orbitals: 1s2 2s2 2p6 3s2
CORE 12 20 Ts
   0.00000   4.46376674696281e+01   0.00000000000000e+00
   0.00000   4.90801923018763e+01   9.77064069847928e+03
   0.00000   7.88733107931191e+01   4.23557672128435e+04
   0.00000   8.67231080980181e+01   9.29538475622154e+04
   0.00000   4.78432385961286e+02   5.29103349446422e+06
   0.00000   1.23557240755080e+03   2.23531426439409e+06
   0.00000   1.35854167126334e+03   9.92778902168880e+06
   0.00000   2.90209128582159e+03   0.00000000000000e+00
   0.00000   3.19091938400764e+03   2.20942361110216e+07
   0.00000   5.63825106815599e+03   2.64135202527337e+07
   0.00000   2.34000000000000e+04   4.03077975058979e+08
   3.00000   2.34000000000000e+04   0.00000000000000e+00
   4.00000   2.34000000000000e+04   3.48981107589339e+23
   7.00000   2.70764667242848e+02   3.61247925132038e+17
   9.00000   9.53541496173209e+01   3.12385084749334e+14
  10.00000   1.26751727401650e+02   3.16660622485847e+17
  10.00000   3.27341838851921e+02   4.04706472273867e+22
  10.00000   4.78432385961286e+02   3.98501033791208e+24
  10.00000   1.23557240755080e+03   5.81544761479071e+28
  10.00000   1.35854167126334e+03   1.20137033175842e+29
# orbitals: 1s2 2s2 2p6 3s2 3p6
CORE 18 23 Ts
   0.00000   4.05972605990161e+01   6.93662317428709e+03
   0.00000   8.67231080980181e+01   0.00000000000000e+00
   0.00000   9.53541496173209e+01   1.86248443276715e+05
   0.00000   4.78432385961286e+02   4.60042954626350e+06
   0.00000   5.26047950924015e+02   5.90108522993367e+05
   0.00000   1.23557240755080e+03   5.70093072040248e+06
   0.00000   1.35854167126334e+03   5.78423119116341e+06
   0.00000   3.19091938400764e+03   2.55746713063991e+07
   0.00000   3.50849284616941e+03   0.00000000000000e+00
   0.00000   6.19939307670237e+03   2.51147334720105e+07
   0.00000   6.81638225309376e+03   0.00000000000000e+00
   0.00000   2.34000000000000e+04   3.98615107940519e+08
   4.00000   2.34000000000000e+04   3.53035305377561e+23
   6.00000   2.70764667242848e+02   0.00000000000000e+00
   7.00000   7.88733107931191e+01   4.34571894469911e+12
   8.00000   8.67231080980181e+01   5.58804807340852e+13
   8.00000   2.97712284045187e+02   6.21020145915706e+19
  10.00000   1.26751727401650e+02   9.54718843155688e+17
  10.00000   1.39366582263753e+02   6.21765854658186e+17
  10.00000   4.78432385961286e+02   2.07783831498982e+24
  10.00000   5.26047950924015e+02   1.01435954495257e+25
  10.00000   1.35854167126334e+03   1.42366088995680e+29
  10.00000   1.49374934344598e+03   0.00000000000000e+00
# orbitals: 1s2 2s2 2p6 3s2 3p6 3d10
CORE 28 21 Ts
   0.00000   3.69225737269052e+01   7.38871908228987e+03
   0.00000   4.05972605990161e+01   1.32458719421763e+04
   0.00000   9.53541496173209e+01   1.58906163194552e+05
   0.00000   4.78432385961286e+02   3.77771503937427e+06
   0.00000   5.26047950924015e+02   1.75286125541053e+06
   0.00000   1.35854167126334e+03   1.19152389857106e+07
   0.00000   1.49374934344598e+03   0.00000000000000e+00
   0.00000   3.19091938400764e+03   2.31901625375729e+07
   0.00000   6.19939307670237e+03   3.09762215221523e+07
   0.00000   6.81638225309376e+03   0.00000000000000e+00
   0.00000   2.34000000000000e+04   3.86901147105061e+08
   4.00000   2.34000000000000e+04   2.93248215393402e+23
   7.00000   7.88733107931191e+01   9.99594292958009e+12
   7.00000   8.67231080980181e+01   1.40983664424051e+13
   7.00000   2.97712284045187e+02   9.98998440159257e+17
  10.00000   1.26751727401650e+02   5.94322696683497e+17
  10.00000   1.39366582263753e+02   3.26303382885100e+18
  10.00000   3.59920249198360e+02   1.42818070673377e+23
  10.00000   5.26047950924015e+02   8.36183834038917e+24
  10.00000   1.35854167126334e+03   3.21167283601606e+29
  10.00000   1.49374934344598e+03   0.00000000000000e+00
# orbitals: 1s2 2s2 2p6 3s2 3p6 3d10 4s2
CORE 30 23 Ts
   0.00000   2.77765099662544e+01   7.91309327972480e+03
   0.00000   3.05409428381610e+01   5.91308429492766e+03
   0.00000   1.04844187998495e+02   1.89304111883570e+05
   0.00000   4.78432385961286e+02   4.80856916682352e+06
   0.00000   5.26047950924015e+02   2.76147578650922e+05
   0.00000   1.23557240755080e+03   1.04782098150452e+07
   0.00000   2.63940664670251e+03   2.62567515856721e+06
   0.00000   2.90209128582159e+03   1.86482957429934e+07
   0.00000   5.63825106815599e+03   3.11868190303257e+07
   0.00000   6.19939307670237e+03   0.00000000000000e+00
   0.00000   2.34000000000000e+04   4.03109490149728e+08
   4.00000   2.34000000000000e+04   3.41572905643463e+23
   7.00000   2.97712284045187e+02   8.14183101316811e+17
   9.00000   1.04844187998495e+02   1.40924188719590e+16
   9.00000   3.27341838851921e+02   3.13914025102835e+21
  10.00000   5.39648555343573e+01   4.96330971891227e+11
  10.00000   5.93356606048326e+01   1.23554136527946e+13
  10.00000   1.26751727401650e+02   0.00000000000000e+00
  10.00000   1.39366582263753e+02   3.96133960184829e+18
  10.00000   3.59920249198360e+02   0.00000000000000e+00
  10.00000   5.26047950924015e+02   1.50238176510834e+25
  10.00000   1.35854167126334e+03   9.70083992794242e+28
  10.00000   1.49374934344598e+03   0.00000000000000e+00
# orbitals: 1s2 2s2 2p6 3s2 3p6 3d10 4s2 4p6
CORE 36 28 Ts
   0.00000   2.29756682022635e+01   0.00000000000000e+00
   0.00000   2.52623014945497e+01   2.40441368397745e+03
   0.00000   3.35805034749510e+01   1.21197774232045e+04
   0.00000   1.04844187998495e+02   1.97652178214153e+05
   0.00000   4.78432385961286e+02   4.52723829803237e+06
   0.00000   5.26047950924015e+02   5.93912951452807e+05
   0.00000   1.23557240755080e+03   1.02606703825610e+07
   0.00000   2.40049907481981e+03   0.00000000000000e+00
   0.00000   2.63940664670251e+03   1.39923486281558e+07
   0.00000   3.85767252952715e+03   1.68484400590679e+07
   0.00000   2.34000000000000e+04   4.54997937044882e+08
   2.00000   9.96260678564546e+03   0.00000000000000e+00
   3.00000   2.34000000000000e+04   3.28189858508351e+19
   4.00000   2.34000000000000e+04   5.74386408961839e+23
   7.00000   2.97712284045187e+02   9.00792722066273e+17
   9.00000   4.05972605990161e+01   2.80647550637150e+10
   9.00000   1.15278714153275e+02   8.13049999069982e+16
   9.00000   3.27341838851921e+02   3.04106874450927e+21
   9.00000   2.34000000000000e+04   1.73940421943142e+40
  10.00000   4.46376674696281e+01   2.68398742848814e+11
  10.00000   5.39648555343573e+01   2.15314891418030e+13
  10.00000   5.93356606048326e+01   4.17403822510062e+13
  10.00000   1.39366582263753e+02   0.00000000000000e+00
  10.00000   1.53236919527983e+02   6.71898120469225e+18
  10.00000   5.26047950924015e+02   1.57416547325805e+25
  10.00000   1.35854167126334e+03   8.30787716157276e+28
  10.00000   1.49374934344598e+03   0.00000000000000e+00
  10.00000   2.34000000000000e+04   5.61027030155046e+43
# orbitals: 1s2 2s2 2p6 3s2 3p6 3d10 4s2 4p6 4d10
CORE 46 27 Ts
   0.00000   1.90045952490728e+01   0.00000000000000e+00
   0.00000   2.08960109772418e+01   0.00000000000000e+00
   0.00000   3.69225737269052e+01   2.30726162966925e+04
   0.00000   1.04844187998495e+02   1.81216035731677e+05
   0.00000   4.78432385961286e+02   4.49339387102883e+06
   0.00000   5.26047950924015e+02   6.77457024983768e+05
   0.00000   1.23557240755080e+03   1.00285816181109e+07
   0.00000   2.40049907481981e+03   0.00000000000000e+00
   0.00000   2.63940664670251e+03   1.68759400010398e+07
   0.00000   4.66374594721909e+03   2.04955287672813e+07
   0.00000   2.34000000000000e+04   4.41040158838511e+08
   3.00000   2.34000000000000e+04   1.82573796756204e+19
   4.00000   2.34000000000000e+04   5.31929877496192e+23
   9.00000   4.05972605990161e+01   1.18778552188502e+11
   9.00000   1.15278714153275e+02   4.17107468630235e+16
   9.00000   3.59920249198360e+02   3.67096605618621e+21
   9.00000   2.34000000000000e+04   0.00000000000000e+00
  10.00000   4.05972605990161e+01   2.04542850400377e+11
  10.00000   5.39648555343573e+01   5.41249951781408e+13
  10.00000   5.93356606048326e+01   6.71834690499748e+13
  10.00000   1.26751727401650e+02   1.25662151698300e+18
  10.00000   1.53236919527983e+02   9.30411331874645e+18
  10.00000   3.59920249198360e+02   2.66511636467640e+23
  10.00000   5.26047950924015e+02   1.79748039085009e+25
  10.00000   1.35854167126334e+03   1.24746376495587e+29
  10.00000   1.49374934344598e+03   0.00000000000000e+00
  10.00000   2.34000000000000e+04   6.75711796634505e+43
# orbitals: 1s2 2s2 2p6 3s2 3p6 3d10 4s2 4p6 4d10 4f14
CORE 60 26 Ts
   0.00000   1.72843822189049e+01   1.60794886307552e+03
   0.00000   1.90045952490728e+01   1.70997185312612e+03
   0.00000   4.05972605990161e+01   1.84758167727375e+04
   0.00000   1.04844187998495e+02   1.86394130807964e+05
   0.00000   4.78432385961286e+02   3.24209747070712e+06
   0.00000   5.26047950924015e+02   2.32922638190322e+06
   0.00000   1.35854167126334e+03   1.20159408879356e+07
   0.00000   1.49374934344598e+03   0.00000000000000e+00
   0.00000   2.90209128582159e+03   1.35073419593259e+07
   0.00000   4.66374594721909e+03   3.03740095160139e+07
   0.00000   5.12790118552573e+03   0.00000000000000e+00
   0.00000   2.34000000000000e+04   4.18789141940101e+08
   3.00000   2.34000000000000e+04   7.27079708302180e+18
   4.00000   2.34000000000000e+04   3.76405280936337e+23
   9.00000   4.05972605990161e+01   1.74309027731273e+11
   9.00000   1.26751727401650e+02   1.77729770603668e+17
   9.00000   3.59920249198360e+02   4.66757141757417e+21
  10.00000   4.05972605990161e+01   3.44199239415624e+11
  10.00000   5.39648555343573e+01   6.49864832159795e+13
  10.00000   5.93356606048326e+01   9.43163777558691e+13
  10.00000   1.26751727401650e+02   1.01765135566994e+18
  10.00000   1.39366582263753e+02   0.00000000000000e+00
  10.00000   3.59920249198360e+02   2.42471788133549e+23
  10.00000   5.26047950924015e+02   1.69451143805749e+25
  10.00000   1.35854167126334e+03   2.05530295385838e+29
  10.00000   1.49374934344598e+03   0.00000000000000e+00
# orbitals: 1s2 2s2 2p6 3s2 3p6 3d10 4s2 4p6 4d10 4f14 5s2
CORE 62 29 Ts
   0.00000   1.42969808455102e+01   1.08145763108775e+03
   0.00000   1.57198753656052e+01   1.20967881049544e+03
   0.00000   4.05972605990161e+01   0.00000000000000e+00
   0.00000   4.46376674696281e+01   2.37105359017820e+04
   0.00000   1.04844187998495e+02   1.77784500750268e+05
   0.00000   4.78432385961286e+02   4.60139320855463e+06
   0.00000   5.26047950924015e+02   5.46963457892090e+05
   0.00000   1.23557240755080e+03   1.02629603601732e+07
   0.00000   1.35854167126334e+03   0.00000000000000e+00
   0.00000   2.63940664670251e+03   1.42346893870215e+07
   0.00000   3.85767252952715e+03   1.65347470581810e+07
   0.00000   4.24160401561493e+03   0.00000000000000e+00
   0.00000   2.34000000000000e+04   4.57019067569792e+08
   3.00000   2.34000000000000e+04   3.31864494738910e+19
   4.00000   2.34000000000000e+04   5.79953455686509e+23
   6.00000   2.77765099662544e+01   7.31328308731609e+07
   7.00000   3.35805034749510e+01   1.60010015297579e+09
   9.00000   1.26751727401650e+02   1.54048844452644e+17
   9.00000   3.59920249198360e+02   3.39503926017794e+21
   9.00000   2.34000000000000e+04   1.76887067215931e+40
  10.00000   5.39648555343573e+01   4.70992637400376e+13
  10.00000   5.93356606048326e+01   1.10876785151236e+14
  10.00000   1.26751727401650e+02   1.34934478670427e+18
  10.00000   1.68487689982857e+02   9.28841656500840e+18
  10.00000   3.59920249198360e+02   2.80955276347813e+23
  10.00000   5.26047950924015e+02   1.85884934115766e+25
  10.00000   1.35854167126334e+03   1.05794640610517e+29
  10.00000   1.49374934344598e+03   0.00000000000000e+00
  10.00000   2.34000000000000e+04   5.74739916662293e+43
# orbitals: 1s2 2s2 2p6 3s2 3p6 3d10 4s2 4p6 4d10 4f14 5s2 5p6
CORE 68 28 Ts
   0.00000   1.07554861662659e+01   0.00000000000000e+00
   0.00000   1.18259165244169e+01   1.23451595629280e+03
   0.00000   4.05972605990161e+01   2.28699551989646e+04
   0.00000   4.46376674696281e+01   0.00000000000000e+00
   0.00000   1.04844187998495e+02   1.84707001118978e+05
   0.00000   4.78432385961286e+02   3.17952814693595e+06
   0.00000   5.26047950924015e+02   2.41436488864042e+06
   0.00000   1.35854167126334e+03   1.20332914543584e+07
   0.00000   1.49374934344598e+03   0.00000000000000e+00
   0.00000   2.90209128582159e+03   1.36272531487412e+07
   0.00000   4.66374594721909e+03   3.03385070841513e+07
   0.00000   5.12790118552573e+03   0.00000000000000e+00
   0.00000   2.34000000000000e+04   4.20459264815015e+08
   3.00000   2.34000000000000e+04   7.08211387811385e+18
   4.00000   2.34000000000000e+04   3.80171031484163e+23
   8.00000   2.29756682022635e+01   7.18729392906648e+07
   9.00000   2.52623014945497e+01   1.09325112447756e+08
   9.00000   1.26751727401650e+02   2.32242879157665e+17
   9.00000   3.59920249198360e+02   6.69678103515723e+21
  10.00000   3.05409428381610e+01   7.82007485885787e+09
  10.00000   5.39648555343573e+01   4.85960849143501e+13
  10.00000   5.93356606048326e+01   1.71634039559930e+14
  10.00000   1.26751727401650e+02   7.66533480641681e+17
  10.00000   3.59920249198360e+02   1.81212549062991e+23
  10.00000   5.26047950924015e+02   1.41289501447548e+25
  10.00000   5.78402413363688e+02   5.98294919823886e+24
  10.00000   1.35854167126334e+03   2.08064773560056e+29
  10.00000   1.49374934344598e+03   0.00000000000000e+00
# orbitals: 1s2 2s2 2p6 3s2 3p6 3d10 4s2 4p6 4d10 4f14 5s2 5p6 5d10
CORE 78 26 Ts
   0.00000   8.89652738268340e+00   2.00430143050917e+01
   0.00000   9.78194649301749e+00   3.58067064063509e+02
   0.00000   3.35805034749510e+01   1.95790766467799e+04
   0.00000   3.69225737269052e+01   0.00000000000000e+00
   0.00000   9.53541496173209e+01   7.10675325598672e+04
   0.00000   1.04844187998495e+02   1.20677032454939e+05
   0.00000   4.78432385961286e+02   0.00000000000000e+00
   0.00000   5.26047950924015e+02   6.37799457511301e+06
   0.00000   1.49374934344598e+03   1.25198669679814e+07
   0.00000   3.19091938400764e+03   2.19934585184923e+07
   0.00000   3.50849284616941e+03   6.06165023895097e+04
   0.00000   6.81638225309376e+03   4.19114722122072e+07
   0.00000   7.49477673788777e+03   0.00000000000000e+00
   0.00000   2.34000000000000e+04   3.63076593634234e+08
   4.00000   2.34000000000000e+04   2.11835605147997e+23
   7.00000   3.27341838851921e+02   2.33482841900113e+18
   9.00000   1.90045952490728e+01   1.44204693538192e+07
   9.00000   3.59920249198360e+02   6.14771059236501e+21
  10.00000   2.52623014945497e+01   1.80894371309405e+09
  10.00000   2.77765099662544e+01   6.76195604971781e+09
  10.00000   5.39648555343573e+01   4.59044641052557e+13
  10.00000   5.93356606048326e+01   2.68286281457152e+14
  10.00000   1.26751727401650e+02   1.07719168297179e+18
  10.00000   1.39366582263753e+02   6.28967563487735e+18
  10.00000   1.35854167126334e+03   0.00000000000000e+00
  10.00000   1.49374934344598e+03   1.71019514223355e+30
# orbitals: 1s2 2s2 2p6 3s2 3p6 3d10 4s2 4p6 4d10 4f14 5s2 5p6 5d10 6s2
CORE 80 28 Ts
   0.00000   7.35886767434839e+00   2.35715039667371e+02
   0.00000   8.09125254644694e+00   2.88330298462976e+01
   0.00000   3.35805034749510e+01   2.05536112171404e+04
   0.00000   3.69225737269052e+01   0.00000000000000e+00
   0.00000   1.04844187998495e+02   1.95104111792465e+05
   0.00000   4.78432385961286e+02   1.30251687586307e+06
   0.00000   5.26047950924015e+02   4.77851747942199e+06
   0.00000   1.49374934344598e+03   1.41992821690903e+07
   0.00000   1.64241344100279e+03   0.00000000000000e+00
   0.00000   3.50849284616941e+03   0.00000000000000e+00
   0.00000   3.85767252952715e+03   3.24086439399774e+07
   0.00000   6.19939307670237e+03   1.03807218315303e+07
   0.00000   2.34000000000000e+04   4.18379831360350e+08
   3.00000   2.12819341123357e+04   4.18704220352552e+18
   4.00000   2.34000000000000e+04   3.71859821001419e+23
   9.00000   1.72843822189049e+01   1.86913164860339e+06
   9.00000   3.59920249198360e+02   9.08411386921040e+21
  10.00000   1.72843822189049e+01   2.26696518657363e+06
  10.00000   2.52623014945497e+01   1.67471439606911e+09
  10.00000   2.77765099662544e+01   4.58205315043293e+09
  10.00000   5.39648555343573e+01   3.62782154103210e+13
  10.00000   5.93356606048326e+01   2.89032036956001e+14
  10.00000   1.26751727401650e+02   9.97686084545276e+17
  10.00000   1.39366582263753e+02   6.40101759331000e+18
  10.00000   3.59920249198360e+02   8.99623198378519e+22
  10.00000   5.26047950924015e+02   1.27500497971799e+25
  10.00000   1.35854167126334e+03   1.64061855724290e+29
  10.00000   1.49374934344598e+03   5.88858410280269e+29
# orbitals: 1s2 2s2 2p6 3s2 3p6 3d10 4s2 4p6 4d10 4f14 5s2 5p6 5d10 5f14
CORE 92 29 Ts
   0.00000   6.08697428998818e+00   3.60719903265249e+01
   0.00000   6.69277508490938e+00   5.66356334577776e+01
   0.00000   3.05409428381610e+01   1.72131483220578e+04
   0.00000   3.35805034749510e+01   2.40666591501361e+03
   0.00000   1.04844187998495e+02   0.00000000000000e+00
   0.00000   1.15278714153275e+02   2.19329745827783e+05
   0.00000   4.78432385961286e+02   2.44329546827241e+06
   0.00000   5.26047950924015e+02   3.19882019767039e+06
   0.00000   1.35854167126334e+03   1.18288434902637e+07
   0.00000   2.63940664670251e+03   0.00000000000000e+00
   0.00000   2.90209128582159e+03   1.41684708070478e+07
   0.00000   4.66374594721909e+03   2.94537276614970e+07
   0.00000   5.12790118552573e+03   0.00000000000000e+00
   0.00000   2.34000000000000e+04   4.22111588916039e+08
   3.00000   2.34000000000000e+04   6.03621251570032e+18
   4.00000   2.34000000000000e+04   3.94182566458387e+23
   8.00000   1.57198753656052e+01   9.23293193190711e+05
   9.00000   1.72843822189049e+01   7.37447923514630e+06
   9.00000   3.59920249198360e+02   4.68853174046332e+21
  10.00000   2.52623014945497e+01   4.80178259863736e+09
  10.00000   2.77765099662544e+01   2.80073148837118e+09
  10.00000   5.39648555343573e+01   4.12007605389482e+13
  10.00000   5.93356606048326e+01   3.15681022728230e+14
  10.00000   1.26751727401650e+02   9.68803709482557e+17
  10.00000   1.39366582263753e+02   5.67697205924185e+18
  10.00000   3.59920249198360e+02   2.91733506358217e+23
  10.00000   5.26047950924015e+02   2.09723316709096e+25
  10.00000   1.35854167126334e+03   8.54537730070391e+28
  10.00000   1.49374934344598e+03   2.43354188916186e+29
# orbitals: 1s2 2s2 2p6 3s2 3p6 3d10 4s2 4p6 4d10 4f14 5s2 5p6 5d10 5f14 6s2
CORE 94 29 Ts
   0.00000   6.08697428998818e+00   3.67457860707658e+01
   0.00000   6.69277508490938e+00   1.04094789984865e+02
   0.00000   3.05409428381610e+01   1.33193453292376e+04
   0.00000   3.35805034749510e+01   6.78250818894108e+03
   0.00000   1.04844187998495e+02   0.00000000000000e+00
   0.00000   1.15278714153275e+02   2.19273577481851e+05
   0.00000   4.78432385961286e+02   2.12445751660776e+06
   0.00000   5.26047950924015e+02   3.59972173008245e+06
   0.00000   1.35854167126334e+03   1.13360646256912e+07
   0.00000   2.63940664670251e+03   1.15156468178131e+07
   0.00000   4.66374594721909e+03   3.44091103470758e+07
   0.00000   5.12790118552573e+03   0.00000000000000e+00
   0.00000   2.34000000000000e+04   4.16906490271622e+08
   3.00000   2.34000000000000e+04   7.46328292366728e+18
   4.00000   2.34000000000000e+04   3.56077051917830e+23
   6.00000   1.30028805281826e+01   3.17920189554519e+04
   7.00000   1.42969808455102e+01   0.00000000000000e+00
   8.00000   1.57198753656052e+01   2.84909137196274e+06
   9.00000   3.59920249198360e+02   5.17252534073269e+21
  10.00000   2.52623014945497e+01   3.97402845774231e+09
  10.00000   2.77765099662544e+01   2.66872996687079e+09
  10.00000   5.39648555343573e+01   3.16098585245318e+13
  10.00000   5.93356606048326e+01   3.32111666262200e+14
  10.00000   1.26751727401650e+02   9.42427281398182e+17
  10.00000   1.39366582263753e+02   5.84942850679507e+18
  10.00000   3.59920249198360e+02   2.74057178494314e+23
  10.00000   5.26047950924015e+02   2.03828631397106e+25
  10.00000   1.35854167126334e+03   8.30746513304325e+28
  10.00000   1.49374934344598e+03   3.51752085314689e+29
# orbitals: 1s2 2s2 2p6 3s2 3p6 3d10 4s2 4p6 4d10 4f14 5s2 5p6 5d10 5f14 6s2 6p6
CORE 100 31 Ts
   0.00000   5.03491265865952e+00   1.93729822048186e+01
   0.00000   5.53600793944486e+00   4.81820743042992e+01
   0.00000   3.05409428381610e+01   1.18496600096274e+04
   0.00000   3.35805034749510e+01   8.34528204754403e+03
   0.00000   1.04844187998495e+02   0.00000000000000e+00
   0.00000   1.15278714153275e+02   2.18597774887900e+05
   0.00000   4.78432385961286e+02   2.50870364740231e+06
   0.00000   5.26047950924015e+02   3.12297632778460e+06
   0.00000   1.35854167126334e+03   1.18925597180357e+07
   0.00000   1.49374934344598e+03   0.00000000000000e+00
   0.00000   2.90209128582159e+03   1.39836579956910e+07
   0.00000   4.66374594721909e+03   2.98390705457461e+07
   0.00000   5.12790118552573e+03   0.00000000000000e+00
   0.00000   2.34000000000000e+04   4.21747390497762e+08
   3.00000   2.34000000000000e+04   6.58196702394409e+18
   4.00000   8.89652738268340e+00   6.32997340237075e+03
   4.00000   2.34000000000000e+04   3.88010082907571e+23
   9.00000   1.15278714153275e+02   3.09487812637446e+16
   9.00000   3.59920249198360e+02   4.23989505592093e+21
  10.00000   1.07554861662659e+01   2.59325148869264e+03
  10.00000   1.72843822189049e+01   5.41638086623243e+06
  10.00000   2.52623014945497e+01   2.31544210596580e+09
  10.00000   2.77765099662544e+01   9.13723653924605e+09
  10.00000   5.39648555343573e+01   2.60175688195671e+13
  10.00000   5.93356606048326e+01   3.70563858282042e+14
  10.00000   1.26751727401650e+02   0.00000000000000e+00
  10.00000   1.39366582263753e+02   6.21890353103096e+18
  10.00000   3.59920249198360e+02   3.05570356964856e+23
  10.00000   5.26047950924015e+02   2.15620658270677e+25
  10.00000   1.35854167126334e+03   1.00657104165409e+29
  10.00000   1.49374934344598e+03   1.71579959110681e+29
# orbitals: 1s2 2s2 2p6 3s2 3p6 3d10 4s2 4p6 4d10 4f14 5s2 5p6 5d10 5f14 6s2 6p6 6d10
CORE 110 31 Ts
   0.00000   3.44487040699161e+00   3.61064092324356e+01
   0.00000   3.78771812270951e+00   6.90529152354165e+00
   0.00000   3.05409428381610e+01   9.28750334799247e+03
   0.00000   3.35805034749510e+01   1.16071177484029e+04
   0.00000   1.04844187998495e+02   0.00000000000000e+00
   0.00000   1.15278714153275e+02   2.17782633894306e+05
   0.00000   4.78432385961286e+02   2.41301665325508e+06
   0.00000   5.26047950924015e+02   3.23943880922528e+06
   0.00000   1.35854167126334e+03   1.18199257039437e+07
   0.00000   2.63940664670251e+03   0.00000000000000e+00
   0.00000   2.90209128582159e+03   1.42486509445612e+07
   0.00000   4.66374594721909e+03   2.93587054418208e+07
   0.00000   5.12790118552573e+03   0.00000000000000e+00
   0.00000   2.34000000000000e+04   4.22727204068746e+08
   3.00000   5.53600793944486e+00   3.56402649796938e+01
   3.00000   2.34000000000000e+04   5.86750316776279e+18
   4.00000   6.69277508490938e+00   4.05064060452789e+02
   4.00000   2.34000000000000e+04   3.96670712852569e+23
   9.00000   1.15278714153275e+02   3.27744044363270e+16
   9.00000   3.59920249198360e+02   4.93235865894682e+21
  10.00000   1.30028805281826e+01   0.00000000000000e+00
  10.00000   1.42969808455102e+01   2.15083994865610e+05
  10.00000   2.52623014945497e+01   2.94754642022356e+09
  10.00000   2.77765099662544e+01   9.16342046882732e+09
  10.00000   5.39648555343573e+01   2.02630075954492e+13
  10.00000   5.93356606048326e+01   3.97275308961185e+14
  10.00000   1.39366582263753e+02   6.16687172926979e+18
  10.00000   3.59920249198360e+02   2.80016307014654e+23
  10.00000   5.26047950924015e+02   2.06995281189819e+25
  10.00000   1.35854167126334e+03   7.90420693332540e+28
  10.00000   1.49374934344598e+03   2.69946320873529e+29
# orbitals: 1s2 2s2 2p6 3s2 3p6 3d10 4s2 4p6 4d10 4f14 5s2 5p6 5d10 5f14 6s2 6p6 6d10 7s2
CORE 112 31 Ts
   0.00000   3.13305577039019e+00   3.10559839737190e+01
   0.00000   3.44487040699161e+00   1.94893078537552e+01
   0.00000   3.05409428381610e+01   6.86568143540208e+03
   0.00000   3.35805034749510e+01   1.19375860540367e+04
   0.00000   1.04844187998495e+02   1.94152646191656e+05
   0.00000   1.15278714153275e+02   0.00000000000000e+00
   0.00000   4.78432385961286e+02   3.08932291509329e+06
   0.00000   5.26047950924015e+02   2.51067204328930e+06
   0.00000   1.35854167126334e+03   1.20415334200816e+07
   0.00000   1.49374934344598e+03   0.00000000000000e+00
   0.00000   2.90209128582159e+03   1.36109888777051e+07
   0.00000   4.66374594721909e+03   3.04508157724486e+07
   0.00000   5.12790118552573e+03   0.00000000000000e+00
   0.00000   2.34000000000000e+04   4.20681484515094e+08
   3.00000   2.34000000000000e+04   7.30056047143299e+18
   4.00000   2.34000000000000e+04   3.78481001277256e+23
   5.00000   7.35886767434839e+00   7.94552259372669e+01
   9.00000   1.15278714153275e+02   5.26744466940351e+16
   9.00000   3.59920249198360e+02   4.17464340810438e+21
  10.00000   3.13305577039019e+00   5.18119975778274e-07
  10.00000   1.42969808455102e+01   1.01090279200535e+05
  10.00000   2.52623014945497e+01   2.74297061380003e+09
  10.00000   2.77765099662544e+01   8.48511230751629e+09
  10.00000   5.39648555343573e+01   1.38341966020466e+13
  10.00000   5.93356606048326e+01   4.16134862851802e+14
  10.00000   1.39366582263753e+02   3.34655655272787e+18
  10.00000   1.53236919527983e+02   6.50566194000776e+18
  10.00000   3.59920249198360e+02   2.62697373239426e+23
  10.00000   5.26047950924015e+02   1.85764066604211e+25
  10.00000   1.35854167126334e+03   1.93760627694111e+29
  10.00000   1.49374934344598e+03   0.00000000000000e+00
