# Free-atom, free-ion and frozen-core density fits -- Xe (Z = 54)
#
#   rho(r) = sum_i c_i r^n_i exp(-alpha_i r)      r in bohr, rho in e/bohr^3
#
# All-electron B86BPBE densities (scalar-relativistic, spin-restricted),
# fitted with rhofit.py (monotone decay imposed).  Two kinds of block:
#
#   STATE <N> <q> <nterm> <symbol>
#     the atom or ion with N electrons (charge q), in order of increasing N;
#   CORE <N_core> <nterm> <symbol>
#     the frozen core of the neutral atom with N_core electrons, for a
#     pseudopotential with Z - N_core valence electrons, in order of
#     increasing N_core, each preceded by a '# orbitals:' comment.
#
# Each block header is followed by nterm lines:   n   alpha   c
#
# Generated 2026-09-23 by combine_fits.py from
#   /home/alberto/doc/manuals/critic2/atomic_density_fits/15_rhofit/rho_b86bpbe_mono/fit_054_Xe.dat
#     recipe: --npow 0,1,2,3,4,5,6,7,8,9,10 --amin 0.2 --ratio 1.1 --mom 3 --cusp none --targetz 1e-3 --besteffort --monotone --stats
#   /home/alberto/doc/manuals/critic2/atomic_density_fits/15_rhofit/core_b86bpbe_mono/core_054_Xe.dat
#     recipe: --npow 0,1,2,3,4,5,6,7,8,9,10 --amin 0.2 --ratio 1.1 --mom 3 --cusp none --besteffort --monotone --stats --target 1e-3*N_core
#
STATE 46 +8 24 Xe
   0.00000   4.56059228759768e+00   1.24893546898131e+01
   0.00000   5.01386341042910e+00   0.00000000000000e+00
   0.00000   1.42179259993759e+01   1.10414663690702e+03
   0.00000   3.66731952235812e+01   6.98285401130240e+03
   0.00000   1.38186701869456e+02   1.49451501736560e+05
   0.00000   6.91890715781213e+02   0.00000000000000e+00
   0.00000   7.60656801816058e+02   5.92545955811415e+04
   0.00000   3.46424624155570e+03   0.00000000000000e+00
   0.00000   3.80855300801335e+03   6.40404682530963e+04
   6.00000   3.91859159384158e+02   7.13604356491814e+15
   7.00000   9.73265321273420e+00   9.75185459229445e+02
   7.00000   1.06999685024307e+01   2.85723204954395e+04
   8.00000   1.14330934003356e+02   7.49514358025964e+14
   8.00000   4.30805513270881e+02   3.19903627669080e+19
   9.00000   4.03180946858757e+01   2.73392514064654e+11
   9.00000   4.73622692796727e+02   0.00000000000000e+00
  10.00000   1.71845731726470e+01   7.68566511465285e+06
  10.00000   1.88925247469473e+01   3.04605807988656e+07
  10.00000   4.87306832474409e+01   0.00000000000000e+00
  10.00000   5.35739601989847e+01   1.13846170541530e+13
  10.00000   1.25694131492199e+02   3.37596513966412e+17
  10.00000   1.83620007930997e+02   2.30869035222512e+19
  10.00000   2.37139420433469e+03   0.00000000000000e+00
  10.00000   2.60708387924771e+03   1.51653223220683e+31
STATE 47 +7 25 Xe
   0.00000   3.77327752088708e+00   1.45019034041621e+01
   0.00000   1.56310265081841e+01   1.35533504061767e+03
   0.00000   3.66731952235812e+01   6.59970500705957e+03
   0.00000   1.38186701869456e+02   1.49942349729914e+05
   0.00000   1.51920891984866e+02   0.00000000000000e+00
   0.00000   7.60656801816058e+02   0.00000000000000e+00
   0.00000   8.36257456491142e+02   6.59208065185232e+04
   0.00000   4.60322819593964e+03   0.00000000000000e+00
   0.00000   5.06073684425644e+03   7.60674617923880e+04
   6.00000   3.91859159384158e+02   7.08772675199828e+15
   9.00000   1.17634239554750e+01   6.69981842970107e+03
   9.00000   4.03180946858757e+01   2.86716128069950e+11
   9.00000   1.25694131492199e+02   2.01488333610282e+16
   9.00000   2.86619843339804e+03   0.00000000000000e+00
  10.00000   7.32449182995523e+00   0.00000000000000e+00
  10.00000   8.05246320441068e+00   5.62026172711230e+01
  10.00000   1.29325748131696e+01   1.52914051570233e+05
  10.00000   1.71845731726470e+01   1.03975757311668e+07
  10.00000   1.88925247469473e+01   2.77268709862061e+07
  10.00000   4.43252557948371e+01   0.00000000000000e+00
  10.00000   5.35739601989847e+01   1.19374948881468e+13
  10.00000   1.25694131492199e+02   3.38861057162534e+17
  10.00000   1.83620007930997e+02   2.35297379334290e+19
  10.00000   5.20695414106683e+02   4.71721231497680e+23
  10.00000   2.86619843339804e+03   8.57028613508913e+31
STATE 48 +6 25 Xe
   0.00000   3.43215978419535e+00   8.10915362426136e+00
   0.00000   3.77327752088708e+00   5.23977439840517e+00
   0.00000   1.56310265081841e+01   1.34385671087880e+03
   0.00000   3.66731952235812e+01   6.61983166834266e+03
   0.00000   1.38186701869456e+02   1.49803814690679e+05
   0.00000   7.60656801816058e+02   5.84592204173223e+04
   0.00000   3.80855300801335e+03   7.08070601380202e+04
   0.00000   4.18707996009364e+03   0.00000000000000e+00
   6.00000   3.91859159384158e+02   8.32097578749003e+15
   7.00000   4.30805513270881e+02   0.00000000000000e+00
   8.00000   1.14330934003356e+02   9.40241339437968e+14
   9.00000   1.17634239554750e+01   2.31764986902698e+04
   9.00000   4.03180946858757e+01   2.86770812651966e+11
   9.00000   2.60708387924771e+03   4.15025626317033e+28
  10.00000   7.32449182995523e+00   1.36985974315378e+01
  10.00000   8.05246320441068e+00   7.60785908354057e+01
  10.00000   1.29325748131696e+01   8.27706289707670e+04
  10.00000   1.71845731726470e+01   9.80359296481002e+06
  10.00000   1.88925247469473e+01   2.91306060801810e+07
  10.00000   4.43252557948371e+01   0.00000000000000e+00
  10.00000   5.35739601989847e+01   1.22560570879177e+13
  10.00000   1.25694131492199e+02   2.63191816840274e+17
  10.00000   1.83620007930997e+02   2.04778664295834e+19
  10.00000   5.20695414106683e+02   4.04606649344622e+23
  10.00000   2.60708387924771e+03   5.62088074973518e+30
STATE 49 +5 27 Xe
   0.00000   2.83965119991437e+00   1.48400318692410e+00
   0.00000   3.12188030672032e+00   8.94561658962994e+00
   0.00000   1.56310265081841e+01   1.30711106287701e+03
   0.00000   3.66731952235812e+01   6.74058217616910e+03
   0.00000   1.38186701869456e+02   1.49497269405803e+05
   0.00000   6.91890715781213e+02   0.00000000000000e+00
   0.00000   7.60656801816058e+02   5.96332501843635e+04
   0.00000   3.46424624155570e+03   0.00000000000000e+00
   0.00000   3.80855300801335e+03   6.30184180478395e+04
   6.00000   3.91859159384158e+02   8.78987157583847e+15
   8.00000   1.14330934003356e+02   0.00000000000000e+00
   8.00000   4.30805513270881e+02   2.18242993550550e+19
   9.00000   1.29325748131696e+01   5.82867030759935e+04
   9.00000   4.03180946858757e+01   2.97401376820859e+11
   9.00000   4.73622692796727e+02   0.00000000000000e+00
  10.00000   6.66233166240306e+00   2.72431069742123e+00
  10.00000   7.32449182995523e+00   2.91935513198285e+01
  10.00000   1.29325748131696e+01   7.74998472367284e+04
  10.00000   1.71845731726470e+01   8.14930498875502e+06
  10.00000   1.88925247469473e+01   3.26206522229224e+07
  10.00000   5.35739601989847e+01   1.01370617318760e+13
  10.00000   5.88986039212393e+01   7.18932223523361e+12
  10.00000   1.25694131492199e+02   5.14006209796087e+17
  10.00000   1.67020104751330e+02   3.70863302562601e+18
  10.00000   1.83620007930997e+02   1.94290088018755e+19
  10.00000   2.37139420433469e+03   1.69782525070967e+30
  10.00000   2.60708387924771e+03   1.30101420905566e+31
STATE 50 +4 30 Xe
   0.00000   2.58293661029123e+00   0.00000000000000e+00
   0.00000   2.83965119991437e+00   7.43049491065657e+00
   0.00000   1.56310265081841e+01   1.17385831909290e+03
   0.00000   3.33578076639137e+01   6.28190721757770e+03
   0.00000   3.66731952235812e+01   0.00000000000000e+00
   0.00000   1.38186701869456e+02   1.50553153169279e+05
   0.00000   6.91890715781213e+02   0.00000000000000e+00
   0.00000   7.60656801816058e+02   5.84731792684067e+04
   0.00000   3.46424624155570e+03   0.00000000000000e+00
   0.00000   3.80855300801335e+03   6.63467362222319e+04
   6.00000   3.91859159384158e+02   1.01447833575182e+16
   7.00000   1.03995010068477e+02   0.00000000000000e+00
   9.00000   5.51218453945196e+00   1.01908083235840e+00
   9.00000   1.29325748131696e+01   1.78275251486976e+05
   9.00000   4.03180946858757e+01   2.04703697053999e+11
   9.00000   4.73622692796727e+02   3.02502132073627e+21
   9.00000   2.37139420433469e+03   0.00000000000000e+00
  10.00000   6.66233166240306e+00   0.00000000000000e+00
  10.00000   7.32449182995523e+00   4.50592089833854e+01
  10.00000   1.42179259993759e+01   0.00000000000000e+00
  10.00000   1.71845731726470e+01   4.32634269011270e+06
  10.00000   1.88925247469473e+01   4.30023295683825e+07
  10.00000   4.03180946858757e+01   2.62505370128270e+11
  10.00000   5.35739601989847e+01   1.71255915645228e+13
  10.00000   1.25694131492199e+02   4.51584663460099e+17
  10.00000   1.67020104751330e+02   4.78955323945684e+18
  10.00000   1.83620007930997e+02   1.36766389117381e+19
  10.00000   5.20695414106683e+02   0.00000000000000e+00
  10.00000   2.37139420433469e+03   0.00000000000000e+00
  10.00000   2.60708387924771e+03   1.31565937827757e+31
STATE 51 +3 28 Xe
   0.00000   2.58293661029123e+00   6.85061025281417e+00
   0.00000   1.42179259993759e+01   0.00000000000000e+00
   0.00000   1.56310265081841e+01   1.34046586967697e+03
   0.00000   3.66731952235812e+01   6.70716351786328e+03
   0.00000   1.38186701869456e+02   1.49465834788053e+05
   0.00000   6.91890715781213e+02   2.00694215247872e+03
   0.00000   7.60656801816058e+02   5.74159430188591e+04
   0.00000   3.46424624155570e+03   0.00000000000000e+00
   0.00000   3.80855300801335e+03   6.39216714248323e+04
   6.00000   3.91859159384158e+02   9.38982651558724e+15
   7.00000   1.03995010068477e+02   0.00000000000000e+00
   7.00000   4.30805513270881e+02   0.00000000000000e+00
   8.00000   1.14330934003356e+02   0.00000000000000e+00
   9.00000   5.01386341042910e+00   1.61866571307379e-01
   9.00000   4.03180946858757e+01   2.30133835220301e+11
   9.00000   4.73622692796727e+02   2.15035226440321e+21
  10.00000   5.51218453945196e+00   3.14592284071035e-02
  10.00000   6.66233166240306e+00   1.41491537964616e+01
  10.00000   1.42179259993759e+01   5.35772010286027e+05
  10.00000   1.71845731726470e+01   4.33290228384870e+06
  10.00000   1.88925247469473e+01   4.34245560191714e+07
  10.00000   4.03180946858757e+01   1.79504786836442e+11
  10.00000   5.35739601989847e+01   1.49127379763577e+13
  10.00000   1.25694131492199e+02   5.02381515237067e+17
  10.00000   1.67020104751330e+02   4.03219732203300e+18
  10.00000   1.83620007930997e+02   1.83488217801602e+19
  10.00000   2.37139420433469e+03   1.85638229205382e+30
  10.00000   2.60708387924771e+03   1.21493693949866e+31
STATE 52 +2 29 Xe
   0.00000   2.34942993455813e+00   4.13267673010976e+00
   0.00000   2.58293661029123e+00   1.16634351397692e+00
   0.00000   1.42179259993759e+01   1.09334016414649e+03
   0.00000   3.33578076639137e+01   4.16562466018873e+02
   0.00000   3.66731952235812e+01   6.65889733031530e+03
   0.00000   1.38186701869456e+02   1.49043290774986e+05
   0.00000   6.91890715781213e+02   4.00252883642531e+04
   0.00000   7.60656801816058e+02   1.48976734392707e+04
   0.00000   3.46424624155570e+03   7.14255034425610e+04
   0.00000   3.80855300801335e+03   0.00000000000000e+00
   6.00000   3.91859159384158e+02   1.02821223465149e+16
   7.00000   1.03995010068477e+02   0.00000000000000e+00
   8.00000   4.30805513270881e+02   1.22729851961758e+19
   9.00000   1.42179259993759e+01   0.00000000000000e+00
   9.00000   4.03180946858757e+01   2.77376741098975e+11
   9.00000   1.14330934003356e+02   1.53063689208471e+15
  10.00000   5.01386341042910e+00   1.35563108208192e-01
  10.00000   6.06003313408429e+00   1.07323911798279e-01
  10.00000   6.66233166240306e+00   1.63276273368023e+01
  10.00000   1.42179259993759e+01   5.59883228962478e+05
  10.00000   1.71845731726470e+01   4.76353870855929e+06
  10.00000   1.88925247469473e+01   4.34829672656768e+07
  10.00000   5.35739601989847e+01   1.20923296200938e+13
  10.00000   1.25694131492199e+02   4.66055553253262e+17
  10.00000   1.67020104751330e+02   4.27938171878499e+18
  10.00000   1.83620007930997e+02   1.81852950500038e+19
  10.00000   4.73622692796727e+02   0.00000000000000e+00
  10.00000   2.37139420433469e+03   3.55588211972330e+30
  10.00000   2.60708387924771e+03   0.00000000000000e+00
STATE 53 +1 27 Xe
   0.00000   2.13703309458124e+00   3.80004250638058e+00
   0.00000   4.14829848982969e+00   4.19646082290547e-01
   0.00000   1.42179259993759e+01   1.11951573172475e+03
   0.00000   3.66731952235812e+01   6.99999232158301e+03
   0.00000   1.38186701869456e+02   1.49470864847052e+05
   0.00000   6.91890715781213e+02   0.00000000000000e+00
   0.00000   7.60656801816058e+02   5.93654780590363e+04
   0.00000   3.46424624155570e+03   0.00000000000000e+00
   0.00000   3.80855300801335e+03   6.41460435405270e+04
   6.00000   3.91859159384158e+02   7.90216917279270e+15
   8.00000   1.29325748131696e+01   2.12749705514772e+05
   8.00000   1.14330934003356e+02   8.14405753541202e+14
   9.00000   4.14829848982969e+00   5.14425405217639e-03
   9.00000   1.42179259993759e+01   0.00000000000000e+00
   9.00000   4.03180946858757e+01   2.79687113065162e+11
   9.00000   4.73622692796727e+02   3.11112042030247e+21
  10.00000   4.56059228759768e+00   3.05858494316317e-02
  10.00000   6.06003313408429e+00   2.30539450573947e+00
  10.00000   6.66233166240306e+00   1.05846733266323e+01
  10.00000   1.71845731726470e+01   1.72916793424581e+06
  10.00000   1.88925247469473e+01   4.24283222865303e+07
  10.00000   4.43252557948371e+01   0.00000000000000e+00
  10.00000   5.35739601989847e+01   1.16814830661110e+13
  10.00000   1.25694131492199e+02   3.18355032771262e+17
  10.00000   1.83620007930997e+02   2.25787319776808e+19
  10.00000   2.37139420433469e+03   0.00000000000000e+00
  10.00000   2.60708387924771e+03   1.58682052252874e+31
STATE 54 +0 30 Xe
   0.00000   1.76810783088499e+00   1.42681280032137e+00
   0.00000   1.94383768596801e+00   1.34438851093810e+00
   0.00000   4.14829848982969e+00   0.00000000000000e+00
   0.00000   1.29325748131696e+01   2.92874408018205e+02
   0.00000   1.42179259993759e+01   7.60274631938295e+02
   0.00000   3.66731952235812e+01   7.19834837634913e+03
   0.00000   1.38186701869456e+02   1.48897111213607e+05
   0.00000   6.91890715781213e+02   3.90611109029456e+04
   0.00000   7.60656801816058e+02   1.61558523735360e+04
   0.00000   3.46424624155570e+03   7.02591919000481e+04
   0.00000   3.80855300801335e+03   0.00000000000000e+00
   6.00000   3.91859159384158e+02   1.02723583506050e+16
   7.00000   1.03995010068477e+02   0.00000000000000e+00
   8.00000   4.30805513270881e+02   0.00000000000000e+00
   9.00000   4.14829848982969e+00   2.07547893406103e-02
   9.00000   1.42179259993759e+01   5.10061058939942e+05
   9.00000   4.03180946858757e+01   2.74803731538887e+11
   9.00000   1.14330934003356e+02   1.64281772665088e+15
   9.00000   4.73622692796727e+02   1.22093552672079e+21
  10.00000   4.14829848982969e+00   0.00000000000000e+00
  10.00000   6.06003313408429e+00   2.58991540775653e+00
  10.00000   6.66233166240306e+00   5.01719926728213e+00
  10.00000   1.42179259993759e+01   3.04407574035045e+05
  10.00000   1.88925247469473e+01   5.10541362275366e+07
  10.00000   5.35739601989847e+01   1.17847615977931e+13
  10.00000   1.25694131492199e+02   4.71314248649356e+17
  10.00000   1.67020104751330e+02   4.15791368323369e+18
  10.00000   1.83620007930997e+02   1.88455003333483e+19
  10.00000   2.37139420433469e+03   3.75184711424040e+30
  10.00000   2.60708387924771e+03   0.00000000000000e+00
STATE 55 -1 30 Xe
   0.00000   1.94383768596801e+00   0.00000000000000e+00
   0.00000   2.13703309458124e+00   3.71218616689294e+00
   0.00000   3.77327752088708e+00   4.26992291138189e-01
   0.00000   1.42179259993759e+01   1.11983130178766e+03
   0.00000   3.66731952235812e+01   6.99078242559521e+03
   0.00000   1.38186701869456e+02   1.49474696679113e+05
   0.00000   6.91890715781213e+02   0.00000000000000e+00
   0.00000   7.60656801816058e+02   5.91415950752095e+04
   0.00000   3.46424624155570e+03   5.41954088454146e+04
   6.00000   3.91859159384158e+02   7.41167930277602e+15
   7.00000   4.30805513270881e+02   0.00000000000000e+00
   8.00000   1.29325748131696e+01   2.16200727165532e+05
   8.00000   1.14330934003356e+02   8.03955259076482e+14
   8.00000   4.30805513270881e+02   2.96963908598170e+19
   9.00000   4.03180946858757e+01   2.79879723086669e+11
   9.00000   4.73622692796727e+02   0.00000000000000e+00
  10.00000   1.46287173070168e+00   2.53534593152456e-09
  10.00000   1.60826458104191e+00   7.10742821492140e-08
  10.00000   3.77327752088708e+00   2.97520973439677e-05
  10.00000   4.14829848982969e+00   2.25495665940024e-02
  10.00000   6.06003313408429e+00   3.62334167604331e+00
  10.00000   6.66233166240306e+00   9.81953980227146e+00
  10.00000   1.71845731726470e+01   1.53912647157176e+06
  10.00000   1.88925247469473e+01   4.28619004639991e+07
  10.00000   4.43252557948371e+01   0.00000000000000e+00
  10.00000   5.35739601989847e+01   1.16798297558393e+13
  10.00000   1.25694131492199e+02   3.21449997737519e+17
  10.00000   1.83620007930997e+02   2.27719015021547e+19
  10.00000   2.37139420433469e+03   0.00000000000000e+00
  10.00000   2.60708387924771e+03   1.64148627491092e+31
# orbitals: 1s2
CORE 2 5 Xe
   0.00000   1.03995010068477e+02   4.44311016994941e+04
   0.00000   1.14330934003356e+02   4.83985387506445e+04
   0.00000   1.67020104751330e+02   3.28637179968156e+04
   0.00000   3.56433694702296e+02   0.00000000000000e+00
   0.00000   3.91859159384158e+02   3.81679643868293e+04
# orbitals: 1s2 2s2
CORE 4 17 Xe
   0.00000   3.03421429564217e+01   5.50043200506113e+01
   0.00000   3.33578076639137e+01   6.42972404081312e+02
   0.00000   1.25694131492199e+02   1.44701433799974e+05
   0.00000   5.72446629765040e+02   5.38728310314647e+04
   0.00000   2.60708387924771e+03   3.02190455012570e+04
   0.00000   2.86619843339804e+03   3.39760203620898e+04
   4.00000   5.35739601989847e+01   6.61814501347124e+07
   4.00000   5.88986039212393e+01   1.61090986131527e+08
   5.00000   6.47524568089848e+01   0.00000000000000e+00
   6.00000   7.82634072080210e+01   8.11892981573902e+10
   6.00000   3.24210818291940e+02   0.00000000000000e+00
   8.00000   1.03995010068477e+02   0.00000000000000e+00
   9.00000   3.91859159384158e+02   9.90511280189480e+20
  10.00000   1.38186701869456e+02   2.16467906510279e+17
  10.00000   6.29341329021602e+02   1.89366048023505e+24
  10.00000   1.96201016887905e+03   5.87095177711971e+29
  10.00000   2.15701171608443e+03   0.00000000000000e+00
# orbitals: 1s2 2s2 2p6
CORE 10 17 Xe
   0.00000   3.33578076639137e+01   3.64438082665454e+03
   0.00000   3.66731952235812e+01   3.05119162017455e+03
   0.00000   1.38186701869456e+02   1.48575312816259e+05
   0.00000   8.36257456491142e+02   6.06642257056633e+04
   0.00000   4.60322819593964e+03   7.43714495064522e+04
   0.00000   5.06073684425644e+03   0.00000000000000e+00
   3.00000   5.35739601989847e+01   3.74564238643329e+07
   4.00000   5.88986039212393e+01   4.23063408484989e+08
   4.00000   6.47524568089848e+01   0.00000000000000e+00
   5.00000   3.24210818291940e+02   1.47136016841015e+13
   5.00000   3.56433694702296e+02   0.00000000000000e+00
   8.00000   1.14330934003356e+02   3.50476907560302e+14
  10.00000   1.51920891984866e+02   6.55412025164362e+17
  10.00000   4.73622692796727e+02   5.52026464658064e+23
  10.00000   7.60656801816058e+02   6.21635959315594e+25
  10.00000   2.86619843339804e+03   6.03086620831189e+31
  10.00000   3.15106603397199e+03   0.00000000000000e+00
# orbitals: 1s2 2s2 2p6 3s2
CORE 12 19 Xe
   0.00000   1.29325748131696e+01   0.00000000000000e+00
   0.00000   2.75991050869892e+01   7.89485564597641e+02
   0.00000   3.03421429564217e+01   5.64208352517649e+03
   0.00000   1.38186701869456e+02   1.51768845229257e+05
   0.00000   1.51920891984866e+02   0.00000000000000e+00
   0.00000   9.19371958375186e+02   6.95798812364711e+04
   0.00000   5.06073684425644e+03   6.27689500805164e+04
   5.00000   3.56433694702296e+02   1.25288208414643e+14
   7.00000   2.75991050869892e+01   3.58279984692109e+07
   7.00000   9.45934904968518e+01   1.67284269069857e+13
   8.00000   2.75991050869892e+01   4.71239077751849e+06
   9.00000   1.03995010068477e+02   2.57465177400232e+15
   9.00000   4.73622692796727e+02   1.95757661788713e+21
  10.00000   4.03180946858757e+01   2.95901612346029e+10
  10.00000   4.43252557948371e+01   3.82109416272304e+11
  10.00000   1.67020104751330e+02   6.94870976746395e+18
  10.00000   4.73622692796727e+02   1.57589129732623e+23
  10.00000   3.15106603397199e+03   3.69266042726211e+32
  10.00000   3.46424624155570e+03   0.00000000000000e+00
# orbitals: 1s2 2s2 2p6 3s2 3p6
CORE 18 20 Xe
   0.00000   1.29325748131696e+01   1.31572497935487e+02
   0.00000   3.33578076639137e+01   7.89503318573728e+03
   0.00000   1.38186701869456e+02   1.48813986133311e+05
   0.00000   1.51920891984866e+02   0.00000000000000e+00
   0.00000   7.60656801816058e+02   5.83425197116266e+04
   0.00000   8.36257456491142e+02   0.00000000000000e+00
   0.00000   4.60322819593964e+03   1.04659898386990e+05
   0.00000   5.06073684425644e+03   0.00000000000000e+00
   6.00000   3.91859159384158e+02   8.73454522211921e+15
   7.00000   2.75991050869892e+01   3.83396260711569e+07
   7.00000   1.03995010068477e+02   5.06424721478350e+13
   8.00000   3.03421429564217e+01   1.08134872597752e+09
   8.00000   1.03995010068477e+02   0.00000000000000e+00
   9.00000   4.73622692796727e+02   2.66120141043730e+21
  10.00000   4.43252557948371e+01   8.82125111937616e+11
  10.00000   4.87306832474409e+01   2.34101472481172e+12
  10.00000   1.14330934003356e+02   7.81435305502442e+16
  10.00000   1.67020104751330e+02   2.76018864464771e+18
  10.00000   1.83620007930997e+02   1.08813736424715e+19
  10.00000   2.86619843339804e+03   5.32617364695136e+31
# orbitals: 1s2 2s2 2p6 3s2 3p6 3d10
CORE 28 22 Xe
   0.00000   1.29325748131696e+01   4.06245372506452e+02
   0.00000   1.42179259993759e+01   6.12785667952159e+02
   0.00000   3.33578076639137e+01   0.00000000000000e+00
   0.00000   3.66731952235812e+01   6.91974552791583e+03
   0.00000   1.38186701869456e+02   1.49219151456350e+05
   0.00000   1.51920891984866e+02   0.00000000000000e+00
   0.00000   8.36257456491142e+02   6.53028580475658e+04
   0.00000   3.80855300801335e+03   0.00000000000000e+00
   0.00000   4.18707996009364e+03   5.22887097572147e+04
   5.00000   3.56433694702296e+02   5.60898345749790e+13
   6.00000   3.91859159384158e+02   0.00000000000000e+00
   7.00000   2.75991050869892e+01   1.94965574647759e+08
   7.00000   3.03421429564217e+01   4.07150950690302e+08
   7.00000   1.03995010068477e+02   3.31898267343698e+13
   9.00000   4.73622692796727e+02   5.52813162856144e+21
  10.00000   4.43252557948371e+01   5.02123851974245e+11
  10.00000   4.87306832474409e+01   4.54449350184356e+12
  10.00000   1.25694131492199e+02   2.96550325074050e+17
  10.00000   1.83620007930997e+02   1.83194041119728e+19
  10.00000   5.20695414106683e+02   0.00000000000000e+00
  10.00000   2.86619843339804e+03   8.66181085193924e+31
  10.00000   3.15106603397199e+03   0.00000000000000e+00
# orbitals: 1s2 2s2 2p6 3s2 3p6 3d10 4s2
CORE 30 24 Xe
   0.00000   1.06999685024307e+01   5.61058162670921e+02
   0.00000   1.17634239554750e+01   4.83359978013237e+01
   0.00000   3.66731952235812e+01   7.80306716596843e+03
   0.00000   1.38186701869456e+02   1.48453629261831e+05
   0.00000   6.91890715781213e+02   5.34025725768031e+04
   0.00000   7.60656801816058e+02   0.00000000000000e+00
   0.00000   3.46424624155570e+03   7.98462720720224e+04
   0.00000   3.80855300801335e+03   0.00000000000000e+00
   6.00000   3.91859159384158e+02   1.09132623976950e+16
   7.00000   1.03995010068477e+02   0.00000000000000e+00
   8.00000   3.66731952235812e+01   1.41240000718717e+10
   8.00000   4.30805513270881e+02   0.00000000000000e+00
   9.00000   1.17634239554750e+01   8.03557788779630e+02
   9.00000   3.66731952235812e+01   2.17668798843004e+10
   9.00000   1.14330934003356e+02   1.95469103697112e+16
   9.00000   4.73622692796727e+02   4.75365092116667e+20
  10.00000   1.17634239554750e+01   5.15929949779923e+02
  10.00000   1.71845731726470e+01   2.55816771278552e+06
  10.00000   4.87306832474409e+01   2.29446354236185e+12
  10.00000   5.35739601989847e+01   3.81740937770462e+12
  10.00000   1.67020104751330e+02   4.29989957100999e+18
  10.00000   1.83620007930997e+02   1.77982062031531e+19
  10.00000   2.37139420433469e+03   3.47508440319142e+30
  10.00000   2.60708387924771e+03   0.00000000000000e+00
# orbitals: 1s2 2s2 2p6 3s2 3p6 3d10 4s2 4p6
CORE 36 23 Xe
   0.00000   5.51218453945196e+00   1.34713557348086e+01
   0.00000   1.17634239554750e+01   2.47173881022185e+02
   0.00000   1.29325748131696e+01   4.54852301160202e+02
   0.00000   3.66731952235812e+01   8.03789144558250e+03
   0.00000   1.38186701869456e+02   1.27094079845228e+05
   0.00000   1.51920891984866e+02   2.32657272647835e+04
   0.00000   7.60656801816058e+02   5.57688988436503e+04
   0.00000   3.80855300801335e+03   7.37163570206635e+04
   0.00000   4.18707996009364e+03   0.00000000000000e+00
   6.00000   3.91859159384158e+02   1.47822545851597e+16
   7.00000   1.03995010068477e+02   0.00000000000000e+00
   9.00000   1.29325748131696e+01   8.49264369889621e+04
   9.00000   4.03180946858757e+01   1.69260071056193e+11
   9.00000   1.14330934003356e+02   1.86493524574974e+16
  10.00000   1.29325748131696e+01   0.00000000000000e+00
  10.00000   1.71845731726470e+01   2.93426064164465e+06
  10.00000   1.88925247469473e+01   2.33674808533618e+07
  10.00000   4.03180946858757e+01   2.86996795587676e+11
  10.00000   5.35739601989847e+01   1.36068293461277e+13
  10.00000   1.67020104751330e+02   5.20568686170055e+18
  10.00000   1.83620007930997e+02   1.50098471850960e+19
  10.00000   5.20695414106683e+02   8.78944352367879e+22
  10.00000   2.60708387924771e+03   8.47697307824339e+30
# orbitals: 1s2 2s2 2p6 3s2 3p6 3d10 4s2 4p6 4d10
CORE 46 27 Xe
   0.00000   4.14829848982969e+00   2.13870155932049e+00
   0.00000   4.56059228759768e+00   1.02639490222527e+01
   0.00000   1.42179259993759e+01   1.09601505400143e+03
   0.00000   3.33578076639137e+01   0.00000000000000e+00
   0.00000   3.66731952235812e+01   7.07551452013477e+03
   0.00000   1.38186701869456e+02   1.48924283820951e+05
   0.00000   6.91890715781213e+02   3.70561996161591e+04
   0.00000   7.60656801816058e+02   1.82808885740900e+04
   0.00000   3.46424624155570e+03   6.93396038791048e+04
   0.00000   3.80855300801335e+03   0.00000000000000e+00
   4.00000   6.66233166240306e+00   1.39459448685506e+02
   5.00000   8.05246320441068e+00   0.00000000000000e+00
   6.00000   3.91859159384158e+02   1.09386869021695e+16
   7.00000   1.03995010068477e+02   0.00000000000000e+00
   8.00000   1.17634239554750e+01   6.92385444766323e+04
   8.00000   4.30805513270881e+02   4.51373823856562e+18
   9.00000   4.03180946858757e+01   2.75125145842205e+11
  10.00000   1.71845731726470e+01   7.02635133896376e+06
  10.00000   1.88925247469473e+01   3.04047846767674e+07
  10.00000   4.43252557948371e+01   0.00000000000000e+00
  10.00000   5.35739601989847e+01   1.11341117895225e+13
  10.00000   1.25694131492199e+02   5.15118320088253e+17
  10.00000   1.67020104751330e+02   3.98855996434438e+18
  10.00000   1.83620007930997e+02   1.90203864798149e+19
  10.00000   4.73622692796727e+02   2.97383906247893e+22
  10.00000   2.37139420433469e+03   3.84384344916608e+30
  10.00000   2.60708387924771e+03   0.00000000000000e+00
# orbitals: 1s2 2s2 2p6 3s2 3p6 3d10 4s2 4p6 4d10 5s2
CORE 48 27 Xe
   0.00000   2.34942993455813e+00   0.00000000000000e+00
   0.00000   2.58293661029123e+00   3.63039313983083e+00
   0.00000   3.12188030672032e+00   3.10436142596231e+00
   0.00000   1.42179259993759e+01   1.10382944185549e+03
   0.00000   3.66731952235812e+01   6.95922732207704e+03
   0.00000   1.38186701869456e+02   1.49590169415452e+05
   0.00000   6.91890715781213e+02   0.00000000000000e+00
   0.00000   7.60656801816058e+02   5.90260253491712e+04
   0.00000   3.46424624155570e+03   5.41108974264257e+04
   6.00000   3.91859159384158e+02   7.35344238318112e+15
   7.00000   1.03995010068477e+02   2.72905227503697e+13
   8.00000   1.17634239554750e+01   1.69534788029892e+04
   8.00000   1.14330934003356e+02   2.51610881771887e+14
   8.00000   4.30805513270881e+02   3.25041360429109e+19
   9.00000   1.29325748131696e+01   1.38728582937181e+05
   9.00000   4.03180946858757e+01   2.76712098401122e+11
   9.00000   4.73622692796727e+02   0.00000000000000e+00
  10.00000   5.51218453945196e+00   0.00000000000000e+00
  10.00000   6.06003313408429e+00   3.84804141211208e-01
  10.00000   1.71845731726470e+01   5.86120698933967e+06
  10.00000   1.88925247469473e+01   3.59570609772528e+07
  10.00000   4.43252557948371e+01   0.00000000000000e+00
  10.00000   5.35739601989847e+01   1.15012484870286e+13
  10.00000   1.25694131492199e+02   2.72037003784599e+17
  10.00000   1.83620007930997e+02   1.96488432214157e+19
  10.00000   2.37139420433469e+03   0.00000000000000e+00
  10.00000   2.60708387924771e+03   1.54613863258807e+31
