# Free-atom, free-ion and frozen-core density fits -- Os (Z = 76)
#
#   rho(r) = sum_i c_i r^n_i exp(-alpha_i r)      r in bohr, rho in e/bohr^3
#
# All-electron B86BPBE densities (scalar-relativistic, spin-restricted),
# fitted with rhofit.py (monotone decay imposed).  Two kinds of block:
#
#   STATE <N> <q> <nterm> <symbol>
#     the atom or ion with N electrons (charge q), in order of increasing N;
#   CORE <N_core> <nterm> <symbol>
#     the frozen core of the neutral atom with N_core electrons, for a
#     pseudopotential with Z - N_core valence electrons, in order of
#     increasing N_core, each preceded by a '# orbitals:' comment.
#
# Each block header is followed by nterm lines:   n   alpha   c
#
# Generated 2026-09-23 by combine_fits.py from
#   /home/alberto/doc/manuals/critic2/atomic_density_fits/15_rhofit/rho_b86bpbe_mono/fit_076_Os.dat
#     recipe: --npow 0,1,2,3,4,5,6,7,8,9,10 --amin 0.2 --ratio 1.1 --mom 3 --cusp none --targetz 1e-3 --besteffort --monotone --stats
#   /home/alberto/doc/manuals/critic2/atomic_density_fits/15_rhofit/core_b86bpbe_mono/core_076_Os.dat
#     recipe: --npow 0,1,2,3,4,5,6,7,8,9,10 --amin 0.2 --ratio 1.1 --mom 3 --cusp none --besteffort --monotone --stats --target 1e-3*N_core
#
STATE 68 +8 28 Os
   0.00000   4.63450428908457e+00   0.00000000000000e+00
   0.00000   5.09760424143566e+00   1.21575407678091e+02
   0.00000   2.83072058061005e+01   7.30569923121577e+03
   0.00000   5.51361950083609e+01   2.00375804005297e+04
   0.00000   2.09178175445852e+02   3.45264172370378e+05
   0.00000   2.30080174244303e+02   2.14038609771690e+05
   0.00000   7.93589566277116e+02   1.88838862984621e+05
   0.00000   8.72888509034562e+02   2.49898078824941e+05
   0.00000   3.01075577488689e+03   5.70668849294376e+05
   0.00000   1.03846599447626e+04   0.00000000000000e+00
   0.00000   1.14223406168743e+04   1.05759856010193e+06
   9.00000   9.92900901122046e+00   0.00000000000000e+00
   9.00000   6.67056231959123e+01   1.49950817148907e+14
   9.00000   1.90175051920794e+02   3.89678004132876e+18
   9.00000   7.21494661901851e+02   3.80341652805731e+23
  10.00000   9.92900901122046e+00   1.30769748042021e+03
  10.00000   1.20124490583881e+01   5.36884432798577e+04
  10.00000   1.32127855430606e+01   5.51221995985512e+04
  10.00000   2.33976019515339e+01   1.87721657636157e+08
  10.00000   2.83072058061005e+01   6.07985872290322e+09
  10.00000   3.11357857020934e+01   3.64721439342819e+10
  10.00000   7.33711410154412e+01   0.00000000000000e+00
  10.00000   8.87668741973943e+01   3.09630401446409e+15
  10.00000   1.90175051920794e+02   4.44039431579196e+19
  10.00000   2.78358733417549e+02   4.34710820099796e+21
  10.00000   7.21494661901851e+02   1.67241779411090e+25
  10.00000   2.73723888541212e+03   7.47433549196276e+31
  10.00000   3.01075577488689e+03   0.00000000000000e+00
STATE 69 +7 29 Os
   0.00000   4.21347538731139e+00   1.48938044335276e+01
   0.00000   4.63450428908457e+00   6.70098503057464e+01
   0.00000   6.78351198486894e+00   0.00000000000000e+00
   0.00000   2.33976019515339e+01   5.20059821456036e+03
   0.00000   6.06456449275961e+01   2.75896215989941e+04
   0.00000   2.09178175445852e+02   1.50587816377602e+05
   0.00000   2.30080174244303e+02   4.27989953161537e+05
   0.00000   9.60111349219173e+02   4.83817631846892e+05
   0.00000   1.05604987734231e+03   0.00000000000000e+00
   0.00000   4.00648950274465e+03   7.67485118178418e+05
   0.00000   4.40683546901900e+03   0.00000000000000e+00
   0.00000   1.52000000000000e+04   5.02343309050449e+05
   7.00000   6.55949333601863e+02   0.00000000000000e+00
   8.00000   6.55949333601863e+02   7.03659849266696e+21
   9.00000   2.33976019515339e+01   2.55414145277835e+08
   9.00000   6.67056231959123e+01   1.30007434326243e+14
   9.00000   1.90175051920794e+02   3.99596269579516e+18
  10.00000   8.20692095889108e+00   5.20568458160044e+01
  10.00000   1.09211590478100e+01   5.25222585617074e+03
  10.00000   1.20124490583881e+01   4.97896354878661e+04
  10.00000   2.83072058061005e+01   1.65478714657981e+09
  10.00000   3.11357857020934e+01   4.57993452477868e+10
  10.00000   7.33711410154412e+01   0.00000000000000e+00
  10.00000   8.07027065483987e+01   9.38511880084762e+14
  10.00000   1.90175051920794e+02   5.62092305047641e+19
  10.00000   2.78358733417549e+02   4.76351831511773e+21
  10.00000   3.06173556350346e+02   0.00000000000000e+00
  10.00000   3.31160366905645e+03   9.53233937499812e+32
  10.00000   3.64251360152922e+03   0.00000000000000e+00
STATE 70 +6 29 Os
   0.00000   3.83069552471718e+00   7.74033355529887e-01
   0.00000   4.21347538731139e+00   5.99508485517710e+01
   0.00000   6.78351198486894e+00   2.64244397305181e+01
   0.00000   2.33976019515339e+01   5.19950845518957e+03
   0.00000   6.06456449275961e+01   2.75750764957835e+04
   0.00000   2.09178175445852e+02   1.50644449418251e+05
   0.00000   2.30080174244303e+02   4.27943981300253e+05
   0.00000   9.60111349219173e+02   4.83800382232996e+05
   0.00000   1.05604987734231e+03   0.00000000000000e+00
   0.00000   4.00648950274465e+03   7.67276654799277e+05
   0.00000   4.40683546901900e+03   0.00000000000000e+00
   0.00000   1.52000000000000e+04   5.03999139359715e+05
   7.00000   6.55949333601863e+02   0.00000000000000e+00
   8.00000   6.55949333601863e+02   7.03303955234196e+21
   9.00000   2.33976019515339e+01   2.59425529953330e+08
   9.00000   6.67056231959123e+01   1.29964714090184e+14
   9.00000   1.90175051920794e+02   4.03114435022270e+18
  10.00000   7.46135019172199e+00   2.18440558585940e+01
  10.00000   1.09211590478100e+01   1.10246329111092e+04
  10.00000   1.20124490583881e+01   2.93629848341376e+04
  10.00000   2.83072058061005e+01   1.71507141898228e+09
  10.00000   3.11357857020934e+01   4.60263403544533e+10
  10.00000   7.33711410154412e+01   0.00000000000000e+00
  10.00000   8.07027065483987e+01   9.24726586560086e+14
  10.00000   1.90175051920794e+02   5.55455709105879e+19
  10.00000   2.78358733417549e+02   4.74191892690863e+21
  10.00000   3.06173556350346e+02   0.00000000000000e+00
  10.00000   3.31160366905645e+03   9.50115907025418e+32
  10.00000   3.64251360152922e+03   0.00000000000000e+00
STATE 71 +5 29 Os
   0.00000   3.48268990659795e+00   2.16018855038390e+01
   0.00000   3.83069552471718e+00   1.35424906520055e+01
   0.00000   6.78351198486894e+00   6.12947988981391e+01
   0.00000   2.33976019515339e+01   5.18605718500448e+03
   0.00000   6.06456449275961e+01   2.75783173518767e+04
   0.00000   2.09178175445852e+02   1.50330364090427e+05
   0.00000   2.30080174244303e+02   4.28301368518588e+05
   0.00000   9.60111349219173e+02   4.83699490381258e+05
   0.00000   1.05604987734231e+03   0.00000000000000e+00
   0.00000   4.00648950274465e+03   7.67244270044027e+05
   0.00000   4.40683546901900e+03   0.00000000000000e+00
   0.00000   1.52000000000000e+04   5.04943151436350e+05
   8.00000   6.55949333601863e+02   7.04285084192872e+21
   9.00000   2.33976019515339e+01   3.15280486833066e+08
   9.00000   6.67056231959123e+01   1.30097573228515e+14
   9.00000   1.90175051920794e+02   4.05107490665759e+18
  10.00000   6.78351198486894e+00   0.00000000000000e+00
  10.00000   7.46135019172199e+00   1.51169475368873e+01
  10.00000   1.09211590478100e+01   7.52682242408203e+03
  10.00000   1.20124490583881e+01   3.01575166664617e+04
  10.00000   2.83072058061005e+01   5.04336039202795e+08
  10.00000   3.11357857020934e+01   4.84034472337281e+10
  10.00000   7.33711410154412e+01   0.00000000000000e+00
  10.00000   8.07027065483987e+01   9.03379406002950e+14
  10.00000   1.90175051920794e+02   5.51789749730198e+19
  10.00000   2.78358733417549e+02   4.72945357110497e+21
  10.00000   3.06173556350346e+02   0.00000000000000e+00
  10.00000   3.31160366905645e+03   9.44677229200541e+32
  10.00000   3.64251360152922e+03   0.00000000000000e+00
STATE 72 +4 30 Os
   0.00000   3.16629941149257e+00   1.77723846718409e+01
   0.00000   3.48268990659795e+00   8.98274649462175e+00
   0.00000   6.16725306633016e+00   0.00000000000000e+00
   0.00000   6.78351198486894e+00   7.42865319293345e+01
   0.00000   2.33976019515339e+01   5.17667155054219e+03
   0.00000   6.06456449275961e+01   2.75780139186539e+04
   0.00000   2.09178175445852e+02   1.50658215765109e+05
   0.00000   2.30080174244303e+02   4.27928084213455e+05
   0.00000   9.60111349219173e+02   4.83765949778660e+05
   0.00000   1.05604987734231e+03   0.00000000000000e+00
   0.00000   4.00648950274465e+03   7.67234707932565e+05
   0.00000   4.40683546901900e+03   0.00000000000000e+00
   0.00000   1.52000000000000e+04   5.04302865934599e+05
   8.00000   6.55949333601863e+02   7.03747724992619e+21
   9.00000   2.33976019515339e+01   3.23797957302571e+08
   9.00000   6.67056231959123e+01   1.29783197407381e+14
   9.00000   1.90175051920794e+02   4.03779091439453e+18
  10.00000   6.16725306633016e+00   0.00000000000000e+00
  10.00000   6.78351198486894e+00   2.21565031764819e+00
  10.00000   1.09211590478100e+01   7.18055119556550e+03
  10.00000   1.20124490583881e+01   2.25893680858818e+04
  10.00000   2.83072058061005e+01   4.88070913594031e+08
  10.00000   3.11357857020934e+01   4.84972129250906e+10
  10.00000   7.33711410154412e+01   0.00000000000000e+00
  10.00000   8.07027065483987e+01   9.08394368789301e+14
  10.00000   1.90175051920794e+02   5.54180254945852e+19
  10.00000   2.78358733417549e+02   4.73437242236845e+21
  10.00000   3.06173556350346e+02   0.00000000000000e+00
  10.00000   3.31160366905645e+03   9.48686208404649e+32
  10.00000   3.64251360152922e+03   0.00000000000000e+00
STATE 73 +3 30 Os
   0.00000   2.61713620895473e+00   6.55795048221465e-01
   0.00000   2.87865191334577e+00   1.61032227165502e+01
   0.00000   5.60697916787032e+00   2.26908335452876e-01
   0.00000   6.16725306633016e+00   7.94057060166039e+01
   0.00000   2.33976019515339e+01   5.19683005693409e+03
   0.00000   6.06456449275961e+01   2.75457331054374e+04
   0.00000   2.09178175445852e+02   1.50415389129018e+05
   0.00000   2.30080174244303e+02   4.28242948271013e+05
   0.00000   9.60111349219173e+02   4.83647704603298e+05
   0.00000   1.05604987734231e+03   0.00000000000000e+00
   0.00000   4.00648950274465e+03   7.67255959184829e+05
   0.00000   4.40683546901900e+03   0.00000000000000e+00
   0.00000   1.52000000000000e+04   5.05047087859988e+05
   7.00000   6.55949333601863e+02   0.00000000000000e+00
   8.00000   6.55949333601863e+02   7.05573496618619e+21
   9.00000   2.33976019515339e+01   3.39898226874669e+08
   9.00000   6.67056231959123e+01   1.30098486735184e+14
   9.00000   1.90175051920794e+02   4.06149000644590e+18
  10.00000   6.16725306633016e+00   0.00000000000000e+00
  10.00000   1.09211590478100e+01   5.57783006611194e+03
  10.00000   1.20124490583881e+01   2.87170852629645e+04
  10.00000   2.83072058061005e+01   5.75571815653020e+07
  10.00000   3.11357857020934e+01   4.91477288099455e+10
  10.00000   7.33711410154412e+01   0.00000000000000e+00
  10.00000   8.07027065483987e+01   8.94941233037632e+14
  10.00000   1.90175051920794e+02   5.48824323745967e+19
  10.00000   2.78358733417549e+02   4.71591693764153e+21
  10.00000   3.06173556350346e+02   0.00000000000000e+00
  10.00000   3.31160366905645e+03   9.42596456285529e+32
  10.00000   3.64251360152922e+03   0.00000000000000e+00
STATE 74 +2 31 Os
   0.00000   2.37937831401820e+00   5.49900544882017e+00
   0.00000   2.61713620895473e+00   0.00000000000000e+00
   0.00000   2.87865191334577e+00   0.00000000000000e+00
   0.00000   3.16629941149257e+00   9.88907865749415e+00
   0.00000   5.60697916787032e+00   2.16709247884208e+01
   0.00000   6.16725306633016e+00   5.81545675907661e+01
   0.00000   2.33976019515339e+01   5.20178118619684e+03
   0.00000   6.06456449275961e+01   2.75331517638227e+04
   0.00000   2.09178175445852e+02   1.50590117841061e+05
   0.00000   2.30080174244303e+02   4.28058312004512e+05
   0.00000   9.60111349219173e+02   4.83667029530227e+05
   0.00000   1.05604987734231e+03   0.00000000000000e+00
   0.00000   4.00648950274465e+03   7.67270231133736e+05
   0.00000   4.40683546901900e+03   0.00000000000000e+00
   0.00000   1.52000000000000e+04   5.04695258322600e+05
   7.00000   6.55949333601863e+02   0.00000000000000e+00
   8.00000   6.55949333601863e+02   7.05711912331099e+21
   9.00000   2.33976019515339e+01   3.34491869485843e+08
   9.00000   6.67056231959123e+01   1.30003146188875e+14
   9.00000   1.90175051920794e+02   4.05709680221024e+18
  10.00000   1.09211590478100e+01   6.83712404731388e+03
  10.00000   1.20124490583881e+01   2.54538484225518e+04
  10.00000   2.83072058061005e+01   2.29629535339317e+08
  10.00000   3.11357857020934e+01   4.87768123163013e+10
  10.00000   7.33711410154412e+01   0.00000000000000e+00
  10.00000   8.07027065483987e+01   8.98018966576766e+14
  10.00000   1.90175051920794e+02   5.49245411576441e+19
  10.00000   2.78358733417549e+02   4.71534400595341e+21
  10.00000   3.06173556350346e+02   0.00000000000000e+00
  10.00000   3.31160366905645e+03   9.44021929171562e+32
  10.00000   3.64251360152922e+03   0.00000000000000e+00
STATE 75 +1 30 Os
   0.00000   1.78803089204737e+00   0.00000000000000e+00
   0.00000   1.96669876443658e+00   3.11607211550715e+00
   0.00000   3.83069552471718e+00   2.46613326034535e+01
   0.00000   5.60697916787032e+00   0.00000000000000e+00
   0.00000   6.16725306633016e+00   6.51697078259613e+01
   0.00000   2.33976019515339e+01   5.20634038935991e+03
   0.00000   6.06456449275961e+01   2.75290293691287e+04
   0.00000   2.09178175445852e+02   1.50553181731559e+05
   0.00000   2.30080174244303e+02   4.28143486937180e+05
   0.00000   9.60111349219173e+02   4.83691657004167e+05
   0.00000   1.05604987734231e+03   0.00000000000000e+00
   0.00000   4.00648950274465e+03   7.67285492971501e+05
   0.00000   4.40683546901900e+03   0.00000000000000e+00
   0.00000   1.52000000000000e+04   5.05086612541688e+05
   8.00000   6.55949333601863e+02   7.05518129019957e+21
   9.00000   2.33976019515339e+01   3.23667461798097e+08
   9.00000   6.67056231959123e+01   1.30092140547655e+14
   9.00000   1.90175051920794e+02   4.06341528828878e+18
  10.00000   3.48268990659795e+00   2.49082010060642e-05
  10.00000   3.83069552471718e+00   6.42043248756410e-04
  10.00000   1.09211590478100e+01   6.20695691713622e+03
  10.00000   1.20124490583881e+01   2.95779184736249e+04
  10.00000   2.83072058061005e+01   3.33226638285372e+08
  10.00000   3.11357857020934e+01   4.87069814186771e+10
  10.00000   7.33711410154412e+01   0.00000000000000e+00
  10.00000   8.07027065483987e+01   9.01521262179957e+14
  10.00000   1.90175051920794e+02   5.48482701659572e+19
  10.00000   2.78358733417549e+02   4.71531345293514e+21
  10.00000   3.06173556350346e+02   0.00000000000000e+00
  10.00000   3.31160366905645e+03   9.43221603451886e+32
STATE 76 +0 31 Os
   0.00000   1.47791468277503e+00   3.00359338562072e-01
   0.00000   1.62559438625142e+00   1.19049427661187e+00
   0.00000   2.16321991260870e+00   0.00000000000000e+00
   0.00000   2.37937831401820e+00   0.00000000000000e+00
   0.00000   3.48268990659795e+00   1.24285951995008e+01
   0.00000   3.83069552471718e+00   7.28048038581851e+00
   0.00000   5.60697916787032e+00   6.71210348350180e+01
   0.00000   2.33976019515339e+01   5.21479608275806e+03
   0.00000   6.06456449275961e+01   2.75201027343101e+04
   0.00000   2.09178175445852e+02   1.50743553296871e+05
   0.00000   2.30080174244303e+02   4.27961627636832e+05
   0.00000   9.60111349219173e+02   4.83757663563844e+05
   0.00000   1.05604987734231e+03   0.00000000000000e+00
   0.00000   4.00648950274465e+03   7.67321649008107e+05
   0.00000   4.40683546901900e+03   0.00000000000000e+00
   0.00000   1.52000000000000e+04   5.04735144421070e+05
   7.00000   6.55949333601863e+02   0.00000000000000e+00
   8.00000   6.55949333601863e+02   7.05096513010476e+21
   9.00000   2.33976019515339e+01   2.97695346017564e+08
   9.00000   6.67056231959123e+01   1.30019446043270e+14
   9.00000   1.90175051920794e+02   4.05610928137675e+18
  10.00000   1.09211590478100e+01   7.09260232370617e+03
  10.00000   1.20124490583881e+01   2.92408627755898e+04
  10.00000   2.83072058061005e+01   8.54028630099614e+08
  10.00000   3.11357857020934e+01   4.77871431013826e+10
  10.00000   7.33711410154412e+01   0.00000000000000e+00
  10.00000   8.07027065483987e+01   9.13837239943858e+14
  10.00000   1.90175051920794e+02   5.49911607728820e+19
  10.00000   2.78358733417549e+02   4.72056130422830e+21
  10.00000   3.06173556350346e+02   0.00000000000000e+00
  10.00000   3.31160366905645e+03   9.45675746023490e+32
STATE 77 -1 31 Os
   0.00000   8.34588510177075e-01   0.00000000000000e+00
   0.00000   1.34365117647754e+00   0.00000000000000e+00
   0.00000   1.47791468277503e+00   1.16169891873824e+00
   0.00000   2.16321991260870e+00   2.44666218830439e-01
   0.00000   3.16629941149257e+00   8.44608857072483e+00
   0.00000   3.48268990659795e+00   6.08473660295846e+00
   0.00000   5.60697916787032e+00   7.34027914799708e+01
   0.00000   2.33976019515339e+01   5.21635393582525e+03
   0.00000   6.06456449275961e+01   2.75136867504532e+04
   0.00000   2.09178175445852e+02   1.50666023652481e+05
   0.00000   2.30080174244303e+02   4.28053535308329e+05
   0.00000   9.60111349219173e+02   4.83718450031528e+05
   0.00000   1.05604987734231e+03   0.00000000000000e+00
   0.00000   4.00648950274465e+03   7.67315037772291e+05
   0.00000   4.40683546901900e+03   0.00000000000000e+00
   0.00000   1.52000000000000e+04   5.04991459768939e+05
   7.00000   6.55949333601863e+02   0.00000000000000e+00
   8.00000   6.55949333601863e+02   7.05607642734614e+21
   9.00000   2.33976019515339e+01   3.11040727014540e+08
   9.00000   6.67056231959123e+01   1.30064190847753e+14
   9.00000   1.90175051920794e+02   4.06357782301486e+18
  10.00000   1.09211590478100e+01   6.68311153704703e+03
  10.00000   1.20124490583881e+01   2.98165431542042e+04
  10.00000   2.83072058061005e+01   5.68529960441890e+08
  10.00000   3.11357857020934e+01   4.83310854553812e+10
  10.00000   7.33711410154412e+01   0.00000000000000e+00
  10.00000   8.07027065483987e+01   9.08630016062272e+14
  10.00000   1.90175051920794e+02   5.48241267838160e+19
  10.00000   2.78358733417549e+02   4.71454539678944e+21
  10.00000   3.06173556350346e+02   0.00000000000000e+00
  10.00000   3.31160366905645e+03   9.43818166428775e+32
STATE 78 -2 32 Os
   0.00000   8.34588510177075e-01   6.87596240049020e-04
   0.00000   1.34365117647754e+00   4.93546325588813e-01
   0.00000   1.47791468277503e+00   5.67310682057495e-01
   0.00000   2.16321991260870e+00   0.00000000000000e+00
   0.00000   2.37937831401820e+00   6.81389708470380e-01
   0.00000   3.16629941149257e+00   1.23812720771949e+01
   0.00000   3.48268990659795e+00   0.00000000000000e+00
   0.00000   5.60697916787032e+00   7.57648555755395e+01
   0.00000   2.33976019515339e+01   5.21744700316238e+03
   0.00000   6.06456449275961e+01   2.75086591103879e+04
   0.00000   2.09178175445852e+02   1.50728669201752e+05
   0.00000   2.30080174244303e+02   4.27984298105287e+05
   0.00000   9.60111349219173e+02   4.83721740889213e+05
   0.00000   1.05604987734231e+03   0.00000000000000e+00
   0.00000   4.00648950274465e+03   7.67280139986988e+05
   0.00000   4.40683546901900e+03   0.00000000000000e+00
   0.00000   1.52000000000000e+04   5.05140944674883e+05
   7.00000   6.55949333601863e+02   0.00000000000000e+00
   8.00000   6.55949333601863e+02   7.05540900290213e+21
   9.00000   2.33976019515339e+01   3.11735983522428e+08
   9.00000   6.67056231959123e+01   1.30011847350992e+14
   9.00000   1.90175051920794e+02   4.06767863771407e+18
  10.00000   1.09211590478100e+01   7.19010413295414e+03
  10.00000   1.20124490583881e+01   2.72788663566365e+04
  10.00000   2.83072058061005e+01   6.06216541566536e+08
  10.00000   3.11357857020934e+01   4.82974919553499e+10
  10.00000   7.33711410154412e+01   0.00000000000000e+00
  10.00000   8.07027065483987e+01   9.08051652163854e+14
  10.00000   1.90175051920794e+02   5.47315389296296e+19
  10.00000   2.78358733417549e+02   4.71100761791451e+21
  10.00000   3.06173556350346e+02   0.00000000000000e+00
  10.00000   3.31160366905645e+03   9.43870240659588e+32
# orbitals: 1s2
CORE 2 8 Os
   0.00000   1.42910803938886e+02   4.55446359843869e+04
   0.00000   1.57191076944659e+02   1.38218067839277e+05
   0.00000   1.72898297329488e+02   0.00000000000000e+00
   0.00000   1.90175051920794e+02   1.54076553978139e+05
   0.00000   3.36767758127429e+02   2.11256377962077e+05
   0.00000   3.70419066447396e+02   0.00000000000000e+00
   0.00000   8.72888509034562e+02   0.00000000000000e+00
   0.00000   9.60111349219173e+02   4.02220767299899e+05
# orbitals: 1s2 2s2
CORE 4 16 Os
   0.00000   5.01272598160908e+01   3.15434578981475e+03
   0.00000   1.90175051920794e+02   4.03854743053151e+05
   0.00000   2.09178175445852e+02   1.05247122821699e+05
   0.00000   6.55949333601863e+02   3.69379077938841e+05
   0.00000   2.05695229598227e+03   4.49357138694311e+05
   0.00000   2.26249197203811e+03   0.00000000000000e+00
   0.00000   7.09481330054978e+03   1.06933241181445e+05
   0.00000   7.80375809733482e+03   8.56135949614756e+05
   4.00000   8.07027065483987e+01   1.68791154283662e+08
   4.00000   8.87668741973943e+01   6.12223413389130e+09
   5.00000   9.76368487722346e+01   0.00000000000000e+00
  10.00000   1.90175051920794e+02   6.44611401485010e+18
  10.00000   2.09178175445852e+02   2.57090264649076e+19
  10.00000   5.96358574737813e+02   5.36141561287040e+24
  10.00000   6.55949333601863e+02   2.43826025524705e+24
  10.00000   2.48857007210878e+03   1.70433937743411e+31
# orbitals: 1s2 2s2 2p6
CORE 10 15 Os
   0.00000   5.01272598160908e+01   1.27340089703051e+04
   0.00000   5.51361950083609e+01   8.50188175508658e+03
   0.00000   2.09178175445852e+02   5.31300500007300e+05
   0.00000   2.30080174244303e+02   0.00000000000000e+00
   0.00000   7.93589566277116e+02   4.11436586432805e+05
   0.00000   2.73723888541212e+03   5.29432759423595e+05
   0.00000   3.01075577488689e+03   0.00000000000000e+00
   0.00000   1.03846599447626e+04   9.55368640805749e+05
   3.00000   8.07027065483987e+01   6.62196290017226e+08
   4.00000   8.87668741973943e+01   3.41643900967642e+09
   9.00000   1.90175051920794e+02   9.92794575045126e+17
  10.00000   2.30080174244303e+02   1.01885259657264e+20
  10.00000   6.55949333601863e+02   1.42408983527505e+25
  10.00000   7.21494661901851e+02   3.05663634932073e+25
  10.00000   3.01075577488689e+03   1.85177743474152e+32
# orbitals: 1s2 2s2 2p6 3s2
CORE 12 20 Os
   0.00000   2.12720096466606e+01   1.68101412824569e+01
   0.00000   4.14331841910462e+01   4.77708876558696e+03
   0.00000   4.55733692955932e+01   1.73894756971293e+04
   0.00000   2.09178175445852e+02   3.61472474507774e+05
   0.00000   2.30080174244303e+02   2.06890735773069e+05
   0.00000   8.72888509034562e+02   2.47800181580241e+05
   0.00000   9.60111349219173e+02   2.33589718800727e+05
   0.00000   3.64251360152922e+03   6.36525339650340e+05
   0.00000   4.00648950274465e+03   0.00000000000000e+00
   0.00000   1.25637108833494e+04   8.51405982979921e+05
   7.00000   1.42910803938886e+02   1.22520921774043e+15
   8.00000   4.55733692955932e+01   0.00000000000000e+00
   8.00000   6.55949333601863e+02   3.03734014758052e+21
   9.00000   1.57191076944659e+02   2.09307239801843e+17
  10.00000   5.01272598160908e+01   6.73849937798046e+11
  10.00000   6.67056231959123e+01   1.20633797782290e+14
  10.00000   2.53070792244252e+02   1.23378012813093e+21
  10.00000   7.21494661901851e+02   3.95988516639850e+25
  10.00000   3.01075577488689e+03   3.34581361809103e+32
  10.00000   3.31160366905645e+03   0.00000000000000e+00
# orbitals: 1s2 2s2 2p6 3s2 3p6
CORE 18 22 Os
   0.00000   1.93395201501818e+01   2.13297788029347e+02
   0.00000   2.12720096466606e+01   0.00000000000000e+00
   0.00000   5.01272598160908e+01   3.02857113732747e+04
   0.00000   2.09178175445852e+02   1.03069179860983e+05
   0.00000   2.30080174244303e+02   4.84269449410548e+05
   0.00000   1.05604987734231e+03   5.27350614190808e+05
   0.00000   1.16157500308865e+03   0.00000000000000e+00
   0.00000   4.84718575643343e+03   8.67065721012153e+05
   0.00000   1.52000000000000e+04   1.35854509608794e+05
   6.00000   5.96358574737813e+02   0.00000000000000e+00
   7.00000   4.55733692955932e+01   3.39580535363827e+10
   7.00000   1.57191076944659e+02   0.00000000000000e+00
   8.00000   4.55733692955932e+01   6.48288686021873e+09
   8.00000   1.57191076944659e+02   5.37119579610202e+16
   8.00000   6.55949333601863e+02   9.39133448619427e+21
   9.00000   1.72898297329488e+02   4.41053632743324e+17
  10.00000   6.67056231959123e+01   3.38440530050857e+13
  10.00000   7.33711410154412e+01   8.10480670102462e+14
  10.00000   2.53070792244252e+02   1.25147173284070e+21
  10.00000   2.78358733417549e+02   1.43602921037349e+21
  10.00000   3.64251360152922e+03   3.80049083343139e+33
  10.00000   4.00648950274465e+03   0.00000000000000e+00
# orbitals: 1s2 2s2 2p6 3s2 3p6 3d10
CORE 28 20 Os
   0.00000   2.12720096466606e+01   1.74340899178988e+03
   0.00000   2.33976019515339e+01   2.72415063791913e+03
   0.00000   5.51361950083609e+01   2.34581464291529e+04
   0.00000   2.09178175445852e+02   2.94342462432900e+05
   0.00000   2.30080174244303e+02   2.72026505052252e+05
   0.00000   9.60111349219173e+02   5.09508368927377e+05
   0.00000   1.05604987734231e+03   0.00000000000000e+00
   0.00000   4.40683546901900e+03   8.63199124688115e+05
   0.00000   4.84718575643343e+03   0.00000000000000e+00
   7.00000   4.55733692955932e+01   5.61755132368036e+10
   8.00000   1.72898297329488e+02   7.76594165522571e+16
   9.00000   5.01272598160908e+01   0.00000000000000e+00
   9.00000   7.21494661901851e+02   0.00000000000000e+00
  10.00000   7.33711410154412e+01   1.16443749829753e+15
  10.00000   8.07027065483987e+01   5.67000807504046e+14
  10.00000   1.90175051920794e+02   5.68909804552459e+19
  10.00000   2.78358733417549e+02   4.04517075890281e+21
  10.00000   7.21494661901851e+02   6.02640474247046e+25
  10.00000   3.31160366905645e+03   1.46993826730982e+33
  10.00000   3.64251360152922e+03   0.00000000000000e+00
# orbitals: 1s2 2s2 2p6 3s2 3p6 3d10 4s2
CORE 30 25 Os
   0.00000   1.09211590478100e+01   5.77754550351797e+01
   0.00000   1.59852723545785e+01   0.00000000000000e+00
   0.00000   1.75825907308199e+01   2.41617812147756e+03
   0.00000   5.51361950083609e+01   2.80391160552170e+04
   0.00000   2.09178175445852e+02   2.11584230697324e+05
   0.00000   2.30080174244303e+02   3.62442851951481e+05
   0.00000   8.72888509034562e+02   8.78218884427039e+04
   0.00000   9.60111349219173e+02   3.99571327121587e+05
   0.00000   3.31160366905645e+03   0.00000000000000e+00
   0.00000   3.64251360152922e+03   5.79463309410362e+05
   0.00000   1.14223406168743e+04   9.37280094211982e+05
   0.00000   1.25637108833494e+04   0.00000000000000e+00
   7.00000   1.57191076944659e+02   0.00000000000000e+00
   9.00000   1.93395201501818e+01   1.76211773223769e+05
   9.00000   6.06456449275961e+01   2.97850036723949e+13
   9.00000   1.72898297329488e+02   2.49931436727902e+18
   9.00000   7.21494661901851e+02   9.90477993061929e+23
  10.00000   2.12720096466606e+01   0.00000000000000e+00
  10.00000   2.83072058061005e+01   1.47441580233897e+09
  10.00000   7.33711410154412e+01   0.00000000000000e+00
  10.00000   8.07027065483987e+01   2.51485035756516e+15
  10.00000   2.53070792244252e+02   1.23332946005518e+21
  10.00000   2.78358733417549e+02   2.47060337184583e+21
  10.00000   2.73723888541212e+03   0.00000000000000e+00
  10.00000   3.01075577488689e+03   3.12975165005918e+32
# orbitals: 1s2 2s2 2p6 3s2 3p6 3d10 4s2 4p6
CORE 36 26 Os
   0.00000   1.09211590478100e+01   0.00000000000000e+00
   0.00000   1.75825907308199e+01   4.90359980079213e+02
   0.00000   1.93395201501818e+01   2.71445757059358e+03
   0.00000   5.51361950083609e+01   1.01191448051226e+04
   0.00000   6.06456449275961e+01   1.91829505036906e+04
   0.00000   2.09178175445852e+02   2.55840017231089e+05
   0.00000   2.30080174244303e+02   3.05475513094959e+05
   0.00000   8.72888509034562e+02   4.49374025348235e+05
   0.00000   9.60111349219173e+02   0.00000000000000e+00
   0.00000   3.31160366905645e+03   6.54698085521262e+05
   0.00000   3.64251360152922e+03   0.00000000000000e+00
   0.00000   1.25637108833494e+04   0.00000000000000e+00
   0.00000   1.38191318622738e+04   9.27741998742838e+05
   8.00000   1.72898297329488e+02   8.11843017577054e+16
   9.00000   2.12720096466606e+01   1.97565599680479e+07
   9.00000   6.67056231959123e+01   0.00000000000000e+00
   9.00000   7.21494661901851e+02   6.36290105117084e+23
  10.00000   2.12720096466606e+01   1.39580790254722e+07
  10.00000   2.83072058061005e+01   3.69826617070770e+09
  10.00000   3.11357857020934e+01   1.42815159997462e+10
  10.00000   6.67056231959123e+01   5.00791271578804e+14
  10.00000   8.07027065483987e+01   3.15387997784126e+15
  10.00000   1.90175051920794e+02   7.20255481678274e+19
  10.00000   2.78358733417549e+02   5.23676745292811e+21
  10.00000   3.01075577488689e+03   3.06879970472118e+32
  10.00000   3.31160366905645e+03   0.00000000000000e+00
# orbitals: 1s2 2s2 2p6 3s2 3p6 3d10 4s2 4p6 4d10
CORE 46 27 Os
   0.00000   7.46135019172199e+00   3.73868938519427e+01
   0.00000   2.12720096466606e+01   1.35067643444931e+03
   0.00000   2.33976019515339e+01   3.21198021478138e+03
   0.00000   5.51361950083609e+01   2.36330798292623e+04
   0.00000   2.09178175445852e+02   3.93155287414266e+05
   0.00000   2.30080174244303e+02   1.55085932521057e+05
   0.00000   7.93589566277116e+02   4.18274992033858e+05
   0.00000   8.72888509034562e+02   0.00000000000000e+00
   0.00000   2.73723888541212e+03   5.51709001141732e+05
   0.00000   9.44124902115442e+03   0.00000000000000e+00
   0.00000   1.03846599447626e+04   7.15947889884809e+05
   0.00000   1.52000000000000e+04   5.99555090785935e+05
   7.00000   1.75825907308199e+01   4.91487347436021e+05
   8.00000   1.93395201501818e+01   1.61144940162269e+07
   9.00000   6.67056231959123e+01   1.05675555740118e+14
   9.00000   1.90175051920794e+02   2.48344435933256e+18
   9.00000   7.21494661901851e+02   0.00000000000000e+00
  10.00000   2.12720096466606e+01   0.00000000000000e+00
  10.00000   2.83072058061005e+01   5.40038447737276e+09
  10.00000   3.11357857020934e+01   2.73161433100137e+10
  10.00000   6.67056231959123e+01   1.74186310916830e+14
  10.00000   8.87668741973943e+01   4.24252440276779e+15
  10.00000   1.90175051920794e+02   7.70469488673313e+19
  10.00000   2.78358733417549e+02   5.46273079549569e+21
  10.00000   7.21494661901851e+02   2.11751399256227e+25
  10.00000   7.93589566277116e+02   0.00000000000000e+00
  10.00000   2.73723888541212e+03   7.82122026224579e+31
# orbitals: 1s2 2s2 2p6 3s2 3p6 3d10 4s2 4p6 4d10 5s2
CORE 48 27 Os
   0.00000   5.09760424143566e+00   2.43118136089620e+01
   0.00000   5.60697916787032e+00   1.76325371912772e+01
   0.00000   2.33976019515339e+01   0.00000000000000e+00
   0.00000   2.57355927425674e+01   5.95476442336467e+03
   0.00000   5.51361950083609e+01   2.17681959269265e+04
   0.00000   2.09178175445852e+02   3.42833246002857e+05
   0.00000   2.30080174244303e+02   2.18039409456920e+05
   0.00000   8.72888509034562e+02   4.59509017968095e+05
   0.00000   3.01075577488689e+03   5.08498011929070e+05
   0.00000   3.31160366905645e+03   0.00000000000000e+00
   0.00000   1.03846599447626e+04   8.70419716852499e+05
   0.00000   1.14223406168743e+04   1.92597073706007e+05
   9.00000   2.12720096466606e+01   3.37768584337110e+07
   9.00000   6.67056231959123e+01   1.06150473837007e+14
   9.00000   1.90175051920794e+02   2.79666651574729e+18
   9.00000   7.21494661901851e+02   0.00000000000000e+00
  10.00000   1.09211590478100e+01   0.00000000000000e+00
  10.00000   1.20124490583881e+01   9.97132746290704e+03
  10.00000   2.12720096466606e+01   2.98499797069077e+07
  10.00000   2.83072058061005e+01   5.75873950973557e+09
  10.00000   3.11357857020934e+01   2.71558274458250e+10
  10.00000   6.67056231959123e+01   2.13218942945039e+14
  10.00000   8.87668741973943e+01   5.35975854846085e+15
  10.00000   1.90175051920794e+02   6.75604788961028e+19
  10.00000   2.78358733417549e+02   5.00490787125258e+21
  10.00000   7.21494661901851e+02   3.95218462494454e+25
  10.00000   3.01075577488689e+03   3.72405387154622e+32
# orbitals: 1s2 2s2 2p6 3s2 3p6 3d10 4s2 4p6 4d10 4f14
CORE 60 26 Os
   0.00000   5.60697916787032e+00   1.86139940787415e+01
   0.00000   6.16725306633016e+00   1.25859125969067e+02
   0.00000   2.33976019515339e+01   4.64530463089491e+03
   0.00000   5.51361950083609e+01   2.44262847428153e+04
   0.00000   2.09178175445852e+02   2.29024362189389e+05
   0.00000   2.30080174244303e+02   3.46513173360557e+05
   0.00000   9.60111349219173e+02   4.96265978676422e+05
   0.00000   1.05604987734231e+03   0.00000000000000e+00
   0.00000   4.00648950274465e+03   7.32039761859730e+05
   0.00000   4.40683546901900e+03   0.00000000000000e+00
   0.00000   1.52000000000000e+04   6.82533406230211e+05
   8.00000   6.55949333601863e+02   3.50090161453316e+21
   9.00000   1.93395201501818e+01   0.00000000000000e+00
   9.00000   6.67056231959123e+01   1.27296584260339e+14
   9.00000   1.90175051920794e+02   4.03996276153260e+18
  10.00000   8.20692095889108e+00   2.93839072961944e+00
  10.00000   2.12720096466606e+01   1.51849900186415e+08
  10.00000   2.83072058061005e+01   9.57203498494574e+09
  10.00000   3.11357857020934e+01   2.54909466848891e+10
  10.00000   7.33711410154412e+01   0.00000000000000e+00
  10.00000   8.07027065483987e+01   8.44343774970031e+14
  10.00000   1.90175051920794e+02   4.64764249470438e+19
  10.00000   2.78358733417549e+02   4.25144718162799e+21
  10.00000   7.21494661901851e+02   3.19151919260797e+25
  10.00000   3.31160366905645e+03   1.17118799448921e+33
  10.00000   3.64251360152922e+03   0.00000000000000e+00
# orbitals: 1s2 2s2 2p6 3s2 3p6 3d10 4s2 4p6 4d10 4f14 5s2
CORE 62 26 Os
   0.00000   5.09760424143566e+00   2.42000375650792e+01
   0.00000   5.60697916787032e+00   1.09726113446767e+02
   0.00000   2.57355927425674e+01   5.65139307363354e+03
   0.00000   5.51361950083609e+01   2.25468120828577e+04
   0.00000   2.09178175445852e+02   2.84364937396347e+05
   0.00000   2.30080174244303e+02   2.85210281988722e+05
   0.00000   9.60111349219173e+02   5.21402269616752e+05
   0.00000   3.64251360152922e+03   0.00000000000000e+00
   0.00000   4.00648950274465e+03   6.14635598233548e+05
   0.00000   1.52000000000000e+04   1.45152748813461e+06
   8.00000   6.55949333601863e+02   1.77503445960727e+21
   9.00000   2.12720096466606e+01   3.17354063798986e+07
   9.00000   6.67056231959123e+01   1.42438779058946e+14
   9.00000   1.90175051920794e+02   3.63271736110361e+18
  10.00000   1.09211590478100e+01   0.00000000000000e+00
  10.00000   1.20124490583881e+01   5.25172768693479e+03
  10.00000   2.12720096466606e+01   6.03520510479414e+07
  10.00000   2.83072058061005e+01   7.20094274909796e+09
  10.00000   3.11357857020934e+01   2.94475650438963e+10
  10.00000   8.07027065483987e+01   0.00000000000000e+00
  10.00000   8.87668741973943e+01   2.28671392175298e+15
  10.00000   1.90175051920794e+02   5.26627253752108e+19
  10.00000   2.78358733417549e+02   4.50400703372557e+21
  10.00000   7.21494661901851e+02   3.53994657922616e+25
  10.00000   3.01075577488689e+03   5.31315084670334e+32
  10.00000   3.31160366905645e+03   0.00000000000000e+00
# orbitals: 1s2 2s2 2p6 3s2 3p6 3d10 4s2 4p6 4d10 4f14 5s2 5p6
CORE 68 30 Os
   0.00000   4.21347538731139e+00   6.04212493747210e+01
   0.00000   6.78351198486894e+00   2.78190174069751e+01
   0.00000   2.33976019515339e+01   5.18711874169136e+03
   0.00000   5.51361950083609e+01   0.00000000000000e+00
   0.00000   6.06456449275961e+01   2.69244308325211e+04
   0.00000   2.09178175445852e+02   2.35401638385334e+05
   0.00000   2.30080174244303e+02   3.31658041190913e+05
   0.00000   8.72888509034562e+02   2.49335867192910e+05
   0.00000   9.60111349219173e+02   2.26742223614463e+05
   0.00000   3.64251360152922e+03   6.71451506588591e+05
   0.00000   4.00648950274465e+03   0.00000000000000e+00
   0.00000   1.52000000000000e+04   1.08455291629939e+06
   8.00000   6.55949333601863e+02   0.00000000000000e+00
   9.00000   7.46135019172199e+00   0.00000000000000e+00
   9.00000   2.33976019515339e+01   2.90095625247939e+08
   9.00000   6.67056231959123e+01   1.30713973020093e+14
   9.00000   1.90175051920794e+02   3.77144436012569e+18
   9.00000   7.21494661901851e+02   5.88217157476124e+23
  10.00000   8.20692095889108e+00   2.29747877711867e+01
  10.00000   1.09211590478100e+01   5.04454690832915e+03
  10.00000   1.20124490583881e+01   2.50504792267731e+04
  10.00000   2.83072058061005e+01   1.13327204826297e+09
  10.00000   3.11357857020934e+01   4.51891787269326e+10
  10.00000   7.33711410154412e+01   0.00000000000000e+00
  10.00000   8.07027065483987e+01   8.62916986002353e+14
  10.00000   1.90175051920794e+02   6.04500864882476e+19
  10.00000   2.78358733417549e+02   5.11885799128363e+21
  10.00000   7.21494661901851e+02   1.18615269920638e+25
  10.00000   3.01075577488689e+03   3.15392355910034e+32
  10.00000   3.31160366905645e+03   0.00000000000000e+00
