# Free-atom, free-ion and frozen-core density fits -- Fl (Z = 114)
#
#   rho(r) = sum_i c_i r^n_i exp(-alpha_i r)      r in bohr, rho in e/bohr^3
#
# All-electron B86BPBE densities (scalar-relativistic, spin-restricted),
# fitted with rhofit.py (monotone decay imposed).  Two kinds of block:
#
#   STATE <N> <q> <nterm> <symbol>
#     the atom or ion with N electrons (charge q), in order of increasing N;
#   CORE <N_core> <nterm> <symbol>
#     the frozen core of the neutral atom with N_core electrons, for a
#     pseudopotential with Z - N_core valence electrons, in order of
#     increasing N_core, each preceded by a '# orbitals:' comment.
#
# Each block header is followed by nterm lines:   n   alpha   c
#
# Generated 2026-09-23 by combine_fits.py from
#   /home/alberto/doc/manuals/critic2/atomic_density_fits/15_rhofit/rho_b86bpbe_mono/fit_114_Fl.dat
#     recipe: --npow 0,1,2,3,4,5,6,7,8,9,10 --amin 0.2 --ratio 1.1 --mom 3 --cusp none --targetz 1e-3 --besteffort --monotone --stats
#   /home/alberto/doc/manuals/critic2/atomic_density_fits/15_rhofit/core_b86bpbe_mono/core_114_Fl.dat
#     recipe: --npow 0,1,2,3,4,5,6,7,8,9,10 --amin 0.2 --ratio 1.1 --mom 3 --cusp none --besteffort --monotone --stats --target 1e-3*N_core
#
STATE 113 +1 32 Fl
   0.00000   1.46017192751901e+00   2.37729852317213e-01
   0.00000   1.60515524510811e+00   1.14139569464279e-01
   0.00000   2.13233868001218e+00   0.00000000000000e+00
   0.00000   2.34406274498379e+00   6.56825276603396e+00
   0.00000   3.42311447392171e+00   3.54529434921525e+01
   0.00000   3.02010134658367e+01   7.49405939261272e+03
   0.00000   3.31997309759522e+01   1.10417498421775e+04
   0.00000   1.03392999672229e+02   1.72541038472825e+05
   0.00000   4.70218700089967e+02   4.72230660995113e+06
   0.00000   1.21179839311896e+03   1.61512631587967e+06
   0.00000   1.33212021822216e+03   7.66420971771217e+06
   0.00000   3.12291992063424e+03   1.41590695620301e+07
   0.00000   3.43300072832924e+03   4.82466860481179e+06
   0.00000   6.65986197522064e+03   2.12966030274679e+07
   0.00000   2.28000000000000e+04   2.39268871596842e+08
   3.00000   2.07406230948029e+04   0.00000000000000e+00
   4.00000   2.28000000000000e+04   1.73073337187812e+23
   8.00000   3.21993945943862e+02   3.61628435131017e+19
   9.00000   1.13659092195620e+02   5.02108730414100e+16
  10.00000   2.83266572509618e+00   0.00000000000000e+00
  10.00000   3.11392662780590e+00   3.46467150229000e-05
  10.00000   1.55679054025836e+01   8.54371136160441e+05
  10.00000   1.71136730828423e+01   7.88730676843666e+05
  10.00000   2.49916782975223e+01   3.75033779315247e+09
  10.00000   2.74731507621046e+01   2.25962776116282e+09
  10.00000   5.32966365518630e+01   4.86091866706661e+13
  10.00000   5.85885635078614e+01   2.33247283036389e+14
  10.00000   1.24944525061520e+02   0.00000000000000e+00
  10.00000   1.37350510559950e+02   3.36872016580281e+18
  10.00000   3.53965352630107e+02   2.41455419157781e+23
  10.00000   5.16907631610049e+02   1.22603263733464e+25
  10.00000   1.33212021822216e+03   2.09897025452809e+29
STATE 114 +0 33 Fl
   0.00000   1.09916996309581e+00   1.38518368159189e-01
   0.00000   1.20830869178970e+00   5.14440118665212e-02
   0.00000   1.93973828388606e+00   1.59485868245170e+00
   0.00000   3.11392662780590e+00   2.72648863709238e+01
   0.00000   3.42311447392171e+00   1.03954671577660e+01
   0.00000   3.02010134658367e+01   8.35429623608741e+03
   0.00000   3.31997309759522e+01   1.00974887455670e+04
   0.00000   1.03392999672229e+02   1.64371326126233e+05
   0.00000   4.27746878539218e+02   2.59047674565473e+06
   0.00000   4.70218700089967e+02   1.42584693718816e+06
   0.00000   1.10234446221790e+03   7.41115207413483e+06
   0.00000   1.21179839311896e+03   0.00000000000000e+00
   0.00000   2.58425135612424e+03   1.45237119618975e+07
   0.00000   2.84084671180380e+03   4.62724198816117e+05
   0.00000   5.01332761133443e+03   3.07090277991467e+06
   0.00000   5.51111068437799e+03   2.05687419920291e+07
   0.00000   2.28000000000000e+04   2.49316082258572e+08
   3.00000   2.28000000000000e+04   3.02913607485701e+18
   4.00000   2.28000000000000e+04   1.84720723707058e+23
   7.00000   2.92910310159210e+02   3.70724555266996e+17
   9.00000   1.13659092195620e+02   4.94784004248036e+16
  10.00000   2.57680930516607e+00   1.44592953456356e-06
  10.00000   1.55679054025836e+01   9.76513681251322e+05
  10.00000   1.71136730828423e+01   8.58853768976906e+05
  10.00000   2.49916782975223e+01   3.73969934068342e+09
  10.00000   2.74731507621046e+01   2.48997546118812e+09
  10.00000   5.32966365518630e+01   4.96364640087591e+13
  10.00000   5.85885635078614e+01   2.30585697213112e+14
  10.00000   1.24944525061520e+02   0.00000000000000e+00
  10.00000   1.37350510559950e+02   3.39567891208225e+18
  10.00000   3.53965352630107e+02   2.70131985696749e+23
  10.00000   5.16907631610049e+02   1.43395813494692e+25
  10.00000   1.33212021822216e+03   0.00000000000000e+00
STATE 115 -1 34 Fl
   0.00000   1.09916996309581e+00   1.70229325096968e-01
   0.00000   1.20830869178970e+00   2.02987841864998e-01
   0.00000   1.60515524510811e+00   9.47910914296930e-02
   0.00000   3.11392662780590e+00   3.85038535371635e+01
   0.00000   3.42311447392171e+00   0.00000000000000e+00
   0.00000   3.02010134658367e+01   9.28136817338991e+03
   0.00000   3.31997309759522e+01   8.83464024933917e+03
   0.00000   1.03392999672229e+02   1.67762262527290e+05
   0.00000   4.27746878539218e+02   2.24817625516068e+06
   0.00000   4.70218700089967e+02   1.85936595070035e+06
   0.00000   1.10234446221790e+03   5.57978586076716e+06
   0.00000   1.21179839311896e+03   2.05657720015550e+06
   0.00000   2.58425135612424e+03   1.36357565573000e+07
   0.00000   5.01332761133443e+03   2.15005755291307e+07
   0.00000   2.28000000000000e+04   2.56551470542270e+08
   3.00000   2.28000000000000e+04   6.41687615584175e+18
   4.00000   2.28000000000000e+04   2.03341681892505e+23
   7.00000   2.92910310159210e+02   0.00000000000000e+00
   9.00000   1.13659092195620e+02   4.86280485419436e+16
   9.00000   3.21993945943862e+02   1.24715529275368e+21
  10.00000   2.34406274498379e+00   4.45742287210523e-08
  10.00000   5.49523995011211e+00   2.76321017537003e-01
  10.00000   1.55679054025836e+01   9.80027801389102e+05
  10.00000   1.71136730828423e+01   7.67345679097250e+05
  10.00000   2.49916782975223e+01   3.72583314496706e+09
  10.00000   2.74731507621046e+01   2.52522954551089e+09
  10.00000   5.32966365518630e+01   4.97609172913807e+13
  10.00000   5.85885635078614e+01   2.29742716121645e+14
  10.00000   1.24944525061520e+02   0.00000000000000e+00
  10.00000   1.37350510559950e+02   3.49597092877392e+18
  10.00000   3.53965352630107e+02   2.13153866664627e+23
  10.00000   4.70218700089967e+02   1.54408099794376e+24
  10.00000   5.16907631610049e+02   1.20928479708645e+25
  10.00000   1.33212021822216e+03   0.00000000000000e+00
# orbitals: 1s2
CORE 2 14 Fl
   0.00000   1.03392999672229e+02   0.00000000000000e+00
   0.00000   1.13659092195620e+02   1.47851559788319e+02
   0.00000   2.42386575861342e+02   2.29596321479592e+05
   0.00000   2.66453611561139e+02   5.79424439475227e+05
   0.00000   4.27746878539218e+02   1.91899255789916e+06
   0.00000   4.70218700089967e+02   0.00000000000000e+00
   0.00000   8.29809078656697e+02   2.41899761756697e+06
   0.00000   9.12202439960133e+02   1.79754056927755e+06
   0.00000   1.60979107404040e+03   0.00000000000000e+00
   0.00000   1.76963036840094e+03   6.15069821720987e+06
   0.00000   3.12291992063424e+03   1.25566291077775e+07
   0.00000   3.43300072832924e+03   0.00000000000000e+00
   0.00000   8.84716997722474e+03   0.00000000000000e+00
   0.00000   9.72562273364242e+03   7.51726854860314e+07
# orbitals: 1s2 2s2
CORE 4 18 Fl
   0.00000   9.40541770545077e+01   4.68789472760677e+04
   0.00000   3.53965352630107e+02   5.16295866948406e+05
   0.00000   3.89111262621068e+02   2.60149619790286e+06
   0.00000   9.12202439960133e+02   5.20100643773975e+06
   0.00000   1.00277679875021e+03   6.77816852286947e+05
   0.00000   2.13849706087681e+03   1.23248968176363e+07
   0.00000   2.35083260349150e+03   0.00000000000000e+00
   0.00000   5.01332761133443e+03   2.60399431329354e+07
   0.00000   5.51111068437799e+03   3.45918096881052e+05
   0.00000   2.28000000000000e+04   2.35364261810798e+08
   3.00000   2.28000000000000e+04   5.59874173215150e+18
   4.00000   2.28000000000000e+04   1.52042949037946e+23
   5.00000   1.82460735358140e+02   1.40815367516634e+13
   6.00000   1.82460735358140e+02   0.00000000000000e+00
  10.00000   2.20493360227191e+02   2.31000308677288e+19
  10.00000   3.53965352630107e+02   1.50556180370594e+22
  10.00000   3.89111262621068e+02   8.07938984471081e+22
  10.00000   1.10234446221790e+03   6.40465838988183e+27
# orbitals: 1s2 2s2 2p6
CORE 10 17 Fl
   0.00000   7.78308892893089e+01   0.00000000000000e+00
   0.00000   8.55588700341844e+01   1.19064525749279e+05
   0.00000   4.27746878539218e+02   3.90731455682579e+06
   0.00000   4.70218700089967e+02   0.00000000000000e+00
   0.00000   1.10234446221790e+03   4.03270903793253e+06
   0.00000   1.21179839311896e+03   3.76957542889648e+06
   0.00000   2.84084671180380e+03   1.70189996672671e+07
   0.00000   3.12291992063424e+03   0.00000000000000e+00
   0.00000   7.32113265551214e+03   4.19066782517783e+07
   0.00000   2.28000000000000e+04   1.75980531774473e+08
   3.00000   1.24944525061520e+02   6.25290219864133e+08
   3.00000   1.37350510559950e+02   1.39980832429342e+10
   4.00000   1.50988310546541e+02   2.18908641658442e+10
  10.00000   3.53965352630107e+02   2.27375557712349e+22
  10.00000   3.89111262621068e+02   1.40170103174788e+23
  10.00000   1.21179839311896e+03   6.93966130802703e+28
  10.00000   1.33212021822216e+03   0.00000000000000e+00
# orbitals: 1s2 2s2 2p6 3s2
CORE 12 22 Fl
   0.00000   4.01199755506732e+01   0.00000000000000e+00
   0.00000   4.41035661452505e+01   4.05936583274764e+03
   0.00000   7.78308892893089e+01   1.19449122648249e+05
   0.00000   4.27746878539218e+02   2.55298060193754e+06
   0.00000   4.70218700089967e+02   1.77561361784939e+06
   0.00000   1.21179839311896e+03   7.11194640000842e+06
   0.00000   1.33212021822216e+03   1.80288120687150e+06
   0.00000   2.84084671180380e+03   0.00000000000000e+00
   0.00000   3.12291992063424e+03   1.90790756240502e+07
   0.00000   6.65986197522064e+03   2.10131844852808e+07
   0.00000   7.32113265551214e+03   0.00000000000000e+00
   0.00000   2.28000000000000e+04   2.36479497851604e+08
   4.00000   2.28000000000000e+04   1.73937934098827e+23
   7.00000   2.66453611561139e+02   2.19057014785031e+17
   8.00000   8.55588700341844e+01   1.22405570811920e+13
   8.00000   2.66453611561139e+02   8.72100304365969e+18
  10.00000   1.13659092195620e+02   2.75463564345822e+16
  10.00000   1.24944525061520e+02   2.09239094457045e+17
  10.00000   4.27746878539218e+02   3.31328775219225e+23
  10.00000   4.70218700089967e+02   1.85429482593573e+24
  10.00000   1.21179839311896e+03   4.33284022141404e+28
  10.00000   1.33212021822216e+03   3.73824723371499e+28
# orbitals: 1s2 2s2 2p6 3s2 3p6
CORE 18 22 Fl
   0.00000   3.31997309759522e+01   0.00000000000000e+00
   0.00000   3.64961969942640e+01   3.13592761016862e+03
   0.00000   8.55588700341844e+01   1.37251038153657e+05
   0.00000   9.40541770545077e+01   2.62898485765577e+04
   0.00000   4.70218700089967e+02   4.79719989770555e+06
   0.00000   1.33212021822216e+03   6.25768060602371e+06
   0.00000   1.46438903193201e+03   4.00128147217307e+06
   0.00000   3.43300072832924e+03   8.79344414760764e+06
   0.00000   3.77387006398665e+03   1.43273320480562e+07
   0.00000   7.32113265551214e+03   1.05261084614630e+07
   0.00000   8.04806219093308e+03   0.00000000000000e+00
   0.00000   2.28000000000000e+04   2.49872423943692e+08
   4.00000   2.28000000000000e+04   2.17806652318394e+23
   7.00000   7.78308892893089e+01   6.62681979820785e+12
   7.00000   2.66453611561139e+02   0.00000000000000e+00
   8.00000   8.55588700341844e+01   7.99274405901655e+12
   8.00000   2.92910310159210e+02   2.68387208591224e+19
  10.00000   1.24944525061520e+02   8.74449015234003e+17
  10.00000   3.21993945943862e+02   4.04778748853938e+22
  10.00000   4.70218700089967e+02   4.01673761860590e+24
  10.00000   1.33212021822216e+03   2.69160550115513e+29
  10.00000   1.46438903193201e+03   0.00000000000000e+00
# orbitals: 1s2 2s2 2p6 3s2 3p6 3d10
CORE 28 20 Fl
   0.00000   3.64961969942640e+01   1.12776377920801e+04
   0.00000   4.01199755506732e+01   8.32180267081647e+03
   0.00000   9.40541770545077e+01   1.46187251544058e+05
   0.00000   4.70218700089967e+02   4.80417911385206e+06
   0.00000   1.33212021822216e+03   6.27728911129745e+06
   0.00000   1.46438903193201e+03   3.92779712707258e+06
   0.00000   3.43300072832924e+03   1.05798596361584e+07
   0.00000   3.77387006398665e+03   1.21800580025256e+07
   0.00000   7.32113265551214e+03   1.15763471364392e+07
   0.00000   8.04806219093308e+03   0.00000000000000e+00
   0.00000   2.28000000000000e+04   2.48037284623202e+08
   4.00000   2.28000000000000e+04   2.13674240846044e+23
   7.00000   7.78308892893089e+01   1.26217445360111e+13
   7.00000   2.92910310159210e+02   0.00000000000000e+00
   9.00000   3.21993945943862e+02   3.04481923673320e+21
  10.00000   1.24944525061520e+02   9.49911723226293e+17
  10.00000   1.37350510559950e+02   1.45253176391935e+18
  10.00000   4.70218700089967e+02   2.28134257702905e+24
  10.00000   5.16907631610049e+02   2.79889706490283e+24
  10.00000   1.33212021822216e+03   2.90809889178309e+29
# orbitals: 1s2 2s2 2p6 3s2 3p6 3d10 4s2
CORE 30 23 Fl
   0.00000   2.74731507621046e+01   1.09711230386810e+04
   0.00000   3.02010134658367e+01   1.05510736400112e+03
   0.00000   1.03392999672229e+02   1.81029585511508e+05
   0.00000   4.70218700089967e+02   4.71254583386877e+06
   0.00000   1.33212021822216e+03   9.79403665520268e+06
   0.00000   1.46438903193201e+03   0.00000000000000e+00
   0.00000   3.12291992063424e+03   0.00000000000000e+00
   0.00000   3.43300072832924e+03   2.11664435011593e+07
   0.00000   6.65986197522064e+03   1.44945842476921e+07
   0.00000   7.32113265551214e+03   0.00000000000000e+00
   0.00000   2.28000000000000e+04   2.49605053514426e+08
   4.00000   2.28000000000000e+04   2.03757652199799e+23
   9.00000   1.03392999672229e+02   1.39636792691753e+16
   9.00000   3.21993945943862e+02   1.42685119277219e+21
  10.00000   5.32966365518630e+01   2.48612031624179e+12
  10.00000   5.85885635078614e+01   4.04690232731428e+12
  10.00000   1.24944525061520e+02   3.69197632559379e+15
  10.00000   1.37350510559950e+02   2.71403809590192e+18
  10.00000   3.21993945943862e+02   6.45086067300211e+22
  10.00000   4.70218700089967e+02   5.96167978310033e+24
  10.00000   5.16907631610049e+02   3.33954021337605e+23
  10.00000   1.33212021822216e+03   1.07137026782491e+29
  10.00000   1.46438903193201e+03   1.33312387772199e+29
# orbitals: 1s2 2s2 2p6 3s2 3p6 3d10 4s2 4p6
CORE 36 26 Fl
   0.00000   2.49916782975223e+01   1.63732997711626e+03
   0.00000   3.02010134658367e+01   8.25488790585544e+03
   0.00000   9.40541770545077e+01   1.70135051557958e+05
   0.00000   4.27746878539218e+02   1.64898998208282e+05
   0.00000   4.70218700089967e+02   4.56070547003680e+06
   0.00000   1.33212021822216e+03   9.73607770537570e+06
   0.00000   3.12291992063424e+03   1.28145118325497e+06
   0.00000   3.43300072832924e+03   2.03311275769662e+07
   0.00000   2.28000000000000e+04   2.77374106111582e+08
   3.00000   2.28000000000000e+04   3.20650607538352e+19
   4.00000   2.28000000000000e+04   2.48716538663023e+23
   7.00000   2.92910310159210e+02   6.67240814158598e+17
   9.00000   4.01199755506732e+01   5.55263797035383e+10
   9.00000   1.13659092195620e+02   4.58107486988115e+16
   9.00000   3.21993945943862e+02   0.00000000000000e+00
   9.00000   2.28000000000000e+04   1.75528682480645e+40
  10.00000   4.01199755506732e+01   0.00000000000000e+00
  10.00000   5.32966365518630e+01   2.39160544485465e+13
  10.00000   5.85885635078614e+01   1.29625093877111e+13
  10.00000   1.13659092195620e+02   2.48852242416145e+17
  10.00000   1.50988310546541e+02   7.11874442864479e+18
  10.00000   3.21993945943862e+02   6.11312254475354e+22
  10.00000   4.70218700089967e+02   4.17949519982069e+24
  10.00000   5.16907631610049e+02   0.00000000000000e+00
  10.00000   1.33212021822216e+03   1.82007102430336e+29
  10.00000   1.46438903193201e+03   1.41248884327839e+28
# orbitals: 1s2 2s2 2p6 3s2 3p6 3d10 4s2 4p6 4d10
CORE 46 27 Fl
   0.00000   1.55679054025836e+01   0.00000000000000e+00
   0.00000   1.71136730828423e+01   2.58967461677444e+02
   0.00000   3.64961969942640e+01   2.10898439443401e+04
   0.00000   1.03392999672229e+02   1.62315891417255e+05
   0.00000   4.27746878539218e+02   1.69415385550972e+06
   0.00000   4.70218700089967e+02   2.57913353792138e+06
   0.00000   1.10234446221790e+03   2.72786100450580e+06
   0.00000   1.21179839311896e+03   5.07172058977144e+06
   0.00000   2.58425135612424e+03   1.26925824743930e+07
   0.00000   2.84084671180380e+03   0.00000000000000e+00
   0.00000   5.01332761133443e+03   2.28120641346388e+07
   0.00000   2.28000000000000e+04   2.52699074380564e+08
   3.00000   2.28000000000000e+04   7.39267407735891e+18
   4.00000   2.28000000000000e+04   1.83714593779200e+23
   9.00000   4.01199755506732e+01   5.10807492449965e+10
   9.00000   1.13659092195620e+02   5.68593447032055e+16
   9.00000   3.21993945943862e+02   3.64850749300787e+21
  10.00000   1.41617569443216e+01   8.04024385601578e+00
  10.00000   4.01199755506732e+01   3.51019517769312e+11
  10.00000   5.32966365518630e+01   5.99473121024065e+13
  10.00000   1.24944525061520e+02   5.79506427682936e+17
  10.00000   1.37350510559950e+02   0.00000000000000e+00
  10.00000   1.50988310546541e+02   4.76694702834669e+18
  10.00000   3.53965352630107e+02   0.00000000000000e+00
  10.00000   4.70218700089967e+02   2.08144693717013e+24
  10.00000   5.16907631610049e+02   8.54592660740378e+24
  10.00000   1.33212021822216e+03   5.58855642973575e+28
# orbitals: 1s2 2s2 2p6 3s2 3p6 3d10 4s2 4p6 4d10 4f14
CORE 60 24 Fl
   0.00000   1.55679054025836e+01   4.47858964690666e+01
   0.00000   1.71136730828423e+01   2.92069669224893e+03
   0.00000   4.01199755506732e+01   1.92685349316369e+04
   0.00000   1.03392999672229e+02   1.56219933975723e+05
   0.00000   4.27746878539218e+02   2.70256673597740e+06
   0.00000   4.70218700089967e+02   1.29516772744946e+06
   0.00000   1.10234446221790e+03   7.39231421420890e+06
   0.00000   1.21179839311896e+03   0.00000000000000e+00
   0.00000   2.58425135612424e+03   1.47746628318604e+07
   0.00000   5.01332761133443e+03   4.24827788381398e+06
   0.00000   5.51111068437799e+03   1.93613349611389e+07
   0.00000   2.28000000000000e+04   2.48433603680334e+08
   3.00000   2.28000000000000e+04   3.22375456448522e+18
   4.00000   2.28000000000000e+04   1.83529611174220e+23
   9.00000   4.01199755506732e+01   3.99735057911025e+08
  10.00000   4.01199755506732e+01   7.21345761059047e+11
  10.00000   5.32966365518630e+01   7.87142893652786e+13
  10.00000   1.24944525061520e+02   1.78624578213864e+18
  10.00000   1.37350510559950e+02   1.25237253595688e+18
  10.00000   1.50988310546541e+02   1.51660182887275e+18
  10.00000   3.53965352630107e+02   3.14644777852772e+23
  10.00000   4.70218700089967e+02   8.97257693094743e+23
  10.00000   5.16907631610049e+02   1.32931560997851e+25
  10.00000   1.33212021822216e+03   1.94430551487355e+27
# orbitals: 1s2 2s2 2p6 3s2 3p6 3d10 4s2 4p6 4d10 4f14 5s2
CORE 62 27 Fl
   0.00000   1.41617569443216e+01   1.99582950363543e+03
   0.00000   4.41035661452505e+01   2.57328498506700e+04
   0.00000   1.03392999672229e+02   1.47831272811652e+05
   0.00000   4.27746878539218e+02   2.65452825581586e+06
   0.00000   4.70218700089967e+02   1.37407434394597e+06
   0.00000   1.10234446221790e+03   7.34806829566412e+06
   0.00000   1.21179839311896e+03   0.00000000000000e+00
   0.00000   2.35083260349150e+03   0.00000000000000e+00
   0.00000   2.58425135612424e+03   1.52985240597491e+07
   0.00000   5.01332761133443e+03   1.09378903229915e+07
   0.00000   2.28000000000000e+04   2.78789827522524e+08
   3.00000   2.28000000000000e+04   1.78363096282448e+19
   4.00000   2.28000000000000e+04   3.29351251748932e+23
   5.00000   2.27343412313805e+01   1.85264455385826e+06
   6.00000   2.74731507621046e+01   5.25265904341038e+07
   9.00000   3.64961969942640e+01   0.00000000000000e+00
   9.00000   1.24944525061520e+02   0.00000000000000e+00
  10.00000   4.01199755506732e+01   2.60129784268245e+11
  10.00000   5.32966365518630e+01   5.97519263714036e+13
  10.00000   5.85885635078614e+01   3.24392714577572e+13
  10.00000   1.24944525061520e+02   2.12197153963412e+18
  10.00000   1.50988310546541e+02   5.02166221873235e+18
  10.00000   3.53965352630107e+02   3.00457169870645e+23
  10.00000   4.70218700089967e+02   1.19862034421918e+24
  10.00000   5.16907631610049e+02   1.21895958298269e+25
  10.00000   1.33212021822216e+03   7.52769025700660e+27
  10.00000   2.28000000000000e+04   4.55138380069646e+43
# orbitals: 1s2 2s2 2p6 3s2 3p6 3d10 4s2 4p6 4d10 4f14 5s2 5p6
CORE 68 27 Fl
   0.00000   1.06605102895728e+01   4.23362596573134e+02
   0.00000   1.17190131410838e+01   6.59883628096080e+02
   0.00000   4.01199755506732e+01   2.31399469759232e+04
   0.00000   4.41035661452505e+01   0.00000000000000e+00
   0.00000   1.03392999672229e+02   1.63399928091922e+05
   0.00000   4.27746878539218e+02   3.36946858420692e+04
   0.00000   4.70218700089967e+02   4.70446871882129e+06
   0.00000   1.33212021822216e+03   9.78533119469275e+06
   0.00000   3.12291992063424e+03   0.00000000000000e+00
   0.00000   3.43300072832924e+03   2.12973850635399e+07
   0.00000   6.05831960927460e+03   1.02359788998336e+07
   0.00000   2.28000000000000e+04   2.58078729462239e+08
   3.00000   2.07406230948029e+04   8.97243443306842e+18
   4.00000   2.28000000000000e+04   1.83145081792815e+23
   8.00000   2.27343412313805e+01   1.07626251677437e+08
   8.00000   3.21993945943862e+02   5.62985155387508e+19
   9.00000   2.49916782975223e+01   0.00000000000000e+00
   9.00000   1.24944525061520e+02   1.09984175546631e+17
  10.00000   2.74731507621046e+01   0.00000000000000e+00
  10.00000   3.02010134658367e+01   1.87092184404762e+09
  10.00000   5.32966365518630e+01   6.10886558842672e+13
  10.00000   5.85885635078614e+01   7.48920602170058e+13
  10.00000   1.24944525061520e+02   1.49286113087481e+18
  10.00000   1.37350510559950e+02   0.00000000000000e+00
  10.00000   3.53965352630107e+02   1.79377561715890e+23
  10.00000   5.16907631610049e+02   1.00539307846295e+25
  10.00000   1.33212021822216e+03   2.03068510125274e+29
# orbitals: 1s2 2s2 2p6 3s2 3p6 3d10 4s2 4p6 4d10 4f14 5s2 5p6 5d10
CORE 78 27 Fl
   0.00000   8.82169215764264e+00   2.65910075411970e+02
   0.00000   9.69761517167976e+00   0.00000000000000e+00
   0.00000   3.02010134658367e+01   9.74361819152672e+03
   0.00000   3.31997309759522e+01   6.20104432045841e+03
   0.00000   9.40541770545077e+01   1.63282515751171e+05
   0.00000   1.03392999672229e+02   0.00000000000000e+00
   0.00000   4.70218700089967e+02   2.84928591613157e+06
   0.00000   5.16907631610049e+02   2.43860486783240e+06
   0.00000   1.33212021822216e+03   0.00000000000000e+00
   0.00000   1.46438903193201e+03   1.03046112317355e+07
   0.00000   3.12291992063424e+03   1.35605539870630e+07
   0.00000   6.65986197522064e+03   3.75886863521365e+07
   0.00000   7.32113265551214e+03   0.00000000000000e+00
   0.00000   2.28000000000000e+04   2.04038192919081e+08
   4.00000   2.28000000000000e+04   3.71671271380774e+22
   8.00000   3.21993945943862e+02   1.15275620134574e+20
   9.00000   1.88129230498662e+01   9.12021159740820e+06
  10.00000   1.88129230498662e+01   8.36169221491045e+06
  10.00000   2.49916782975223e+01   2.29337443303697e+09
  10.00000   2.74731507621046e+01   2.93175328918310e+09
  10.00000   5.32966365518630e+01   7.05497879275090e+13
  10.00000   5.85885635078614e+01   1.22302091771616e+14
  10.00000   1.24944525061520e+02   1.42461872348682e+18
  10.00000   1.37350510559950e+02   3.49685428037279e+18
  10.00000   5.16907631610049e+02   2.48107381828135e+24
  10.00000   1.33212021822216e+03   2.05736432552475e+29
  10.00000   1.46438903193201e+03   5.83399425574326e+29
# orbitals: 1s2 2s2 2p6 3s2 3p6 3d10 4s2 4p6 4d10 4f14 5s2 5p6 5d10 6s2
CORE 80 27 Fl
   0.00000   6.64068310081412e+00   1.43417568410559e+02
   0.00000   7.30004947327262e+00   7.04254933971703e+01
   0.00000   3.31997309759522e+01   1.98233420480941e+04
   0.00000   9.40541770545077e+01   0.00000000000000e+00
   0.00000   1.03392999672229e+02   1.70013370245712e+05
   0.00000   4.70218700089967e+02   4.70714518251481e+06
   0.00000   5.16907631610049e+02   4.08516285315244e+04
   0.00000   1.33212021822216e+03   9.74644811663902e+06
   0.00000   3.12291992063424e+03   1.26961277228717e+06
   0.00000   3.43300072832924e+03   2.00618091839175e+07
   0.00000   6.65986197522064e+03   1.35230273853914e+07
   0.00000   7.32113265551214e+03   0.00000000000000e+00
   0.00000   2.28000000000000e+04   2.53303440764074e+08
   4.00000   2.28000000000000e+04   2.18442355799963e+23
   8.00000   3.21993945943862e+02   6.70344363076045e+19
  10.00000   1.55679054025836e+01   1.10455902803373e+05
  10.00000   1.71136730828423e+01   3.22671340323920e+06
  10.00000   2.49916782975223e+01   2.20098439325797e+09
  10.00000   2.74731507621046e+01   1.09282474349982e+09
  10.00000   5.32966365518630e+01   5.80760955659946e+13
  10.00000   5.85885635078614e+01   1.56333428028918e+14
  10.00000   1.24944525061520e+02   1.53762773204945e+18
  10.00000   1.37350510559950e+02   3.01439262315057e+18
  10.00000   3.53965352630107e+02   1.54946082118862e+23
  10.00000   5.16907631610049e+02   9.61268945482232e+24
  10.00000   1.33212021822216e+03   1.96838400695434e+29
  10.00000   1.46438903193201e+03   0.00000000000000e+00
# orbitals: 1s2 2s2 2p6 3s2 3p6 3d10 4s2 4p6 4d10 4f14 5s2 5p6 5d10 5f14
CORE 92 29 Fl
   0.00000   5.49523995011211e+00   2.28082924333629e+01
   0.00000   6.04087303886020e+00   5.72479622595013e+01
   0.00000   2.74731507621046e+01   1.47698049276083e+03
   0.00000   3.02010134658367e+01   1.56485224129408e+04
   0.00000   9.40541770545077e+01   0.00000000000000e+00
   0.00000   1.03392999672229e+02   1.70261954134976e+05
   0.00000   4.27746878539218e+02   1.41289568249768e+06
   0.00000   4.70218700089967e+02   2.94497228822438e+06
   0.00000   1.21179839311896e+03   8.62680614093746e+06
   0.00000   1.33212021822216e+03   0.00000000000000e+00
   0.00000   3.12291992063424e+03   2.06868955041540e+07
   0.00000   3.43300072832924e+03   0.00000000000000e+00
   0.00000   6.05831960927460e+03   0.00000000000000e+00
   0.00000   6.65986197522064e+03   1.60045895562017e+07
   0.00000   2.28000000000000e+04   2.51734756478207e+08
   3.00000   2.07406230948029e+04   0.00000000000000e+00
   4.00000   2.28000000000000e+04   2.26256766081864e+23
   6.00000   1.28826168044904e+01   0.00000000000000e+00
   7.00000   1.41617569443216e+01   6.66034614767150e+05
   8.00000   3.21993945943862e+02   3.52600368870956e+19
  10.00000   2.27343412313805e+01   2.78003199527208e+08
  10.00000   2.49916782975223e+01   3.37074119085976e+09
  10.00000   5.32966365518630e+01   6.55099719118348e+13
  10.00000   5.85885635078614e+01   1.63859329357621e+14
  10.00000   1.24944525061520e+02   1.43053089567681e+18
  10.00000   1.37350510559950e+02   2.87206105736700e+18
  10.00000   3.53965352630107e+02   2.48451429130728e+23
  10.00000   5.16907631610049e+02   1.33351466232535e+25
  10.00000   1.33212021822216e+03   7.43466473620385e+28
# orbitals: 1s2 2s2 2p6 3s2 3p6 3d10 4s2 4p6 4d10 4f14 5s2 5p6 5d10 5f14 6s2
CORE 94 28 Fl
   0.00000   5.49523995011211e+00   1.40818781927931e+01
   0.00000   6.04087303886020e+00   8.36143938381638e+01
   0.00000   3.02010134658367e+01   1.72139117455156e+04
   0.00000   9.40541770545077e+01   0.00000000000000e+00
   0.00000   1.03392999672229e+02   1.69397025544352e+05
   0.00000   4.27746878539218e+02   1.46807962390297e+06
   0.00000   4.70218700089967e+02   2.88277404584520e+06
   0.00000   1.21179839311896e+03   8.67193406603483e+06
   0.00000   1.33212021822216e+03   0.00000000000000e+00
   0.00000   3.12291992063424e+03   2.03441653042241e+07
   0.00000   3.43300072832924e+03   0.00000000000000e+00
   0.00000   6.05831960927460e+03   1.27569028442482e+07
   0.00000   2.28000000000000e+04   2.59676259544662e+08
   3.00000   2.07406230948029e+04   4.86639464534305e+18
   4.00000   9.69761517167976e+00   3.12698102257193e+03
   4.00000   2.28000000000000e+04   2.22067141022888e+23
   6.00000   1.28826168044904e+01   1.62116415589331e+05
   7.00000   2.92910310159210e+02   7.23633619860075e+17
   8.00000   1.71136730828423e+01   2.37277030700184e+06
  10.00000   2.27343412313805e+01   0.00000000000000e+00
  10.00000   2.49916782975223e+01   3.22117475187425e+09
  10.00000   5.32966365518630e+01   5.88323131872431e+13
  10.00000   5.85885635078614e+01   1.79975109317048e+14
  10.00000   1.24944525061520e+02   1.41287430750366e+18
  10.00000   1.37350510559950e+02   3.00988116704234e+18
  10.00000   3.53965352630107e+02   2.03027743648774e+23
  10.00000   5.16907631610049e+02   1.12077156807574e+25
  10.00000   1.33212021822216e+03   7.02473715937040e+28
# orbitals: 1s2 2s2 2p6 3s2 3p6 3d10 4s2 4p6 4d10 4f14 5s2 5p6 5d10 5f14 6s2 6p6
CORE 100 29 Fl
   0.00000   4.54737286072362e+00   2.86853021209858e+01
   0.00000   4.99889037810433e+00   1.05850443015394e+01
   0.00000   3.02010134658367e+01   1.70067531787303e+04
   0.00000   3.31997309759522e+01   1.89764051945527e+02
   0.00000   1.03392999672229e+02   1.74963257011213e+05
   0.00000   4.70218700089967e+02   4.71813809888010e+06
   0.00000   1.21179839311896e+03   1.61334341590647e+06
   0.00000   1.33212021822216e+03   7.68127658348051e+06
   0.00000   3.12291992063424e+03   1.36195716236749e+07
   0.00000   3.43300072832924e+03   5.48012494163427e+06
   0.00000   6.65986197522064e+03   2.09246018623380e+07
   0.00000   2.28000000000000e+04   2.39919138649371e+08
   3.00000   7.30004947327262e+00   1.47937330788019e+03
   3.00000   2.07406230948029e+04   0.00000000000000e+00
   4.00000   2.28000000000000e+04   1.75252998727174e+23
   8.00000   3.21993945943862e+02   3.82262105241372e+19
   9.00000   1.13659092195620e+02   1.75087589057432e+16
  10.00000   1.06605102895728e+01   1.08312206825620e+03
  10.00000   1.55679054025836e+01   0.00000000000000e+00
  10.00000   1.71136730828423e+01   5.01662794491159e+06
  10.00000   2.49916782975223e+01   3.03489006825883e+09
  10.00000   2.74731507621046e+01   3.65791849779224e+09
  10.00000   5.32966365518630e+01   5.72697032364175e+13
  10.00000   5.85885635078614e+01   2.01184125145789e+14
  10.00000   1.24944525061520e+02   8.91546604854798e+17
  10.00000   1.37350510559950e+02   3.20569238379806e+18
  10.00000   3.53965352630107e+02   2.39266504316601e+23
  10.00000   5.16907631610049e+02   1.22812008389784e+25
  10.00000   1.33212021822216e+03   2.04918690260943e+29
# orbitals: 1s2 2s2 2p6 3s2 3p6 3d10 4s2 4p6 4d10 4f14 5s2 5p6 5d10 5f14 6s2 6p6 6d10
CORE 110 32 Fl
   0.00000   2.83266572509618e+00   5.31517232191116e+00
   0.00000   3.11392662780590e+00   3.19947447395025e+01
   0.00000   3.02010134658367e+01   1.03212921031112e+04
   0.00000   3.31997309759522e+01   7.57190535700563e+03
   0.00000   1.03392999672229e+02   1.68584354076548e+05
   0.00000   4.27746878539218e+02   2.15537997891215e+06
   0.00000   4.70218700089967e+02   1.97690838316964e+06
   0.00000   1.10234446221790e+03   5.15178635409552e+06
   0.00000   1.21179839311896e+03   2.51923618555556e+06
   0.00000   2.58425135612424e+03   1.34778137852724e+07
   0.00000   2.84084671180380e+03   0.00000000000000e+00
   0.00000   5.01332761133443e+03   2.17707807369231e+07
   0.00000   2.28000000000000e+04   2.55940483424064e+08
   3.00000   2.28000000000000e+04   6.66856564376365e+18
   4.00000   2.28000000000000e+04   1.99254119766612e+23
   5.00000   8.02488561842301e+00   0.00000000000000e+00
   7.00000   2.92910310159210e+02   0.00000000000000e+00
   9.00000   1.13659092195620e+02   4.80782283251786e+16
   9.00000   3.21993945943862e+02   1.53379372844782e+21
  10.00000   4.54737286072362e+00   6.53630940059288e-03
  10.00000   4.99889037810433e+00   1.22058820148787e-03
  10.00000   1.06605102895728e+01   4.17202222954314e+03
  10.00000   1.55679054025836e+01   1.14819641977888e+06
  10.00000   2.49916782975223e+01   3.95798956545584e+09
  10.00000   2.74731507621046e+01   2.08257209722504e+09
  10.00000   5.32966365518630e+01   5.13352281868532e+13
  10.00000   5.85885635078614e+01   2.25033620922711e+14
  10.00000   1.37350510559950e+02   3.52166086942927e+18
  10.00000   3.53965352630107e+02   1.88687360032193e+23
  10.00000   4.70218700089967e+02   1.64559446860452e+24
  10.00000   5.16907631610049e+02   1.17015120319508e+25
  10.00000   1.33212021822216e+03   4.67709407792764e+27
# orbitals: 1s2 2s2 2p6 3s2 3p6 3d10 4s2 4p6 4d10 4f14 5s2 5p6 5d10 5f14 6s2 6p6 6d10 7s2
CORE 112 30 Fl
   0.00000   2.34406274498379e+00   3.11194609337831e+00
   0.00000   2.57680930516607e+00   1.12187135011180e+01
   0.00000   3.76300218410370e+00   3.10057025488400e+01
   0.00000   3.02010134658367e+01   6.87923373366299e+03
   0.00000   3.31997309759522e+01   1.17565316139757e+04
   0.00000   1.03392999672229e+02   1.72371311514085e+05
   0.00000   4.70218700089967e+02   4.72288033689998e+06
   0.00000   1.21179839311896e+03   1.57769814722931e+06
   0.00000   1.33212021822216e+03   7.71218030244779e+06
   0.00000   3.12291992063424e+03   1.38917789903213e+07
   0.00000   3.43300072832924e+03   5.13646806479339e+06
   0.00000   6.65986197522064e+03   2.11504236561830e+07
   0.00000   7.32113265551214e+03   0.00000000000000e+00
   0.00000   2.28000000000000e+04   2.39526583341482e+08
   3.00000   2.07406230948029e+04   0.00000000000000e+00
   4.00000   2.28000000000000e+04   1.73884338882581e+23
   8.00000   3.21993945943862e+02   3.72778446501614e+19
   9.00000   1.13659092195620e+02   5.05638390954550e+16
  10.00000   5.49523995011211e+00   0.00000000000000e+00
  10.00000   1.55679054025836e+01   7.95418760047830e+05
  10.00000   1.71136730828423e+01   6.63749048759062e+05
  10.00000   2.49916782975223e+01   3.79036554738493e+09
  10.00000   2.74731507621046e+01   1.98719798038009e+09
  10.00000   5.32966365518630e+01   4.79922891872450e+13
  10.00000   5.85885635078614e+01   2.34497529882622e+14
  10.00000   1.24944525061520e+02   0.00000000000000e+00
  10.00000   1.37350510559950e+02   3.35308580434983e+18
  10.00000   3.53965352630107e+02   2.38259716268723e+23
  10.00000   5.16907631610049e+02   1.21595256102561e+25
  10.00000   1.33212021822216e+03   2.09513799377177e+29
