# Free-atom, free-ion and frozen-core density fits -- Br (Z = 35)
#
#   rho(r) = sum_i c_i r^n_i exp(-alpha_i r)      r in bohr, rho in e/bohr^3
#
# All-electron B86BPBE densities (scalar-relativistic, spin-restricted),
# fitted with rhofit.py (monotone decay imposed).  Two kinds of block:
#
#   STATE <N> <q> <nterm> <symbol>
#     the atom or ion with N electrons (charge q), in order of increasing N;
#   CORE <N_core> <nterm> <symbol>
#     the frozen core of the neutral atom with N_core electrons, for a
#     pseudopotential with Z - N_core valence electrons, in order of
#     increasing N_core, each preceded by a '# orbitals:' comment.
#
# Each block header is followed by nterm lines:   n   alpha   c
#
# Generated 2026-09-23 by combine_fits.py from
#   /home/alberto/doc/manuals/critic2/atomic_density_fits/15_rhofit/rho_b86bpbe_mono/fit_035_Br.dat
#     recipe: --npow 0,1,2,3,4,5,6,7,8,9,10 --amin 0.2 --ratio 1.1 --mom 3 --cusp none --targetz 1e-3 --besteffort --monotone --stats
#   /home/alberto/doc/manuals/critic2/atomic_density_fits/15_rhofit/core_b86bpbe_mono/core_035_Br.dat
#     recipe: --npow 0,1,2,3,4,5,6,7,8,9,10 --amin 0.2 --ratio 1.1 --mom 3 --cusp none --besteffort --monotone --stats --target 1e-3*N_core
#
STATE 28 +7 19 Br
   0.00000   6.14015786989876e+00   9.68584747469487e+01
   0.00000   2.11449060998126e+01   2.07371545779197e+02
   0.00000   2.32549532282084e+01   1.65486832974435e+03
   0.00000   8.00832507542852e+01   9.22282782438328e+03
   0.00000   8.80747467906841e+01   2.42910359555520e+04
   0.00000   7.13945420391557e+02   4.89093878964883e+03
   0.00000   7.85189930866913e+02   0.00000000000000e+00
   3.00000   1.71403375254069e+02   1.21169873263350e+09
   4.00000   9.87934347767117e+00   2.11090787493072e+03
   4.00000   1.88507693336399e+02   1.34914826924751e+10
   5.00000   1.19494386511799e+01   0.00000000000000e+00
   7.00000   1.58955892695008e+01   8.73828116472854e+05
   7.00000   6.02022281559264e+01   1.89099501027466e+11
   9.00000   6.62097998161556e+01   1.42818392059676e+13
  10.00000   2.55755616550576e+01   4.90335044672216e+08
  10.00000   2.81277432619478e+01   2.06726816251036e+09
  10.00000   7.28168661854395e+01   0.00000000000000e+00
  10.00000   1.06529729012071e+02   2.14349953757512e+16
  10.00000   3.03303643019278e+02   3.97906314186240e+20
STATE 29 +6 21 Br
   0.00000   1.62122616619790e+00   0.00000000000000e+00
   0.00000   1.78300809137260e+00   2.50396743764795e-03
   0.00000   5.07645006385853e+00   3.73438871389013e+01
   0.00000   5.58302828317653e+00   3.71907682147621e+01
   0.00000   2.11449060998126e+01   1.66816626988161e+03
   0.00000   8.00832507542852e+01   1.39310007293249e+04
   0.00000   8.80747467906841e+01   1.96264413477200e+04
   0.00000   7.85189930866913e+02   4.67646270486509e+03
   1.00000   1.04448895081576e+03   0.00000000000000e+00
   3.00000   1.71403375254069e+02   1.24474800425092e+09
   5.00000   2.03269311702795e+03   6.89918931452763e+17
   7.00000   6.02022281559264e+01   1.30446056774856e+11
   8.00000   1.74818078288997e+01   2.81992803623980e+06
   8.00000   1.92263149094426e+01   4.48967815201150e+06
  10.00000   7.42675259147992e+00   0.00000000000000e+00
  10.00000   8.16786716087009e+00   6.57104600057135e+01
  10.00000   2.55755616550576e+01   1.47053817238547e+08
  10.00000   2.81277432619478e+01   2.86652664244207e+09
  10.00000   7.28168661854395e+01   3.04571716735848e+14
  10.00000   1.06529729012071e+02   2.40472436158843e+16
  10.00000   3.03303643019278e+02   4.94625591311702e+20
STATE 30 +5 20 Br
   0.00000   2.86881049825959e+00   9.33428074132755e-01
   0.00000   5.07645006385853e+00   3.92210197564924e+01
   0.00000   5.58302828317653e+00   2.99138731898132e+01
   0.00000   2.11449060998126e+01   1.68709491273429e+03
   0.00000   8.00832507542852e+01   1.27174384360500e+04
   0.00000   8.80747467906841e+01   2.09600874143205e+04
   0.00000   7.13945420391557e+02   4.88855415606348e+03
   3.00000   1.71403375254069e+02   1.09040132295145e+09
   4.00000   1.88507693336399e+02   1.46705741772199e+10
   7.00000   6.02022281559264e+01   2.00706702909409e+11
   8.00000   1.92263149094426e+01   4.36741810307357e+06
   9.00000   1.92263149094426e+01   1.33606228134921e+07
   9.00000   6.62097998161556e+01   1.14777941751200e+13
  10.00000   8.16786716087009e+00   1.14064297211273e+02
  10.00000   8.98293744619355e+00   7.83136403103641e+01
  10.00000   2.81277432619478e+01   3.57474101097096e+09
  10.00000   7.28168661854395e+01   0.00000000000000e+00
  10.00000   1.06529729012071e+02   1.94125291292593e+16
  10.00000   3.03303643019278e+02   4.07087897783426e+20
  10.00000   2.70396424823080e+03   3.18229342490640e+30
STATE 31 +4 20 Br
   0.00000   2.60850787393861e+00   0.00000000000000e+00
   0.00000   2.86881049825959e+00   2.08067209990686e+00
   0.00000   5.07645006385853e+00   1.54908134744247e+01
   0.00000   5.58302828317653e+00   5.47828164335035e+01
   0.00000   2.11449060998126e+01   1.68296305715414e+03
   0.00000   8.00832507542852e+01   1.30576606289242e+04
   0.00000   8.80747467906841e+01   2.06278177374347e+04
   0.00000   7.13945420391557e+02   5.18310226979774e+03
   3.00000   1.71403375254069e+02   9.64278162804768e+08
   4.00000   1.88507693336399e+02   2.06501043451090e+10
   7.00000   6.02022281559264e+01   1.92674411568692e+11
   8.00000   5.58302828317653e+00   1.41427765011144e+00
   8.00000   1.92263149094426e+01   4.99432289620509e+06
   9.00000   1.92263149094426e+01   1.28486341407138e+07
   9.00000   6.62097998161556e+01   9.11913786422525e+12
  10.00000   8.16786716087009e+00   1.69540334097539e+02
  10.00000   2.81277432619478e+01   3.56465616891297e+09
  10.00000   7.28168661854395e+01   5.13660674567364e+13
  10.00000   1.06529729012071e+02   2.00717227842685e+16
  10.00000   3.03303643019278e+02   3.57615470506035e+20
STATE 32 +3 20 Br
   0.00000   2.60850787393861e+00   2.01554504926392e+00
   0.00000   5.58302828317653e+00   7.35971720732275e+01
   0.00000   2.11449060998126e+01   1.67915835654742e+03
   0.00000   8.00832507542852e+01   1.29048749084831e+04
   0.00000   8.80747467906841e+01   2.07318323865582e+04
   0.00000   8.63543920761704e+02   2.66329473420808e+03
   1.00000   1.14871835249324e+03   5.15734482661705e+06
   3.00000   1.71403375254069e+02   1.28928678918785e+09
   7.00000   6.02022281559264e+01   1.41343533099770e+11
   8.00000   5.58302828317653e+00   2.30241479058259e+00
   8.00000   1.92263149094426e+01   5.60693710058674e+06
   8.00000   6.62097998161556e+01   0.00000000000000e+00
   9.00000   5.58302828317653e+00   4.64681854184644e-01
   9.00000   1.92263149094426e+01   1.24128875845378e+07
  10.00000   7.42675259147992e+00   0.00000000000000e+00
  10.00000   8.16786716087009e+00   1.87145114064313e+02
  10.00000   2.81277432619478e+01   3.46214528723994e+09
  10.00000   7.28168661854395e+01   2.87393797841694e+14
  10.00000   1.06529729012071e+02   2.33921932160880e+16
  10.00000   3.03303643019278e+02   5.39636089928580e+20
STATE 33 +2 23 Br
   0.00000   2.37182390838560e+00   1.59194767173107e+00
   0.00000   5.58302828317653e+00   7.40309936749532e+01
   0.00000   2.11449060998126e+01   1.68634051533069e+03
   0.00000   8.00832507542852e+01   1.22603203060607e+04
   0.00000   8.80747467906841e+01   2.14087989557956e+04
   0.00000   9.49716844001266e+02   3.48614744201918e+03
   1.00000   1.26334879112335e+03   6.17563268382474e+06
   1.00000   1.38941818468267e+03   0.00000000000000e+00
   2.00000   1.41709821423277e+02   0.00000000000000e+00
   3.00000   1.71403375254069e+02   1.31617881492211e+09
   7.00000   4.61583641417395e+00   3.42329023085678e-01
   7.00000   6.02022281559264e+01   1.46516856817285e+11
   8.00000   1.92263149094426e+01   5.45444721454769e+06
   8.00000   6.62097998161556e+01   0.00000000000000e+00
   9.00000   1.92263149094426e+01   1.27568503216042e+07
  10.00000   5.58302828317653e+00   5.27660847079961e-01
  10.00000   7.42675259147992e+00   2.55379947509828e+01
  10.00000   8.16786716087009e+00   1.76721903663053e+02
  10.00000   2.81277432619478e+01   3.51015922898449e+09
  10.00000   7.28168661854395e+01   2.77939359800921e+14
  10.00000   1.06529729012071e+02   2.29166078024285e+16
  10.00000   3.03303643019278e+02   5.72692664555109e+20
  10.00000   5.90263044001828e+02   0.00000000000000e+00
STATE 34 +1 22 Br
   0.00000   1.96093421151463e+00   0.00000000000000e+00
   0.00000   2.15661555351010e+00   2.34127455359564e+00
   0.00000   5.58302828317653e+00   0.00000000000000e+00
   0.00000   6.14015786989876e+00   8.10374125703605e+01
   0.00000   2.11449060998126e+01   1.68025064950050e+03
   0.00000   8.00832507542852e+01   1.16728312411430e+04
   0.00000   8.80747467906841e+01   2.19784225743918e+04
   0.00000   7.13945420391557e+02   4.78278055745197e+03
   3.00000   1.71403375254069e+02   1.36467848836267e+09
   7.00000   4.61583641417395e+00   1.31347939775045e-01
   7.00000   6.02022281559264e+01   2.07881562537095e+11
   8.00000   1.92263149094426e+01   1.23611632115577e+06
   9.00000   1.92263149094426e+01   2.10134020870604e+07
   9.00000   6.62097998161556e+01   7.39930351070644e+12
   9.00000   2.70396424823080e+03   2.06159903523797e+28
  10.00000   5.07645006385853e+00   1.38540443737750e-01
  10.00000   7.42675259147992e+00   6.22112993703411e+01
  10.00000   2.81277432619478e+01   4.16971299757167e+09
  10.00000   7.28168661854395e+01   4.66397924531219e+13
  10.00000   1.06529729012071e+02   1.86249378209876e+16
  10.00000   3.03303643019278e+02   5.89504301090620e+20
  10.00000   5.36705299603381e+02   2.81318683263350e+22
STATE 35 +0 23 Br
   0.00000   1.78300809137260e+00   1.22407127137250e+00
   0.00000   1.96093421151463e+00   4.71036426440663e-01
   0.00000   5.58302828317653e+00   0.00000000000000e+00
   0.00000   6.14015786989876e+00   8.39235669410906e+01
   0.00000   2.11449060998126e+01   1.67055305261578e+03
   0.00000   8.00832507542852e+01   1.22442407401940e+04
   0.00000   8.80747467906841e+01   2.14178711127986e+04
   0.00000   8.63543920761704e+02   7.04817581576922e+03
   0.00000   9.49716844001266e+02   0.00000000000000e+00
   1.00000   1.26334879112335e+03   1.06284275865992e+06
   3.00000   1.71403375254069e+02   1.32706778908353e+09
   7.00000   4.19701672121244e+00   4.59323339047313e-02
   7.00000   6.02022281559264e+01   1.59547592710220e+11
   8.00000   4.61583641417395e+00   2.45631768998385e-01
   8.00000   1.92263149094426e+01   1.46612977480903e+06
   8.00000   6.62097998161556e+01   0.00000000000000e+00
   9.00000   1.92263149094426e+01   2.09893296275874e+07
  10.00000   7.42675259147992e+00   4.96882395102560e+01
  10.00000   2.81277432619478e+01   4.07379685192179e+09
  10.00000   7.28168661854395e+01   2.50144740145583e+14
  10.00000   1.06529729012071e+02   2.19068536230784e+16
  10.00000   3.03303643019278e+02   5.76157509345075e+20
  10.00000   5.90263044001828e+02   0.00000000000000e+00
STATE 36 -1 23 Br
   0.00000   1.47412358624876e+00   2.39477497015659e-01
   0.00000   1.62122616619790e+00   1.10263698112760e+00
   0.00000   6.14015786989876e+00   8.29267669386289e+01
   0.00000   2.11449060998126e+01   1.68271471860096e+03
   0.00000   8.00832507542852e+01   1.12755581885576e+04
   0.00000   8.80747467906841e+01   2.24005406208900e+04
   0.00000   7.13945420391557e+02   5.39451793334084e+03
   3.00000   1.71403375254069e+02   1.35845702161109e+09
   7.00000   6.02022281559264e+01   2.10491603481090e+11
   8.00000   5.07645006385853e+00   4.03287530961383e-01
   8.00000   1.74818078288997e+01   4.24344783948505e+05
   8.00000   1.92263149094426e+01   0.00000000000000e+00
   9.00000   1.92263149094426e+01   2.15100711197685e+07
   9.00000   6.62097998161556e+01   7.56081788766190e+12
  10.00000   1.96093421151463e+00   0.00000000000000e+00
  10.00000   2.15661555351010e+00   3.02469662717308e-07
  10.00000   6.75288333768372e+00   0.00000000000000e+00
  10.00000   7.42675259147992e+00   4.05244037361441e+01
  10.00000   2.81277432619478e+01   4.30103851527807e+09
  10.00000   7.28168661854395e+01   3.82381816004196e+13
  10.00000   1.06529729012071e+02   1.83333518618895e+16
  10.00000   3.03303643019278e+02   6.37028063007489e+20
  10.00000   5.36705299603381e+02   5.15438010523700e+22
# orbitals: 1s2
CORE 2 5 Br
   0.00000   6.62097998161556e+01   1.34891702961022e+04
   0.00000   7.28168661854395e+01   1.04413336163204e+04
   0.00000   9.68637130633466e+01   5.18935450630676e+03
   0.00000   1.06529729012071e+02   0.00000000000000e+00
   0.00000   2.07318848851935e+02   3.11286539337196e+03
# orbitals: 1s2 2s2
CORE 4 14 Br
   0.00000   1.74818078288997e+01   1.56112765927495e+01
   0.00000   1.92263149094426e+01   9.43585782635097e+01
   0.00000   7.28168661854395e+01   1.22102263586122e+04
   0.00000   8.00832507542852e+01   2.15067137931730e+04
   0.00000   5.36705299603381e+02   5.16421090597765e+03
   0.00000   5.90263044001828e+02   0.00000000000000e+00
   4.00000   3.40215666419986e+01   6.58154788987533e+06
   4.00000   1.71403375254069e+02   2.68508427931511e+10
   5.00000   4.11503683746222e+01   0.00000000000000e+00
   7.00000   5.47397558216732e+01   1.87499439171825e+10
  10.00000   8.00832507542852e+01   0.00000000000000e+00
  10.00000   8.80747467906841e+01   5.92018552380556e+14
  10.00000   2.50759969140521e+02   5.24907250816488e+19
  10.00000   2.03269311702795e+03   2.39998554036195e+29
# orbitals: 1s2 2s2 2p6
CORE 10 15 Br
   0.00000   1.92263149094426e+01   1.23476770090683e+02
   0.00000   2.11449060998126e+01   1.34268354880162e+03
   0.00000   8.00832507542852e+01   1.47534053754781e+04
   0.00000   8.80747467906841e+01   1.86567961200745e+04
   0.00000   7.85189930866913e+02   2.58306242656391e+03
   1.00000   1.04448895081576e+03   2.99421830131621e+06
   3.00000   3.09346067030985e+01   1.53887260562725e+06
   3.00000   1.71403375254069e+02   1.06345921212357e+09
   4.00000   3.74165738677394e+01   1.09245995784657e+07
   4.00000   1.88507693336399e+02   3.03801707360958e+10
   7.00000   6.02022281559264e+01   8.57925166947629e+10
  10.00000   8.80747467906841e+01   0.00000000000000e+00
  10.00000   9.68637130633466e+01   2.40967524435945e+15
  10.00000   2.75783270275268e+02   2.99361269694327e+20
  10.00000   3.03303643019278e+02   0.00000000000000e+00
# orbitals: 1s2 2s2 2p6 3s2
CORE 12 19 Br
   0.00000   6.75288333768372e+00   2.49485022449756e+00
   0.00000   1.74818078288997e+01   4.81811287963653e+02
   0.00000   1.92263149094426e+01   1.04553447440841e+03
   0.00000   8.80747467906841e+01   3.44421292347174e+04
   0.00000   8.63543920761704e+02   5.19043810961295e+03
   1.00000   1.26334879112335e+03   0.00000000000000e+00
   2.00000   1.41709821423277e+02   0.00000000000000e+00
   3.00000   1.71403375254069e+02   2.52459534317474e+09
   6.00000   5.47397558216732e+01   0.00000000000000e+00
   7.00000   5.47397558216732e+01   1.13088966379061e+11
   8.00000   1.58955892695008e+01   2.17415233124861e+05
   8.00000   6.02022281559264e+01   0.00000000000000e+00
  10.00000   2.32549532282084e+01   1.65876540752825e+07
  10.00000   2.55755616550576e+01   3.14768587098963e+08
  10.00000   9.68637130633466e+01   4.65521328467134e+15
  10.00000   1.06529729012071e+02   3.13331124357183e+15
  10.00000   2.75783270275268e+02   4.40657414238003e+20
  10.00000   3.03303643019278e+02   1.98756325109250e+19
  10.00000   5.36705299603381e+02   0.00000000000000e+00
# orbitals: 1s2 2s2 2p6 3s2 3p6
CORE 18 21 Br
   0.00000   6.14015786989876e+00   5.29711595530744e+00
   0.00000   6.75288333768372e+00   2.23091632657579e+01
   0.00000   2.11449060998126e+01   1.71288899681029e+03
   0.00000   8.00832507542852e+01   1.65153859152904e+04
   0.00000   8.80747467906841e+01   1.69816027424345e+04
   0.00000   7.13945420391557e+02   5.15222202535228e+03
   3.00000   1.71403375254069e+02   5.54387795268835e+08
   4.00000   1.88507693336399e+02   2.90387691524371e+10
   5.00000   1.19494386511799e+01   7.41805934329543e+03
   6.00000   1.44532968613792e+01   0.00000000000000e+00
   6.00000   5.47397558216732e+01   2.13363050006134e+10
   7.00000   1.58955892695008e+01   5.76347612403818e+05
   9.00000   6.62097998161556e+01   0.00000000000000e+00
  10.00000   2.55755616550576e+01   4.95798291814595e+08
  10.00000   2.81277432619478e+01   1.21373950792541e+09
  10.00000   6.62097998161556e+01   3.87693168446556e+13
  10.00000   1.06529729012071e+02   1.37443051988015e+16
  10.00000   3.03303643019278e+02   3.36871489708674e+20
  10.00000   5.36705299603381e+02   6.14242295945809e+22
  10.00000   2.45861901183000e+03   9.13209867974187e+29
  10.00000   2.70396424823080e+03   0.00000000000000e+00
# orbitals: 1s2 2s2 2p6 3s2 3p6 3d10
CORE 28 21 Br
   0.00000   5.58302828317653e+00   7.89190088036137e+01
   0.00000   2.11449060998126e+01   1.41977091682274e+03
   0.00000   2.32549532282084e+01   2.79430604349996e+02
   0.00000   8.00832507542852e+01   1.30500793283776e+04
   0.00000   8.80747467906841e+01   2.04959258356152e+04
   0.00000   9.49716844001266e+02   9.78719619886619e+03
   1.00000   1.38941818468267e+03   0.00000000000000e+00
   2.00000   2.19957971139106e-01   7.26893531555736e-14
   2.00000   1.41709821423277e+02   0.00000000000000e+00
   3.00000   1.71403375254069e+02   1.24971488524330e+09
   6.00000   1.44532968613792e+01   2.46934926744911e+05
   7.00000   1.44532968613792e+01   3.75966058189509e+04
   7.00000   6.02022281559264e+01   1.21416817570022e+11
  10.00000   4.28062981059487e-01   2.24829040612022e-22
  10.00000   4.70779324168011e-01   0.00000000000000e+00
  10.00000   2.55755616550576e+01   5.37597353933856e+08
  10.00000   2.81277432619478e+01   1.66648070651515e+09
  10.00000   7.28168661854395e+01   3.23798678225277e+14
  10.00000   1.06529729012071e+02   2.45298744303844e+16
  10.00000   3.03303643019278e+02   5.35966804380590e+20
  10.00000   5.90263044001828e+02   0.00000000000000e+00
# orbitals: 1s2 2s2 2p6 3s2 3p6 3d10 4s2
CORE 30 20 Br
   0.00000   2.37182390838560e+00   1.62574492095878e-01
   0.00000   2.60850787393861e+00   1.11448303507303e+00
   0.00000   5.58302828317653e+00   7.62880742984481e+01
   0.00000   2.11449060998126e+01   1.64549233950176e+03
   0.00000   8.00832507542852e+01   1.56801511869104e+04
   0.00000   8.80747467906841e+01   1.79363753013780e+04
   0.00000   7.13945420391557e+02   5.35427236271241e+03
   3.00000   1.71403375254069e+02   6.31331882191837e+08
   4.00000   1.88507693336399e+02   3.14734969715992e+10
   7.00000   6.02022281559264e+01   1.29345680415810e+11
   8.00000   1.74818078288997e+01   3.92823006214339e+06
   8.00000   1.92263149094426e+01   5.56372362654315e+05
  10.00000   5.58302828317653e+00   1.89631360698082e-01
  10.00000   7.42675259147992e+00   6.96556075895249e+00
  10.00000   8.16786716087009e+00   6.96054186743856e+01
  10.00000   2.55755616550576e+01   3.32114268306642e+08
  10.00000   2.81277432619478e+01   2.80131227145155e+09
  10.00000   7.28168661854395e+01   3.07086774142987e+14
  10.00000   1.06529729012071e+02   2.45971143274039e+16
  10.00000   3.03303643019278e+02   2.06047075842178e+20
