# Free-atom, free-ion and frozen-core density fits -- Og (Z = 118)
#
#   rho(r) = sum_i c_i r^n_i exp(-alpha_i r)      r in bohr, rho in e/bohr^3
#
# All-electron B86BPBE densities (scalar-relativistic, spin-restricted),
# fitted with rhofit.py (monotone decay imposed).  Two kinds of block:
#
#   STATE <N> <q> <nterm> <symbol>
#     the atom or ion with N electrons (charge q), in order of increasing N;
#   CORE <N_core> <nterm> <symbol>
#     the frozen core of the neutral atom with N_core electrons, for a
#     pseudopotential with Z - N_core valence electrons, in order of
#     increasing N_core, each preceded by a '# orbitals:' comment.
#
# Each block header is followed by nterm lines:   n   alpha   c
#
# Generated 2026-09-23 by combine_fits.py from
#   /home/alberto/doc/manuals/critic2/atomic_density_fits/15_rhofit/rho_b86bpbe_mono/fit_118_Og.dat
#     recipe: --npow 0,1,2,3,4,5,6,7,8,9,10 --amin 0.2 --ratio 1.1 --mom 3 --cusp none --targetz 1e-3 --besteffort --monotone --stats
#   /home/alberto/doc/manuals/critic2/atomic_density_fits/15_rhofit/core_b86bpbe_mono/core_118_Og.dat
#     recipe: --npow 0,1,2,3,4,5,6,7,8,9,10 --amin 0.2 --ratio 1.1 --mom 3 --cusp none --besteffort --monotone --stats --target 1e-3*N_core
#
STATE 117 +1 34 Og
   0.00000   1.77594984340426e+00   1.12873241377716e+00
   0.00000   1.95283481605870e+00   6.59352020949244e-01
   0.00000   3.45202861994437e+00   4.86848006020267e+01
   0.00000   3.79585138628484e+00   0.00000000000000e+00
   0.00000   3.06531484350862e+01   8.70236914801111e+03
   0.00000   3.37062083752921e+01   1.21529493761171e+04
   0.00000   1.15814375898991e+02   2.30865850119303e+05
   0.00000   5.29077728446602e+02   6.44243029079087e+06
   0.00000   1.36731195469523e+03   0.00000000000000e+00
   0.00000   1.50349650890129e+03   1.51029972801691e+07
   0.00000   2.92244344511720e+03   5.44166654863894e+06
   0.00000   3.21351941823296e+03   0.00000000000000e+00
   0.00000   4.27253242905409e+03   3.71036070556341e+07
   0.00000   4.69807754491713e+03   2.61665196226638e+06
   0.00000   2.36000000000000e+04   5.01881136956107e+08
   3.00000   2.36000000000000e+04   4.73167554327109e+18
   4.00000   2.36000000000000e+04   4.94621513132611e+23
   8.00000   3.79585138628484e+00   6.09293004514249e-02
   9.00000   1.15814375898991e+02   3.62133893638124e+16
   9.00000   3.61893037707987e+02   5.52259837721167e+21
  10.00000   5.04677147794854e+00   9.76195266948425e-03
  10.00000   5.54943096362349e+00   1.09272536649925e+00
  10.00000   1.43415662583198e+01   3.57422953374250e+05
  10.00000   1.57699892314382e+01   6.12662625763083e+05
  10.00000   2.53516051493114e+01   2.07257562648588e+09
  10.00000   2.78766302789548e+01   1.24337919569517e+10
  10.00000   5.41856099753907e+01   3.23890543872612e+12
  10.00000   5.95825079645750e+01   4.73886199853711e+14
  10.00000   1.40033549530298e+02   5.48288532340428e+18
  10.00000   1.53980920100116e+02   4.05033740768790e+18
  10.00000   3.61893037707987e+02   2.84806617375779e+23
  10.00000   5.29077728446602e+02   2.23299921804904e+25
  10.00000   1.36731195469523e+03   1.44993495459403e+29
  10.00000   1.50349650890129e+03   6.18791988888446e+29
STATE 118 +0 33 Og
   0.00000   1.61508685750143e+00   1.46643996104032e+00
   0.00000   3.45202861994437e+00   4.15403600263665e+01
   0.00000   3.79585138628484e+00   8.52359035281384e+00
   0.00000   3.06531484350862e+01   8.59813800153996e+03
   0.00000   3.37062083752921e+01   1.22694878144791e+04
   0.00000   1.15814375898991e+02   2.30805187305354e+05
   0.00000   5.29077728446602e+02   6.44376587094751e+06
   0.00000   1.36731195469523e+03   0.00000000000000e+00
   0.00000   1.50349650890129e+03   1.50813693782130e+07
   0.00000   2.92244344511720e+03   0.00000000000000e+00
   0.00000   3.21351941823296e+03   1.28277942958481e+07
   0.00000   4.69807754491713e+03   3.52370807134993e+07
   0.00000   2.36000000000000e+04   4.94135526095299e+08
   3.00000   2.36000000000000e+04   4.24807132576543e+18
   4.00000   2.36000000000000e+04   4.52183781389098e+23
   9.00000   3.45202861994437e+00   3.41928798857007e-03
   9.00000   1.15814375898991e+02   3.62284334010004e+16
   9.00000   3.61893037707987e+02   5.51465968278630e+21
  10.00000   3.79585138628484e+00   0.00000000000000e+00
  10.00000   5.04677147794854e+00   2.56399437945415e-01
  10.00000   5.54943096362349e+00   4.84970503760499e-01
  10.00000   1.43415662583198e+01   4.22060063907629e+05
  10.00000   1.57699892314382e+01   5.53834517764442e+05
  10.00000   2.53516051493114e+01   2.10053118828983e+09
  10.00000   2.78766302789548e+01   1.23644361053970e+10
  10.00000   5.41856099753907e+01   3.11243951978775e+12
  10.00000   5.95825079645750e+01   4.74065020275657e+14
  10.00000   1.40033549530298e+02   5.48569722150237e+18
  10.00000   1.53980920100116e+02   4.04895852545278e+18
  10.00000   3.61893037707987e+02   2.84968866678256e+23
  10.00000   5.29077728446602e+02   2.23465449690778e+25
  10.00000   1.36731195469523e+03   1.49595381756382e+29
  10.00000   1.50349650890129e+03   6.03600840384382e+29
STATE 119 -1 53 Og
   0.00000   6.55169381125538e+01   0.00000000000000e+00
   0.00000   7.20424387338026e+01   7.62885969883995e+04
   0.00000   7.92178805700204e+01   9.52478324102461e+04
   0.00000   8.71079979009864e+01   0.00000000000000e+00
   0.00000   2.36000000000000e+04   6.58498047337620e+08
   1.00000   5.81773979906584e+02   1.09787789413051e+09
   1.00000   6.39718788938791e+02   5.18571294976245e+08
   2.00000   1.36731195469523e+03   3.22665600343521e+12
   2.00000   1.50349650890129e+03   0.00000000000000e+00
   3.00000   2.41699910365492e+03   1.03612263049090e+16
   3.00000   2.36000000000000e+04   2.35392323850630e+20
   4.00000   3.53358661862700e+03   1.35973483970354e+19
   4.00000   2.36000000000000e+04   1.44907031309484e+24
   5.00000   4.27253242905409e+03   0.00000000000000e+00
   6.00000   7.37824194257270e+00   0.00000000000000e+00
   6.00000   2.47537485892741e+02   4.50209310112918e+15
   8.00000   2.36000000000000e+04   2.44175853449042e+38
   9.00000   5.54943096362349e+00   1.44507712502071e+00
   9.00000   8.11311636996534e+00   9.69975964592429e+02
   9.00000   1.07867880289416e+01   1.89770643448955e+04
   9.00000   5.41856099753907e+01   2.86682082613689e+13
   9.00000   1.15814375898991e+02   1.01099799177635e+17
   9.00000   3.61893037707987e+02   0.00000000000000e+00
  10.00000   1.61508685750143e+00   1.63870562933676e-08
  10.00000   1.77594984340426e+00   1.95592969708314e-07
  10.00000   3.45202861994437e+00   1.31709305706906e-03
  10.00000   3.79585138628484e+00   7.82831443837618e-03
  10.00000   5.54943096362349e+00   3.11921016056537e+00
  10.00000   8.11311636996534e+00   8.73278130175285e+01
  10.00000   1.30425277863693e+01   2.75824430775593e+05
  10.00000   1.43415662583198e+01   8.24430406812876e+05
  10.00000   1.90678190940551e+01   4.57869358150521e+07
  10.00000   2.09669778296229e+01   1.10514965436132e+08
  10.00000   2.78766302789548e+01   2.18466164709506e+10
  10.00000   3.06531484350862e+01   2.62743063923856e+09
  10.00000   5.95825079645750e+01   8.74136822445438e+13
  10.00000   7.20424387338026e+01   2.65532321962708e+14
  10.00000   7.92178805700204e+01   1.46528942362925e+15
  10.00000   1.27349511753174e+02   8.25940289307709e+17
  10.00000   1.53980920100116e+02   7.64500998639889e+18
  10.00000   1.69317451670739e+02   4.56013524808350e+19
  10.00000   3.97937659303888e+02   4.09541416467041e+23
  10.00000   4.81154627752798e+02   3.81359741120601e+23
  10.00000   5.29077728446602e+02   8.43463991065575e+24
  10.00000   1.13083172727830e+03   1.13565832695564e+28
  10.00000   1.24346280179838e+03   1.71579975049543e+28
  10.00000   6.24632561763288e+03   4.38956196318297e+37
  10.00000   8.30479772810668e+03   2.30923758147441e+39
  10.00000   9.13195730386410e+03   6.43682910333593e+39
  10.00000   1.21413872591288e+04   3.99167855881895e+41
  10.00000   1.33506719477106e+04   4.63801800969990e+41
  10.00000   1.77503762767432e+04   3.17650967206068e+43
  10.00000   1.95183174345290e+04   5.00284925209700e+43
# orbitals: 1s2
CORE 2 15 Og
   0.00000   1.05324076081811e+02   0.00000000000000e+00
   0.00000   1.15814375898991e+02   3.04119889869512e+02
   0.00000   2.72192270815695e+02   8.94315962118019e+05
   0.00000   2.99302677429257e+02   0.00000000000000e+00
   0.00000   4.37572332684760e+02   1.07799589166516e+06
   0.00000   4.81154627752798e+02   1.37608545108217e+06
   0.00000   8.50537655291071e+02   4.12116239349579e+06
   0.00000   1.50349650890129e+03   7.16568559491570e+06
   0.00000   1.65324507294478e+03   6.33005184326811e+05
   0.00000   2.65773271555484e+03   0.00000000000000e+00
   0.00000   2.92244344511720e+03   1.56833188198838e+07
   0.00000   5.68054241519305e+03   3.64130226727413e+07
   0.00000   6.24632561763288e+03   0.00000000000000e+00
   0.00000   1.61425726896203e+04   0.00000000000000e+00
   0.00000   1.77503762767432e+04   2.30047330776695e+08
# orbitals: 1s2 2s2
CORE 4 16 Og
   0.00000   9.57839725541687e+01   1.29434597762310e+04
   0.00000   1.05324076081811e+02   5.44023066202364e+04
   0.00000   3.97937659303888e+02   9.38539740102119e+05
   0.00000   4.37572332684760e+02   3.20007749997455e+06
   0.00000   1.02840261370888e+03   8.24151277535985e+06
   0.00000   2.19807079653950e+03   1.29308250863933e+07
   0.00000   2.41699910365492e+03   4.91568070436552e+06
   0.00000   5.16600704255887e+03   4.34382830225790e+07
   0.00000   5.68054241519305e+03   0.00000000000000e+00
   0.00000   2.36000000000000e+04   4.48813033169198e+08
   4.00000   2.36000000000000e+04   3.42599432217892e+23
   5.00000   1.86181504965898e+02   1.48324079785386e+13
   6.00000   2.25115895974832e+02   9.88421183865771e+13
  10.00000   3.97937659303888e+02   1.87160081023270e+23
  10.00000   1.13083172727830e+03   1.03969493134087e+28
  10.00000   1.24346280179838e+03   2.64817754980360e+28
# orbitals: 1s2 2s2 2p6
CORE 10 19 Og
   0.00000   8.71079979009864e+01   7.05283585089383e+04
   0.00000   9.57839725541687e+01   7.90390160015015e+04
   0.00000   4.37572332684760e+02   5.06919574507358e+05
   0.00000   4.81154627752798e+02   4.71392376482143e+06
   0.00000   1.24346280179838e+03   4.77319431380045e+06
   0.00000   1.36731195469523e+03   7.71413277091113e+06
   0.00000   2.92244344511720e+03   0.00000000000000e+00
   0.00000   3.21351941823296e+03   2.62109150354829e+07
   0.00000   6.24632561763288e+03   3.17053441762840e+07
   0.00000   6.86846094435346e+03   0.00000000000000e+00
   0.00000   2.36000000000000e+04   4.42647611963160e+08
   3.00000   1.40033549530298e+02   1.55152299924903e+10
   4.00000   1.69317451670739e+02   0.00000000000000e+00
   4.00000   2.36000000000000e+04   3.57747844456257e+23
   7.00000   2.72192270815695e+02   1.62354068808494e+17
  10.00000   3.97937659303888e+02   6.11037719627016e+22
  10.00000   4.37572332684760e+02   5.19974447202731e+23
  10.00000   1.24346280179838e+03   8.71204928617716e+28
  10.00000   1.36731195469523e+03   9.62873613814346e+28
# orbitals: 1s2 2s2 2p6 3s2
CORE 12 20 Og
   0.00000   4.48140650797991e+01   0.00000000000000e+00
   0.00000   4.92775552541496e+01   1.14951506756780e+04
   0.00000   7.92178805700204e+01   7.45109756717991e+03
   0.00000   8.71079979009864e+01   1.34562853646988e+05
   0.00000   4.81154627752798e+02   5.32507573587864e+06
   0.00000   5.29077728446602e+02   0.00000000000000e+00
   0.00000   1.24346280179838e+03   9.91409725731170e+06
   0.00000   1.36731195469523e+03   1.68460788260268e+06
   0.00000   2.92244344511720e+03   2.35870351748143e+07
   0.00000   3.21351941823296e+03   0.00000000000000e+00
   0.00000   5.68054241519305e+03   3.42244888374142e+07
   0.00000   2.36000000000000e+04   4.70361753824523e+08
   3.00000   2.36000000000000e+04   0.00000000000000e+00
   4.00000   2.36000000000000e+04   4.10755225119467e+23
   7.00000   2.72192270815695e+02   4.42407159196012e+17
   9.00000   9.57839725541687e+01   2.29366960365370e+14
  10.00000   1.27349511753174e+02   3.35224740120175e+17
  10.00000   3.29113286162998e+02   3.31728844130016e+22
  10.00000   4.81154627752798e+02   4.28491808092101e+24
  10.00000   1.36731195469523e+03   2.23170531448064e+29
# orbitals: 1s2 2s2 2p6 3s2 3p6
CORE 18 23 Og
   0.00000   3.70633537186085e+01   1.06071751261163e+03
   0.00000   4.07548714342388e+01   5.63233413324564e+03
   0.00000   9.57839725541687e+01   1.90619480144018e+05
   0.00000   4.81154627752798e+02   4.54451980350358e+06
   0.00000   5.29077728446602e+02   7.89195853254619e+05
   0.00000   1.24346280179838e+03   8.46847772626406e+06
   0.00000   1.36731195469523e+03   3.76645031794654e+06
   0.00000   3.21351941823296e+03   2.97960230809368e+07
   0.00000   3.53358661862700e+03   0.00000000000000e+00
   0.00000   5.68054241519305e+03   8.16868098137230e+06
   0.00000   6.24632561763288e+03   1.48123913178914e+07
   0.00000   2.36000000000000e+04   4.82445022903753e+08
   4.00000   2.36000000000000e+04   4.86693056059780e+23
   6.00000   2.72192270815695e+02   0.00000000000000e+00
   7.00000   7.92178805700204e+01   1.42499885634658e+12
   7.00000   2.99302677429257e+02   6.42602032058220e+17
   8.00000   8.71079979009864e+01   1.20438780762769e+14
   8.00000   2.99302677429257e+02   5.00286152698850e+19
  10.00000   1.27349511753174e+02   8.95757466859418e+17
  10.00000   1.40033549530298e+02   1.20530748589454e+18
  10.00000   5.29077728446602e+02   1.45944722553311e+25
  10.00000   1.36731195469523e+03   1.22198409987963e+29
  10.00000   1.50349650890129e+03   0.00000000000000e+00
# orbitals: 1s2 2s2 2p6 3s2 3p6 3d10
CORE 28 22 Og
   0.00000   3.70633537186085e+01   4.97010158642211e+03
   0.00000   4.07548714342388e+01   1.84898397910647e+04
   0.00000   9.57839725541687e+01   4.30708058510947e+04
   0.00000   1.05324076081811e+02   1.31808933852396e+05
   0.00000   4.81154627752798e+02   3.10863050467819e+06
   0.00000   5.29077728446602e+02   2.68804611236128e+06
   0.00000   1.36731195469523e+03   1.30214630853900e+07
   0.00000   1.50349650890129e+03   0.00000000000000e+00
   0.00000   3.21351941823296e+03   2.49367886290737e+07
   0.00000   5.68054241519305e+03   2.91769986255008e+07
   0.00000   6.24632561763288e+03   0.00000000000000e+00
   0.00000   2.36000000000000e+04   4.75690857636070e+08
   4.00000   2.36000000000000e+04   4.28147507178501e+23
   7.00000   7.92178805700204e+01   9.27897544034030e+12
   7.00000   8.71079979009864e+01   1.68250424776333e+13
   7.00000   2.99302677429257e+02   9.43670974087635e+17
  10.00000   1.27349511753174e+02   5.77149968149315e+17
  10.00000   1.40033549530298e+02   3.53387769526784e+18
  10.00000   3.61893037707987e+02   1.99754256113843e+23
  10.00000   5.29077728446602e+02   1.27841285061011e+25
  10.00000   1.36731195469523e+03   2.79710195028156e+29
  10.00000   1.50349650890129e+03   0.00000000000000e+00
# orbitals: 1s2 2s2 2p6 3s2 3p6 3d10 4s2
CORE 30 21 Og
   0.00000   2.78766302789548e+01   6.36189667396855e+03
   0.00000   3.06531484350862e+01   8.60805187045773e+03
   0.00000   1.05324076081811e+02   1.50458233725942e+05
   0.00000   1.15814375898991e+02   5.43190250886038e+04
   0.00000   4.81154627752798e+02   2.82751462103431e+06
   0.00000   5.29077728446602e+02   2.94685685502279e+06
   0.00000   1.36731195469523e+03   1.37662481821735e+07
   0.00000   1.50349650890129e+03   0.00000000000000e+00
   0.00000   3.53358661862700e+03   1.51423592501549e+07
   0.00000   3.88553257854768e+03   2.67094298808263e+07
   0.00000   6.86846094435346e+03   0.00000000000000e+00
   0.00000   2.36000000000000e+04   5.16165405718944e+08
   4.00000   2.36000000000000e+04   5.96590301657681e+23
   8.00000   3.29113286162998e+02   3.57211151290946e+19
   9.00000   1.05324076081811e+02   1.35132995249364e+16
  10.00000   5.95825079645750e+01   1.43390808913787e+13
  10.00000   1.27349511753174e+02   7.25150204332161e+16
  10.00000   1.40033549530298e+02   4.14231744477465e+18
  10.00000   3.61893037707987e+02   3.57226986202475e+23
  10.00000   5.29077728446602e+02   2.07538828121421e+25
  10.00000   1.50349650890129e+03   5.13166954469197e+29
# orbitals: 1s2 2s2 2p6 3s2 3p6 3d10 4s2 4p6
CORE 36 28 Og
   0.00000   2.30552931690527e+01   1.23771345843984e+03
   0.00000   3.37062083752921e+01   1.44334648249912e+04
   0.00000   1.05324076081811e+02   2.03154929768184e+05
   0.00000   4.81154627752798e+02   4.03341675919190e+06
   0.00000   5.29077728446602e+02   1.35239750421381e+06
   0.00000   1.24346280179838e+03   1.10794414245888e+07
   0.00000   2.41699910365492e+03   0.00000000000000e+00
   0.00000   2.65773271555484e+03   1.58869631535369e+07
   0.00000   3.88553257854768e+03   1.84482140147845e+07
   0.00000   4.27253242905409e+03   0.00000000000000e+00
   0.00000   2.36000000000000e+04   5.37518171263344e+08
   3.00000   2.36000000000000e+04   3.00441925892131e+19
   4.00000   2.36000000000000e+04   7.31159743611672e+23
   8.00000   3.29113286162998e+02   3.79502461890434e+19
   9.00000   4.07548714342388e+01   1.16844145825751e+10
   9.00000   1.15814375898991e+02   8.01453957555618e+16
   9.00000   2.36000000000000e+04   1.53010152639093e+40
  10.00000   4.48140650797991e+01   4.59222321127550e+11
  10.00000   5.41856099753907e+01   1.89932369955266e+13
  10.00000   5.95825079645750e+01   5.70952347574449e+13
  10.00000   1.27349511753174e+02   0.00000000000000e+00
  10.00000   1.40033549530298e+02   6.38016522882076e+17
  10.00000   1.53980920100116e+02   6.79627130942293e+18
  10.00000   3.61893037707987e+02   3.44400587440860e+23
  10.00000   5.29077728446602e+02   2.24515952504110e+25
  10.00000   1.36731195469523e+03   6.60209787066748e+28
  10.00000   1.50349650890129e+03   0.00000000000000e+00
  10.00000   2.36000000000000e+04   8.45829796896526e+43
# orbitals: 1s2 2s2 2p6 3s2 3p6 3d10 4s2 4p6 4d10
CORE 46 26 Og
   0.00000   1.90678190940551e+01   8.05272873183924e+01
   0.00000   3.70633537186085e+01   2.54327294005269e+04
   0.00000   1.05324076081811e+02   0.00000000000000e+00
   0.00000   1.15814375898991e+02   2.13694458242258e+05
   0.00000   4.81154627752798e+02   1.93642691659586e+06
   0.00000   5.29077728446602e+02   4.00164536019261e+06
   0.00000   1.36731195469523e+03   1.27168041297724e+07
   0.00000   2.92244344511720e+03   1.43681986392916e+07
   0.00000   3.88553257854768e+03   1.91016825654573e+07
   0.00000   4.27253242905409e+03   0.00000000000000e+00
   0.00000   2.36000000000000e+04   5.34179966421575e+08
   3.00000   2.36000000000000e+04   2.77543695751307e+19
   4.00000   2.36000000000000e+04   7.08674224284839e+23
   9.00000   4.07548714342388e+01   1.37151473656612e+11
   9.00000   3.61893037707987e+02   5.00018767812488e+21
   9.00000   2.36000000000000e+04   1.21081424368135e+40
  10.00000   4.07548714342388e+01   1.46820144772891e+11
  10.00000   5.41856099753907e+01   5.37466782037581e+13
  10.00000   5.95825079645750e+01   8.16061751879904e+13
  10.00000   1.27349511753174e+02   2.50387607949092e+18
  10.00000   1.53980920100116e+02   1.00355976208943e+19
  10.00000   3.61893037707987e+02   2.85049564432518e+23
  10.00000   5.29077728446602e+02   2.17115811740992e+25
  10.00000   1.36731195469523e+03   9.65264992292009e+28
  10.00000   1.50349650890129e+03   3.02668319106983e+29
  10.00000   2.36000000000000e+04   7.93153348081894e+43
# orbitals: 1s2 2s2 2p6 3s2 3p6 3d10 4s2 4p6 4d10 4f14
CORE 60 26 Og
   0.00000   1.73406834288692e+01   1.19100620005002e+03
   0.00000   1.90678190940551e+01   2.28371377335036e+03
   0.00000   4.07548714342388e+01   1.83857857377653e+04
   0.00000   1.05324076081811e+02   1.92952991545223e+05
   0.00000   4.81154627752798e+02   2.83536672858234e+06
   0.00000   5.29077728446602e+02   2.98374068106160e+06
   0.00000   1.36731195469523e+03   1.33521686440876e+07
   0.00000   1.50349650890129e+03   0.00000000000000e+00
   0.00000   3.21351941823296e+03   2.11177258413225e+07
   0.00000   4.69807754491713e+03   2.50312421976993e+07
   0.00000   2.36000000000000e+04   5.04186448533879e+08
   3.00000   2.36000000000000e+04   8.04969243645234e+17
   4.00000   2.36000000000000e+04   5.39251115382125e+23
   9.00000   4.07548714342388e+01   2.23654592518666e+11
   9.00000   1.27349511753174e+02   2.18127936779704e+17
   9.00000   3.61893037707987e+02   6.83710357927580e+21
  10.00000   4.07548714342388e+01   2.31016535890642e+11
  10.00000   5.41856099753907e+01   6.03890803610138e+13
  10.00000   5.95825079645750e+01   1.27880176732894e+14
  10.00000   1.27349511753174e+02   7.71326154872519e+17
  10.00000   1.40033549530298e+02   0.00000000000000e+00
  10.00000   3.61893037707987e+02   2.02553221238598e+23
  10.00000   5.29077728446602e+02   1.58996223960817e+25
  10.00000   5.81773979906584e+02   7.09605081113078e+24
  10.00000   1.36731195469523e+03   1.90723795514613e+29
  10.00000   1.50349650890129e+03   0.00000000000000e+00
# orbitals: 1s2 2s2 2p6 3s2 3p6 3d10 4s2 4p6 4d10 4f14 5s2
CORE 62 29 Og
   0.00000   1.43415662583198e+01   7.16418582998489e+02
   0.00000   1.57699892314382e+01   1.59765057647355e+03
   0.00000   4.07548714342388e+01   2.04911275954829e+04
   0.00000   4.48140650797991e+01   0.00000000000000e+00
   0.00000   1.05324076081811e+02   1.91873726363704e+05
   0.00000   4.81154627752798e+02   2.69239519785125e+06
   0.00000   5.29077728446602e+02   3.17426463032600e+06
   0.00000   1.36731195469523e+03   1.32240831411306e+07
   0.00000   1.50349650890129e+03   0.00000000000000e+00
   0.00000   2.92244344511720e+03   6.00130262528053e+06
   0.00000   3.53358661862700e+03   2.66836355299621e+07
   0.00000   3.88553257854768e+03   0.00000000000000e+00
   0.00000   2.36000000000000e+04   5.36556030152219e+08
   3.00000   2.36000000000000e+04   3.15358870580127e+19
   4.00000   2.36000000000000e+04   6.96110375474744e+23
   6.00000   2.78766302789548e+01   6.71883557240917e+07
   7.00000   3.37062083752921e+01   1.90215385735478e+09
   9.00000   1.27349511753174e+02   2.48928840876553e+17
   9.00000   3.61893037707987e+02   7.18728108038052e+21
   9.00000   2.36000000000000e+04   1.87834259674061e+40
  10.00000   5.41856099753907e+01   4.46038318073846e+13
  10.00000   5.95825079645750e+01   1.38829392779710e+14
  10.00000   1.27349511753174e+02   5.00880339432785e+17
  10.00000   3.61893037707987e+02   1.89908976123921e+23
  10.00000   5.29077728446602e+02   1.56970189672265e+25
  10.00000   5.81773979906584e+02   7.80013116794707e+24
  10.00000   1.36731195469523e+03   1.99697837871791e+29
  10.00000   1.50349650890129e+03   0.00000000000000e+00
  10.00000   2.36000000000000e+04   6.35922886021304e+43
# orbitals: 1s2 2s2 2p6 3s2 3p6 3d10 4s2 4p6 4d10 4f14 5s2 5p6
CORE 68 27 Og
   0.00000   1.07867880289416e+01   0.00000000000000e+00
   0.00000   1.18611543533142e+01   1.39573221893543e+03
   0.00000   4.48140650797991e+01   2.81957277738066e+04
   0.00000   1.05324076081811e+02   1.83369210080101e+05
   0.00000   4.81154627752798e+02   1.23165347922338e+06
   0.00000   5.29077728446602e+02   5.09144029003107e+06
   0.00000   1.50349650890129e+03   1.57171851965562e+07
   0.00000   3.53358661862700e+03   1.59596529991229e+07
   0.00000   4.69807754491713e+03   3.14960266972564e+07
   0.00000   5.16600704255887e+03   0.00000000000000e+00
   0.00000   2.36000000000000e+04   4.93169825915055e+08
   3.00000   2.14623458982210e+04   7.13320938714180e+18
   4.00000   2.36000000000000e+04   4.14210965738832e+23
   9.00000   2.53516051493114e+01   4.85164661781186e+08
   9.00000   1.27349511753174e+02   2.82928200863133e+17
   9.00000   3.61893037707987e+02   1.24549442849209e+22
  10.00000   2.78766302789548e+01   5.81538637469148e+08
  10.00000   3.06531484350862e+01   6.07240419062968e+09
  10.00000   5.41856099753907e+01   3.86758750418404e+13
  10.00000   5.95825079645750e+01   2.09056670156100e+14
  10.00000   1.27349511753174e+02   5.41659802735727e+17
  10.00000   1.40033549530298e+02   0.00000000000000e+00
  10.00000   3.61893037707987e+02   2.54633939300569e+22
  10.00000   5.29077728446602e+02   5.32948175245168e+24
  10.00000   5.81773979906584e+02   2.55276172144007e+25
  10.00000   1.36731195469523e+03   3.93446628892896e+29
  10.00000   1.50349650890129e+03   0.00000000000000e+00
# orbitals: 1s2 2s2 2p6 3s2 3p6 3d10 4s2 4p6 4d10 4f14 5s2 5p6 5d10
CORE 78 28 Og
   0.00000   8.92118444270589e+00   0.00000000000000e+00
   0.00000   9.80973626304803e+00   3.81770541103332e+02
   0.00000   3.37062083752921e+01   2.08646001520149e+04
   0.00000   3.70633537186085e+01   0.00000000000000e+00
   0.00000   1.05324076081811e+02   1.92986901913759e+05
   0.00000   4.81154627752798e+02   2.68724508397559e+06
   0.00000   5.29077728446602e+02   3.18386212899314e+06
   0.00000   1.36731195469523e+03   1.32338001541904e+07
   0.00000   1.50349650890129e+03   0.00000000000000e+00
   0.00000   3.21351941823296e+03   2.38124483517833e+07
   0.00000   3.53358661862700e+03   0.00000000000000e+00
   0.00000   5.16600704255887e+03   2.59511272514324e+07
   0.00000   2.36000000000000e+04   4.96897641747180e+08
   3.00000   2.36000000000000e+04   0.00000000000000e+00
   4.00000   2.36000000000000e+04   4.98370313187424e+23
   8.00000   1.90678190940551e+01   5.68415291838832e+06
   9.00000   1.90678190940551e+01   7.90014517483358e+06
   9.00000   3.61893037707987e+02   1.37561344043700e+22
  10.00000   2.53516051493114e+01   1.29687314641512e+09
  10.00000   2.78766302789548e+01   8.56495353527285e+09
  10.00000   5.41856099753907e+01   3.81472023086099e+13
  10.00000   5.95825079645750e+01   3.17360394545530e+14
  10.00000   1.27349511753174e+02   7.87337390128423e+17
  10.00000   1.40033549530298e+02   7.52000700849647e+18
  10.00000   5.29077728446602e+02   4.41534004392892e+24
  10.00000   5.81773979906584e+02   3.05198715026125e+25
  10.00000   1.36731195469523e+03   2.39459477571654e+29
  10.00000   1.50349650890129e+03   0.00000000000000e+00
# orbitals: 1s2 2s2 2p6 3s2 3p6 3d10 4s2 4p6 4d10 4f14 5s2 5p6 5d10 6s2
CORE 80 26 Og
   0.00000   7.37824194257270e+00   1.38187210276990e+02
   0.00000   8.11311636996534e+00   1.64590150881542e+02
   0.00000   3.37062083752921e+01   2.08154297243996e+04
   0.00000   3.70633537186085e+01   0.00000000000000e+00
   0.00000   1.05324076081811e+02   2.04772893531589e+05
   0.00000   5.29077728446602e+02   6.51855993408715e+06
   0.00000   1.50349650890129e+03   1.49208980133374e+07
   0.00000   3.21351941823296e+03   0.00000000000000e+00
   0.00000   3.53358661862700e+03   2.59640705098826e+07
   0.00000   5.68054241519305e+03   2.67027599156201e+07
   0.00000   6.24632561763288e+03   0.00000000000000e+00
   0.00000   2.36000000000000e+04   4.83139219836996e+08
   4.00000   2.36000000000000e+04   4.22372396982067e+23
   7.00000   3.29113286162998e+02   0.00000000000000e+00
   9.00000   1.73406834288692e+01   2.94275086757383e+06
   9.00000   3.61893037707987e+02   1.26353306121186e+22
  10.00000   1.73406834288692e+01   1.32678144477091e+06
  10.00000   2.53516051493114e+01   1.46664446733538e+09
  10.00000   2.78766302789548e+01   5.78674663754368e+09
  10.00000   5.41856099753907e+01   2.67456305246534e+13
  10.00000   5.95825079645750e+01   3.38464584350503e+14
  10.00000   1.27349511753174e+02   7.36770506843219e+17
  10.00000   1.40033549530298e+02   7.76472582253055e+18
  10.00000   5.29077728446602e+02   9.40169663475851e+24
  10.00000   5.81773979906584e+02   6.82488824354918e+24
  10.00000   1.50349650890129e+03   1.39050442746818e+30
# orbitals: 1s2 2s2 2p6 3s2 3p6 3d10 4s2 4p6 4d10 4f14 5s2 5p6 5d10 5f14
CORE 92 31 Og
   0.00000   6.70993138526515e+00   1.15272977046346e+02
   0.00000   3.06531484350862e+01   1.64132950583425e+04
   0.00000   3.37062083752921e+01   3.71671193387612e+03
   0.00000   1.05324076081811e+02   0.00000000000000e+00
   0.00000   1.15814375898991e+02   2.30223405783152e+05
   0.00000   4.81154627752798e+02   1.02983047779183e+06
   0.00000   5.29077728446602e+02   5.09240042799507e+06
   0.00000   1.36731195469523e+03   1.01503496224241e+07
   0.00000   1.50349650890129e+03   2.78962814492021e+06
   0.00000   2.92244344511720e+03   0.00000000000000e+00
   0.00000   3.21351941823296e+03   2.77665003327350e+07
   0.00000   4.27253242905409e+03   7.85650482895415e+05
   0.00000   4.69807754491713e+03   0.00000000000000e+00
   0.00000   2.36000000000000e+04   5.50164573208765e+08
   3.00000   2.36000000000000e+04   2.42500863939633e+19
   4.00000   2.36000000000000e+04   8.48863343743734e+23
   8.00000   1.57699892314382e+01   5.03219025934179e+05
   9.00000   1.73406834288692e+01   8.45706605915321e+06
   9.00000   3.61893037707987e+02   6.97235595050031e+21
  10.00000   1.73406834288692e+01   0.00000000000000e+00
  10.00000   2.53516051493114e+01   4.92674388950066e+09
  10.00000   2.78766302789548e+01   3.74678852897071e+09
  10.00000   5.41856099753907e+01   2.81121696664686e+13
  10.00000   5.95825079645750e+01   3.78113654284061e+14
  10.00000   1.27349511753174e+02   7.54625976223456e+17
  10.00000   1.40033549530298e+02   6.90605832877104e+18
  10.00000   3.61893037707987e+02   2.38344832516997e+23
  10.00000   5.29077728446602e+02   2.12979832907092e+25
  10.00000   1.36731195469523e+03   1.59402114085568e+27
  10.00000   1.50349650890129e+03   7.26770722473562e+29
  10.00000   2.36000000000000e+04   1.39564760846008e+44
# orbitals: 1s2 2s2 2p6 3s2 3p6 3d10 4s2 4p6 4d10 4f14 5s2 5p6 5d10 5f14 6s2
CORE 94 31 Og
   0.00000   6.70993138526515e+00   1.63798458249772e+02
   0.00000   7.37824194257270e+00   0.00000000000000e+00
   0.00000   3.06531484350862e+01   1.28204697144419e+04
   0.00000   3.37062083752921e+01   7.86458058057419e+03
   0.00000   1.05324076081811e+02   0.00000000000000e+00
   0.00000   1.15814375898991e+02   2.21832220935626e+05
   0.00000   4.81154627752798e+02   2.26504472951906e+06
   0.00000   5.29077728446602e+02   3.59512661003977e+06
   0.00000   1.36731195469523e+03   1.32743251965144e+07
   0.00000   1.50349650890129e+03   0.00000000000000e+00
   0.00000   3.21351941823296e+03   2.29240788854355e+07
   0.00000   4.69807754491713e+03   7.83352691350194e+06
   0.00000   5.16600704255887e+03   1.81277026180402e+07
   0.00000   2.36000000000000e+04   4.99877640976195e+08
   3.00000   2.36000000000000e+04   0.00000000000000e+00
   4.00000   2.36000000000000e+04   5.10006875158227e+23
   8.00000   1.57699892314382e+01   2.47284277818326e+06
   9.00000   1.73406834288692e+01   2.93202106435490e+06
   9.00000   3.61893037707987e+02   9.30066582849567e+21
  10.00000   1.73406834288692e+01   0.00000000000000e+00
  10.00000   2.53516051493114e+01   4.07146787481140e+09
  10.00000   2.78766302789548e+01   3.68701645823795e+09
  10.00000   5.41856099753907e+01   1.91151702157868e+13
  10.00000   5.95825079645750e+01   3.91633115325448e+14
  10.00000   1.27349511753174e+02   7.18793336191758e+17
  10.00000   1.40033549530298e+02   7.04277491640828e+18
  10.00000   3.61893037707987e+02   1.88557134294857e+23
  10.00000   5.29077728446602e+02   1.51000696990701e+25
  10.00000   5.81773979906584e+02   1.93606832860092e+25
  10.00000   1.36731195469523e+03   1.46789414294009e+29
  10.00000   1.50349650890129e+03   0.00000000000000e+00
# orbitals: 1s2 2s2 2p6 3s2 3p6 3d10 4s2 4p6 4d10 4f14 5s2 5p6 5d10 5f14 6s2 6p6
CORE 100 31 Og
   0.00000   5.04677147794854e+00   2.21989701309425e+01
   0.00000   5.54943096362349e+00   5.79467580465693e+01
   0.00000   3.06531484350862e+01   1.57992960166181e+04
   0.00000   3.37062083752921e+01   4.54068225689723e+03
   0.00000   1.05324076081811e+02   0.00000000000000e+00
   0.00000   1.15814375898991e+02   2.30784410057219e+05
   0.00000   5.29077728446602e+02   6.44400491147991e+06
   0.00000   1.36731195469523e+03   0.00000000000000e+00
   0.00000   1.50349650890129e+03   1.51358070740893e+07
   0.00000   3.21351941823296e+03   0.00000000000000e+00
   0.00000   3.53358661862700e+03   2.33383983863591e+07
   0.00000   5.16600704255887e+03   2.52774664231114e+07
   0.00000   2.36000000000000e+04   4.93613957371520e+08
   3.00000   2.14623458982210e+04   0.00000000000000e+00
   3.00000   2.36000000000000e+04   8.31483789965531e+17
   4.00000   8.92118444270589e+00   6.38295864914285e+03
   4.00000   2.36000000000000e+04   4.66899165720172e+23
   9.00000   3.61893037707987e+02   8.58405582487881e+21
  10.00000   1.57699892314382e+01   0.00000000000000e+00
  10.00000   1.73406834288692e+01   4.32415675390228e+06
  10.00000   2.53516051493114e+01   2.08679299452158e+09
  10.00000   2.78766302789548e+01   1.05287430880090e+10
  10.00000   5.41856099753907e+01   1.41255661184030e+13
  10.00000   5.95825079645750e+01   4.25263427693372e+14
  10.00000   1.27349511753174e+02   6.85474377560521e+17
  10.00000   1.40033549530298e+02   7.25871178244964e+18
  10.00000   3.61893037707987e+02   1.96925738785670e+23
  10.00000   5.29077728446602e+02   1.75084935978721e+25
  10.00000   5.81773979906584e+02   8.34566244504625e+24
  10.00000   1.36731195469523e+03   1.47731766441455e+29
  10.00000   1.50349650890129e+03   6.42998702461523e+29
# orbitals: 1s2 2s2 2p6 3s2 3p6 3d10 4s2 4p6 4d10 4f14 5s2 5p6 5d10 5f14 6s2 6p6 6d10
CORE 110 33 Og
   0.00000   3.45202861994437e+00   1.12529465655128e+01
   0.00000   3.79585138628484e+00   3.81590746643842e+01
   0.00000   3.06531484350862e+01   1.18575184471666e+04
   0.00000   3.37062083752921e+01   9.17029427197495e+03
   0.00000   1.05324076081811e+02   0.00000000000000e+00
   0.00000   1.15814375898991e+02   2.29625120042722e+05
   0.00000   5.29077728446602e+02   6.44561020301565e+06
   0.00000   1.36731195469523e+03   0.00000000000000e+00
   0.00000   1.50349650890129e+03   1.51302580607782e+07
   0.00000   3.21351941823296e+03   0.00000000000000e+00
   0.00000   3.53358661862700e+03   2.33813236544582e+07
   0.00000   5.16600704255887e+03   2.51934959392744e+07
   0.00000   2.36000000000000e+04   4.93756940880106e+08
   3.00000   5.54943096362349e+00   5.16344471899825e+01
   3.00000   2.36000000000000e+04   7.77636131621980e+17
   4.00000   6.10215543830043e+00   0.00000000000000e+00
   4.00000   2.36000000000000e+04   4.67980650672948e+23
   5.00000   7.37824194257270e+00   7.43186013774456e+02
   9.00000   1.15814375898991e+02   2.36806950676912e+16
   9.00000   3.61893037707987e+02   8.30036243469069e+21
  10.00000   1.30425277863693e+01   0.00000000000000e+00
  10.00000   1.43415662583198e+01   3.67078978775967e+05
  10.00000   2.53516051493114e+01   2.52692558362030e+09
  10.00000   2.78766302789548e+01   1.18059241817893e+10
  10.00000   5.41856099753907e+01   7.88910548769023e+12
  10.00000   5.95825079645750e+01   4.58182329136306e+14
  10.00000   1.27349511753174e+02   0.00000000000000e+00
  10.00000   1.40033549530298e+02   7.41708772497219e+18
  10.00000   3.61893037707987e+02   2.01790780401723e+23
  10.00000   5.29077728446602e+02   1.79078826501315e+25
  10.00000   5.81773979906584e+02   7.13380772046987e+24
  10.00000   1.36731195469523e+03   1.44994661788258e+29
  10.00000   1.50349650890129e+03   6.54839741740963e+29
# orbitals: 1s2 2s2 2p6 3s2 3p6 3d10 4s2 4p6 4d10 4f14 5s2 5p6 5d10 5f14 6s2 6p6 6d10 7s2
CORE 112 29 Og
   0.00000   3.13934882592392e+00   1.12655691354682e+01
   0.00000   3.45202861994437e+00   4.13181436061839e+01
   0.00000   3.06531484350862e+01   1.09182898521329e+04
   0.00000   3.37062083752921e+01   1.02377560437700e+04
   0.00000   1.05324076081811e+02   0.00000000000000e+00
   0.00000   1.15814375898991e+02   2.31681464507833e+05
   0.00000   5.29077728446602e+02   6.39700218771525e+06
   0.00000   1.36731195469523e+03   3.95274852270592e+06
   0.00000   1.50349650890129e+03   9.85280568969254e+06
   0.00000   2.92244344511720e+03   1.29207882476562e+07
   0.00000   3.21351941823296e+03   0.00000000000000e+00
   0.00000   4.69807754491713e+03   3.58405535534305e+07
   0.00000   2.36000000000000e+04   4.96848446736302e+08
   3.00000   2.36000000000000e+04   1.28516874563138e+18
   4.00000   6.10215543830043e+00   9.31101360501970e+01
   4.00000   2.36000000000000e+04   4.81635798340409e+23
   9.00000   1.15814375898991e+02   2.38980113863835e+16
   9.00000   3.61893037707987e+02   7.99322917072548e+21
  10.00000   1.30425277863693e+01   0.00000000000000e+00
  10.00000   1.43415662583198e+01   1.66786119911029e+05
  10.00000   2.53516051493114e+01   2.31405749955161e+09
  10.00000   2.78766302789548e+01   1.12909598075540e+10
  10.00000   5.41856099753907e+01   4.90910446178397e+12
  10.00000   5.95825079645750e+01   4.64232250039874e+14
  10.00000   1.40033549530298e+02   7.43692183167375e+18
  10.00000   3.61893037707987e+02   2.03289590589380e+23
  10.00000   5.29077728446602e+02   1.94556735087361e+25
  10.00000   5.81773979906584e+02   1.10687083176392e+24
  10.00000   1.50349650890129e+03   1.06520001880601e+30
