# Free-atom, free-ion and frozen-core density fits -- Fm (Z = 100)
#
#   rho(r) = sum_i c_i r^n_i exp(-alpha_i r)      r in bohr, rho in e/bohr^3
#
# All-electron B86BPBE densities (scalar-relativistic, spin-restricted),
# fitted with rhofit.py (monotone decay imposed).  Two kinds of block:
#
#   STATE <N> <q> <nterm> <symbol>
#     the atom or ion with N electrons (charge q), in order of increasing N;
#   CORE <N_core> <nterm> <symbol>
#     the frozen core of the neutral atom with N_core electrons, for a
#     pseudopotential with Z - N_core valence electrons, in order of
#     increasing N_core, each preceded by a '# orbitals:' comment.
#
# Each block header is followed by nterm lines:   n   alpha   c
#
# Generated 2026-09-23 by combine_fits.py from
#   /home/alberto/doc/manuals/critic2/atomic_density_fits/15_rhofit/rho_b86bpbe_mono/fit_100_Fm.dat
#     recipe: --npow 0,1,2,3,4,5,6,7,8,9,10 --amin 0.2 --ratio 1.1 --mom 3 --cusp none --targetz 1e-3 --besteffort --monotone --stats
#   /home/alberto/doc/manuals/critic2/atomic_density_fits/15_rhofit/core_b86bpbe_mono/core_100_Fm.dat
#     recipe: --npow 0,1,2,3,4,5,6,7,8,9,10 --amin 0.2 --ratio 1.1 --mom 3 --cusp none --besteffort --monotone --stats --target 1e-3*N_core
#
STATE 97 +3 29 Fm
   0.00000   3.15774534141674e+00   2.01024601184640e+01
   0.00000   3.47295708774469e+00   2.45913097889673e+01
   0.00000   1.92531178878537e+01   0.00000000000000e+00
   0.00000   2.11749982979331e+01   3.64753236477200e+03
   0.00000   2.81702256787928e+01   4.38638247906623e+03
   0.00000   7.29480129850605e+01   8.33103955930040e+04
   0.00000   8.02298131551332e+01   0.00000000000000e+00
   0.00000   3.34326261149028e+02   4.30150036319748e+05
   0.00000   3.67699302108942e+02   1.83587572256282e+06
   0.00000   1.15175624084592e+03   0.00000000000000e+00
   0.00000   1.26672659366679e+03   3.58499573894421e+06
   0.00000   3.60768277426452e+03   5.39297328206178e+06
   0.00000   9.34224996504554e+03   8.70951403644042e+06
   0.00000   2.00000000000000e+04   1.75791096759939e+07
   8.00000   6.76013883857014e+00   4.94113494428329e+01
   9.00000   7.43494789957220e+00   0.00000000000000e+00
   9.00000   2.76392251346766e+02   5.07302301105051e+20
  10.00000   9.89110635543522e+00   1.84713583714679e+03
  10.00000   1.92531178878537e+01   3.49581275538577e+07
  10.00000   2.11749982979331e+01   1.69972990323657e+08
  10.00000   4.53316885700132e+01   1.19858657427463e+13
  10.00000   4.98567782061957e+01   1.92793306036432e+12
  10.00000   1.06733984624126e+02   2.69908800641728e+17
  10.00000   1.17388360467752e+02   1.59491154087052e+17
  10.00000   4.04403699268887e+02   3.01078726833776e+23
  10.00000   1.04722080120508e+03   8.03242970533196e+27
  10.00000   1.15175624084592e+03   2.04066405868586e+28
  10.00000   3.96780807397059e+03   2.92668588747076e+33
  10.00000   4.36388172046967e+03   3.75409035917864e+34
STATE 98 +2 27 Fm
   0.00000   2.87114277237283e+00   1.48004169349781e+01
   0.00000   3.15774534141674e+00   2.14724713111723e+01
   0.00000   1.59168250205045e+01   0.00000000000000e+00
   0.00000   1.75056707532191e+01   2.29548086781251e+03
   0.00000   3.40749285879912e+01   8.43826594315927e+03
   0.00000   7.29480129850605e+01   8.18497165451955e+04
   0.00000   3.67699302108942e+02   2.33440449841646e+06
   0.00000   1.26672659366679e+03   3.27121781208801e+06
   0.00000   1.39317349122776e+03   2.36605715886519e+05
   0.00000   3.96780807397059e+03   7.08037202174332e+06
   0.00000   4.36388172046967e+03   0.00000000000000e+00
   0.00000   1.50336021722922e+04   1.39826464046601e+07
   0.00000   1.65342830322002e+04   9.46254497406694e+06
   8.00000   2.76392251346766e+02   1.09073737219393e+19
   9.00000   2.76392251346766e+02   2.53156272960223e+20
  10.00000   2.37361436121341e+00   0.00000000000000e+00
  10.00000   2.61055276092981e+00   7.70854161232188e-08
  10.00000   8.17711759911801e+00   3.72178941901970e+01
  10.00000   8.99337199574094e+00   1.91694023521654e+02
  10.00000   1.92531178878537e+01   3.64386980840177e+07
  10.00000   2.11749982979331e+01   1.77277562320286e+08
  10.00000   4.53316885700132e+01   1.18524545460010e+13
  10.00000   4.98567782061957e+01   7.10321471719922e+11
  10.00000   1.06733984624126e+02   2.83429991558960e+17
  10.00000   1.17388360467752e+02   1.57630619667897e+17
  10.00000   3.03982216590587e+02   0.00000000000000e+00
  10.00000   1.15175624084592e+03   6.17986421987049e+28
STATE 99 +1 31 Fm
   0.00000   1.21942182197730e+00   5.53078701102725e-02
   0.00000   1.34114667324204e+00   4.78287698085350e-02
   0.00000   2.87114277237283e+00   1.12600271389233e+01
   0.00000   3.15774534141674e+00   2.59247613530218e+01
   0.00000   1.59168250205045e+01   0.00000000000000e+00
   0.00000   1.75056707532191e+01   2.04319460552007e+03
   0.00000   3.09822276202416e+01   7.42161295634667e+03
   0.00000   3.40749285879912e+01   0.00000000000000e+00
   0.00000   7.29480129850605e+01   8.05643260529981e+04
   0.00000   3.34326261149028e+02   5.53251846878165e+05
   0.00000   3.67699302108942e+02   1.69342169030500e+06
   0.00000   1.15175624084592e+03   3.41994862330270e+05
   0.00000   1.26672659366679e+03   3.28090436267062e+06
   0.00000   3.96780807397059e+03   6.91902935141174e+06
   0.00000   1.13004597137374e+04   6.38753238864959e+06
   0.00000   2.00000000000000e+04   2.11649772312823e+07
   7.00000   2.51306400293218e+02   0.00000000000000e+00
   9.00000   2.76392251346766e+02   4.97377194374383e+20
  10.00000   3.47295708774469e+00   4.32624342760870e-04
  10.00000   3.81963383022668e+00   1.61670482797073e-03
  10.00000   8.99337199574094e+00   2.01393614082920e+02
  10.00000   1.92531178878537e+01   3.47618155207452e+07
  10.00000   2.11749982979331e+01   1.77929977882760e+08
  10.00000   4.53316885700132e+01   1.18584232660519e+13
  10.00000   4.98567782061957e+01   1.04246688627035e+12
  10.00000   1.06733984624126e+02   2.76249602173664e+17
  10.00000   1.17388360467752e+02   1.64309523246816e+17
  10.00000   4.04403699268887e+02   3.13953449943662e+23
  10.00000   1.04722080120508e+03   9.16278501331274e+27
  10.00000   1.15175624084592e+03   1.36740197223933e+28
  10.00000   4.36388172046967e+03   3.83083383965354e+34
STATE 100 +0 30 Fm
   0.00000   1.00811327701070e+00   0.00000000000000e+00
   0.00000   1.10874493415388e+00   1.46625319598895e-01
   0.00000   2.87114277237283e+00   5.79351603297675e+00
   0.00000   3.15774534141674e+00   3.21405535369146e+01
   0.00000   1.75056707532191e+01   2.03680899210735e+03
   0.00000   3.09822276202416e+01   7.42619703134083e+03
   0.00000   7.29480129850605e+01   8.06300059798412e+04
   0.00000   3.34326261149028e+02   5.25776329480719e+05
   0.00000   3.67699302108942e+02   1.72791997375297e+06
   0.00000   1.26672659366679e+03   3.66069765560251e+06
   0.00000   3.96780807397059e+03   6.80770901109256e+06
   0.00000   4.36388172046967e+03   0.00000000000000e+00
   0.00000   1.24284916655090e+04   9.64097307534472e+06
   0.00000   2.00000000000000e+04   1.63184965161380e+07
   7.00000   2.51306400293218e+02   0.00000000000000e+00
   8.00000   2.37361436121341e+00   7.16465965440617e-05
   9.00000   2.76392251346766e+02   4.97107433472216e+20
  10.00000   3.47295708774469e+00   8.49624074125380e-04
  10.00000   8.99337199574094e+00   6.51926652838874e+01
  10.00000   9.89110635543522e+00   7.82756448773046e+02
  10.00000   1.92531178878537e+01   3.58349665896014e+07
  10.00000   2.11749982979331e+01   1.74644022283652e+08
  10.00000   4.53316885700132e+01   1.18352762094326e+13
  10.00000   4.98567782061957e+01   1.08380239928279e+12
  10.00000   1.06733984624126e+02   2.76179543265070e+17
  10.00000   1.17388360467752e+02   1.65033868008556e+17
  10.00000   4.04403699268887e+02   3.12701607229141e+23
  10.00000   1.04722080120508e+03   9.50509761064742e+27
  10.00000   1.15175624084592e+03   1.33824512592800e+28
  10.00000   4.36388172046967e+03   4.64450902257968e+34
STATE 101 -1 29 Fm
   0.00000   8.33421512530687e-01   3.95691371002144e-02
   0.00000   2.87114277237283e+00   1.32005611706472e+01
   0.00000   3.15774534141674e+00   2.38695294249055e+01
   0.00000   1.75056707532191e+01   2.24731160201816e+03
   0.00000   3.40749285879912e+01   8.67494261449822e+03
   0.00000   7.29480129850605e+01   8.10880302394083e+04
   0.00000   3.34326261149028e+02   0.00000000000000e+00
   0.00000   3.67699302108942e+02   2.34467729577321e+06
   0.00000   1.26672659366679e+03   2.18342852413428e+06
   0.00000   1.39317349122776e+03   1.58647489161737e+06
   0.00000   3.96780807397059e+03   0.00000000000000e+00
   0.00000   4.36388172046967e+03   7.74168859663070e+06
   0.00000   1.50336021722922e+04   1.04327916590278e+07
   0.00000   2.00000000000000e+04   1.52003265850676e+07
   8.00000   2.76392251346766e+02   1.15867227635224e+19
   9.00000   2.76392251346766e+02   2.37299544718964e+20
  10.00000   1.47502231527366e+00   5.14183519651179e-09
  10.00000   1.62226166157937e+00   6.03104393460262e-08
  10.00000   3.15774534141674e+00   1.16034248737115e-04
  10.00000   3.47295708774469e+00   1.29239597415455e-03
  10.00000   8.99337199574094e+00   1.35600676609863e+02
  10.00000   1.92531178878537e+01   3.41559719892669e+07
  10.00000   2.11749982979331e+01   1.78621078735426e+08
  10.00000   4.53316885700132e+01   1.17466410295872e+13
  10.00000   4.98567782061957e+01   1.10445537376147e+12
  10.00000   1.06733984624126e+02   2.86957731837404e+17
  10.00000   1.17388360467752e+02   1.47529665684668e+17
  10.00000   1.04722080120508e+03   4.75552531481047e+27
  10.00000   1.15175624084592e+03   4.70101949542321e+28
# orbitals: 1s2
CORE 2 10 Fm
   0.00000   1.29106275024159e+02   8.79130040888573e+02
   0.00000   2.07758557512573e+02   2.06789229532522e+05
   0.00000   2.28497385583722e+02   4.10315199323796e+05
   0.00000   3.67699302108942e+02   7.31422244446169e+05
   0.00000   4.04403699268887e+02   2.28743128443292e+05
   0.00000   7.15729642002569e+02   0.00000000000000e+00
   0.00000   7.87175045593312e+02   1.37281998185394e+06
   0.00000   1.26672659366679e+03   1.10756481545620e+06
   0.00000   2.98252240400414e+03   0.00000000000000e+00
   0.00000   3.28024308562395e+03   6.54583818712310e+06
# orbitals: 1s2 2s2
CORE 4 18 Fm
   0.00000   7.29480129850605e+01   1.17880007634898e+04
   0.00000   8.02298131551332e+01   8.54087242333782e+03
   0.00000   2.76392251346766e+02   1.72151759752095e+05
   0.00000   3.03982216590587e+02   1.50690872650716e+06
   0.00000   7.87175045593312e+02   7.30403647962341e+05
   0.00000   8.65752256216612e+02   1.57949140708503e+06
   0.00000   2.24190276458734e+03   4.05006614046822e+06
   0.00000   2.46569347888413e+03   0.00000000000000e+00
   0.00000   6.38501948709012e+03   8.31103398415267e+06
   0.00000   7.02238346843027e+03   0.00000000000000e+00
   0.00000   1.81847645198943e+04   0.00000000000000e+00
   0.00000   2.00000000000000e+04   2.12054199906103e+07
   5.00000   1.41993892615894e+02   2.40659007152090e+12
   6.00000   1.56167975076666e+02   0.00000000000000e+00
  10.00000   2.76392251346766e+02   2.55616650482483e+20
  10.00000   3.03982216590587e+02   5.73496678970720e+21
  10.00000   8.65752256216612e+02   6.75260237912816e+26
  10.00000   9.52173183512466e+02   0.00000000000000e+00
# orbitals: 1s2 2s2 2p6
CORE 10 18 Fm
   0.00000   7.29480129850605e+01   6.93588618627102e+04
   0.00000   3.34326261149028e+02   1.94854691719641e+06
   0.00000   3.67699302108942e+02   0.00000000000000e+00
   0.00000   9.52173183512466e+02   0.00000000000000e+00
   0.00000   1.04722080120508e+03   2.79605534263502e+06
   0.00000   2.71182337960621e+03   1.91242911972179e+06
   0.00000   2.98252240400414e+03   2.53115007997072e+06
   0.00000   7.02238346843027e+03   7.17762862598749e+06
   0.00000   7.72337025398128e+03   0.00000000000000e+00
   0.00000   2.00000000000000e+04   2.17199686981895e+07
   3.00000   1.06733984624126e+02   1.21218945309577e+09
   3.00000   1.17388360467752e+02   2.18107854108105e+09
   4.00000   1.29106275024159e+02   8.08537812935659e+10
   8.00000   2.51306400293218e+02   0.00000000000000e+00
   9.00000   2.76392251346766e+02   1.12963648260449e+20
  10.00000   3.34326261149028e+02   9.09435624700946e+21
  10.00000   9.52173183512466e+02   2.98412534260040e+27
  10.00000   1.04722080120508e+03   3.78107998570603e+27
# orbitals: 1s2 2s2 2p6 3s2
CORE 12 20 Fm
   0.00000   3.40749285879912e+01   0.00000000000000e+00
   0.00000   6.03071546665804e+01   4.22788715793659e+04
   0.00000   6.63271219163757e+01   2.40004104698656e+04
   0.00000   3.34326261149028e+02   1.97265752120511e+06
   0.00000   3.67699302108942e+02   0.00000000000000e+00
   0.00000   9.52173183512466e+02   1.55002630200222e+06
   0.00000   1.04722080120508e+03   1.11298488466753e+06
   0.00000   2.71182337960621e+03   4.87570054250443e+06
   0.00000   2.98252240400414e+03   0.00000000000000e+00
   0.00000   7.02238346843027e+03   0.00000000000000e+00
   0.00000   7.72337025398128e+03   8.68887611992631e+06
   0.00000   2.00000000000000e+04   1.98503699354517e+07
   7.00000   2.07758557512573e+02   4.04924384458914e+16
   9.00000   7.29480129850605e+01   1.08998939678288e+13
  10.00000   7.29480129850605e+01   3.58252826898274e+13
  10.00000   9.70466188329874e+01   1.16526471705690e+16
  10.00000   1.06733984624126e+02   1.00681002892009e+16
  10.00000   2.51306400293218e+02   1.04178817147598e+21
  10.00000   3.67699302108942e+02   1.37367044806283e+23
  10.00000   1.04722080120508e+03   7.59293072417493e+27
# orbitals: 1s2 2s2 2p6 3s2 3p6
CORE 18 21 Fm
   0.00000   3.09822276202416e+01   1.60865485616050e+03
   0.00000   7.29480129850605e+01   9.09021032797513e+04
   0.00000   3.34326261149028e+02   8.70875180333371e+05
   0.00000   3.67699302108942e+02   1.27228389532019e+06
   0.00000   1.15175624084592e+03   3.20948240579826e+06
   0.00000   1.26672659366679e+03   0.00000000000000e+00
   0.00000   3.60768277426452e+03   6.62849015580078e+06
   0.00000   3.96780807397059e+03   0.00000000000000e+00
   0.00000   1.13004597137374e+04   8.82427647313808e+06
   0.00000   2.00000000000000e+04   1.75646352911278e+07
   7.00000   6.63271219163757e+01   8.41185973409137e+11
   7.00000   2.28497385583722e+02   1.56517226537898e+16
   8.00000   6.63271219163757e+01   3.07266191074386e+12
   8.00000   2.28497385583722e+02   3.38076246723716e+18
   9.00000   7.29480129850605e+01   0.00000000000000e+00
  10.00000   9.70466188329874e+01   1.53274696692241e+16
  10.00000   1.06733984624126e+02   8.03738526525566e+16
  10.00000   3.67699302108942e+02   1.08554858871475e+23
  10.00000   4.04403699268887e+02   2.29062259228110e+23
  10.00000   1.04722080120508e+03   7.47720388175005e+27
  10.00000   1.15175624084592e+03   7.51704521466280e+27
# orbitals: 1s2 2s2 2p6 3s2 3p6 3d10
CORE 28 20 Fm
   0.00000   3.09822276202416e+01   7.62325353457984e+03
   0.00000   3.40749285879912e+01   5.10896188287554e+03
   0.00000   7.29480129850605e+01   3.86321986669842e+03
   0.00000   8.02298131551332e+01   7.32385006144659e+04
   0.00000   3.34326261149028e+02   9.71071964038574e+05
   0.00000   3.67699302108942e+02   1.16616267642530e+06
   0.00000   1.15175624084592e+03   3.23041076371102e+06
   0.00000   1.26672659366679e+03   0.00000000000000e+00
   0.00000   3.60768277426452e+03   6.53183563609336e+06
   0.00000   3.96780807397059e+03   0.00000000000000e+00
   0.00000   1.02748099430433e+04   7.02840976043494e+06
   0.00000   2.00000000000000e+04   2.02945011302710e+07
   7.00000   6.63271219163757e+01   2.39938536928143e+12
   8.00000   2.51306400293218e+02   4.56446567796238e+18
  10.00000   7.29480129850605e+01   1.09989335599502e+14
  10.00000   1.06733984624126e+02   1.66130545854114e+17
  10.00000   2.76392251346766e+02   6.25515984246660e+21
  10.00000   4.04403699268887e+02   4.19153131994157e+23
  10.00000   1.04722080120508e+03   1.11491221453892e+28
  10.00000   1.15175624084592e+03   0.00000000000000e+00
# orbitals: 1s2 2s2 2p6 3s2 3p6 3d10 4s2
CORE 30 27 Fm
   0.00000   2.32887242227058e+01   5.20533820788566e+03
   0.00000   2.56134460220563e+01   1.73729332076563e+03
   0.00000   8.02298131551332e+01   8.50756511092233e+04
   0.00000   3.34326261149028e+02   1.71399613330709e+06
   0.00000   3.67699302108942e+02   2.30592871498521e+05
   0.00000   9.52173183512466e+02   2.50312347470552e+06
   0.00000   1.04722080120508e+03   0.00000000000000e+00
   0.00000   2.46569347888413e+03   4.27207849154488e+06
   0.00000   2.71182337960621e+03   0.00000000000000e+00
   0.00000   6.38501948709012e+03   6.71513096600754e+06
   0.00000   7.02238346843027e+03   1.23721291786839e+06
   0.00000   2.00000000000000e+04   2.34536986763423e+07
   7.00000   2.28497385583722e+02   8.43439180209124e+16
   8.00000   8.02298131551332e+01   6.71045239111832e+13
   9.00000   8.82384955464904e+01   8.43267646390711e+14
   9.00000   2.51306400293218e+02   1.23719277585933e+20
  10.00000   5.08146189642624e+00   0.00000000000000e+00
  10.00000   8.99337199574094e+00   0.00000000000000e+00
  10.00000   9.89110635543522e+00   1.63117667605042e-01
  10.00000   4.12173040967436e+01   9.74699333132916e+10
  10.00000   4.53316885700132e+01   2.97362577336369e+11
  10.00000   1.06733984624126e+02   6.20458197363895e+16
  10.00000   1.17388360467752e+02   1.49634358948160e+17
  10.00000   2.76392251346766e+02   0.00000000000000e+00
  10.00000   4.04403699268887e+02   4.97316013095187e+23
  10.00000   1.04722080120508e+03   2.78142622098217e+27
  10.00000   1.15175624084592e+03   0.00000000000000e+00
# orbitals: 1s2 2s2 2p6 3s2 3p6 3d10 4s2 4p6
CORE 36 24 Fm
   0.00000   2.56134460220563e+01   5.60405260915271e+03
   0.00000   2.81702256787928e+01   2.61826013784149e+03
   0.00000   8.02298131551332e+01   8.73089747471110e+04
   0.00000   3.34326261149028e+02   1.62646611800495e+06
   0.00000   3.67699302108942e+02   3.27438039764903e+05
   0.00000   9.52173183512466e+02   2.01620117987180e+06
   0.00000   1.04722080120508e+03   6.19645513465230e+05
   0.00000   2.71182337960621e+03   5.09206005382517e+06
   0.00000   6.38501948709012e+03   0.00000000000000e+00
   0.00000   7.02238346843027e+03   2.93848916745805e+06
   0.00000   2.00000000000000e+04   3.46022844334832e+07
   4.00000   2.00000000000000e+04   2.46648610781362e+22
   8.00000   2.51306400293218e+02   4.34704516866217e+18
   9.00000   3.09822276202416e+01   3.32423762160604e+08
   9.00000   9.70466188329874e+01   0.00000000000000e+00
  10.00000   3.40749285879912e+01   1.32951953645351e+10
  10.00000   4.12173040967436e+01   3.38721420655402e+11
  10.00000   4.53316885700132e+01   2.61582743366344e+12
  10.00000   9.70466188329874e+01   6.87513467303748e+16
  10.00000   1.17388360467752e+02   3.94704102135315e+17
  10.00000   2.76392251346766e+02   8.25932335013390e+21
  10.00000   4.04403699268887e+02   6.19230395451460e+23
  10.00000   1.04722080120508e+03   2.08942514753175e+27
  10.00000   1.15175624084592e+03   0.00000000000000e+00
# orbitals: 1s2 2s2 2p6 3s2 3p6 3d10 4s2 4p6 4d10
CORE 46 25 Fm
   0.00000   1.31586644931514e+01   8.25401784073181e+01
   0.00000   3.09822276202416e+01   1.38130429972382e+04
   0.00000   8.82384955464904e+01   8.93378741609574e+04
   0.00000   3.34326261149028e+02   1.10782316747101e+06
   0.00000   3.67699302108942e+02   9.52174828006879e+05
   0.00000   1.04722080120508e+03   2.79386702693931e+06
   0.00000   2.71182337960621e+03   1.80519201930134e+06
   0.00000   2.98252240400414e+03   3.19576400958268e+06
   0.00000   6.38501948709012e+03   0.00000000000000e+00
   0.00000   7.02238346843027e+03   4.21030171087775e+06
   0.00000   2.00000000000000e+04   3.06701923168243e+07
   4.00000   2.00000000000000e+04   1.54060755707151e+22
   9.00000   3.09822276202416e+01   5.22423360399950e+09
   9.00000   9.70466188329874e+01   1.26846555842160e+16
   9.00000   2.76392251346766e+02   2.80891297694980e+20
  10.00000   1.19643607602126e+01   4.25754290940322e+00
  10.00000   3.40749285879912e+01   1.33381622217063e+10
  10.00000   4.12173040967436e+01   7.18556206671642e+11
  10.00000   4.53316885700132e+01   5.04015032624933e+12
  10.00000   1.17388360467752e+02   0.00000000000000e+00
  10.00000   1.29106275024159e+02   3.18381339417893e+16
  10.00000   2.76392251346766e+02   8.04412035530460e+21
  10.00000   4.04403699268887e+02   6.38969578446314e+23
  10.00000   1.04722080120508e+03   3.80252453064245e+27
  10.00000   1.15175624084592e+03   4.26375642506165e+27
# orbitals: 1s2 2s2 2p6 3s2 3p6 3d10 4s2 4p6 4d10 4f14
CORE 60 24 Fm
   0.00000   1.19643607602126e+01   1.24284780413321e+02
   0.00000   1.31586644931514e+01   9.74919681583676e+02
   0.00000   3.09822276202416e+01   1.03842176006486e+04
   0.00000   3.40749285879912e+01   0.00000000000000e+00
   0.00000   8.02298131551332e+01   8.45358366827090e+04
   0.00000   3.34326261149028e+02   7.65644102412476e+05
   0.00000   3.67699302108942e+02   1.40349224343662e+06
   0.00000   1.15175624084592e+03   3.19656494971977e+06
   0.00000   3.28024308562395e+03   2.39300857140901e+06
   0.00000   3.60768277426452e+03   3.64203197806818e+06
   0.00000   7.72337025398128e+03   0.00000000000000e+00
   0.00000   8.49433078501718e+03   5.86383637942955e+06
   0.00000   2.00000000000000e+04   2.32946434345875e+07
   8.00000   2.81702256787928e+01   0.00000000000000e+00
   9.00000   3.09822276202416e+01   1.10299251283890e+10
   9.00000   9.70466188329874e+01   4.84638716038268e+15
   9.00000   2.76392251346766e+02   4.02749244495780e+20
  10.00000   4.12173040967436e+01   7.01344883298794e+11
  10.00000   4.53316885700132e+01   6.88004824156346e+12
  10.00000   1.06733984624126e+02   1.73763641643664e+17
  10.00000   2.76392251346766e+02   3.82414637742961e+21
  10.00000   4.04403699268887e+02   4.52924901763977e+23
  10.00000   1.04722080120508e+03   6.80620081091867e+27
  10.00000   1.15175624084592e+03   1.04100585542104e+28
# orbitals: 1s2 2s2 2p6 3s2 3p6 3d10 4s2 4p6 4d10 4f14 5s2
CORE 62 30 Fm
   0.00000   1.08784541527764e+01   8.69603412120883e+02
   0.00000   3.40749285879912e+01   0.00000000000000e+00
   0.00000   3.74763484572077e+01   1.50272506428792e+04
   0.00000   8.02298131551332e+01   7.55578662601254e+04
   0.00000   3.34326261149028e+02   1.33832979297328e+06
   0.00000   3.67699302108942e+02   7.15625789079257e+05
   0.00000   1.04722080120508e+03   2.86785857721639e+06
   0.00000   1.15175624084592e+03   0.00000000000000e+00
   0.00000   2.98252240400414e+03   5.41030613573041e+06
   0.00000   3.28024308562395e+03   0.00000000000000e+00
   0.00000   7.02238346843027e+03   0.00000000000000e+00
   0.00000   7.72337025398128e+03   2.73413523464776e+06
   0.00000   2.00000000000000e+04   3.39625870212955e+07
   4.00000   1.59168250205045e+01   8.72002396723482e+04
   4.00000   2.00000000000000e+04   2.10247136632319e+22
   5.00000   1.75056707532191e+01   0.00000000000000e+00
   8.00000   2.81702256787928e+01   0.00000000000000e+00
   9.00000   3.09822276202416e+01   5.10431135950092e+09
   9.00000   9.70466188329874e+01   1.08475219108650e+16
   9.00000   2.76392251346766e+02   2.79150423101582e+20
  10.00000   4.12173040967436e+01   4.70483275394322e+11
  10.00000   4.53316885700132e+01   6.95452955495125e+12
  10.00000   1.06733984624126e+02   4.26210156796373e+16
  10.00000   1.29106275024159e+02   2.75817483338244e+17
  10.00000   2.76392251346766e+02   6.77635558476044e+21
  10.00000   4.04403699268887e+02   5.60586674669573e+23
  10.00000   4.44771994519332e+02   0.00000000000000e+00
  10.00000   1.04722080120508e+03   5.61955688494784e+27
  10.00000   1.15175624084592e+03   0.00000000000000e+00
  10.00000   3.60768277426452e+03   5.04873635830394e+32
# orbitals: 1s2 2s2 2p6 3s2 3p6 3d10 4s2 4p6 4d10 4f14 5s2 5p6
CORE 68 27 Fm
   0.00000   8.17711759911801e+00   2.60094456805963e+02
   0.00000   8.99337199574094e+00   2.90591367594423e+02
   0.00000   3.40749285879912e+01   0.00000000000000e+00
   0.00000   3.74763484572077e+01   1.64520184310543e+04
   0.00000   8.02298131551332e+01   7.56932310158272e+04
   0.00000   3.34326261149028e+02   1.05976406427480e+06
   0.00000   3.67699302108942e+02   1.06518703582295e+06
   0.00000   1.15175624084592e+03   3.30622630664498e+06
   0.00000   3.28024308562395e+03   5.02080786898821e+06
   0.00000   7.72337025398128e+03   7.12695101959822e+06
   0.00000   8.49433078501718e+03   0.00000000000000e+00
   0.00000   2.00000000000000e+04   2.19287424061590e+07
   9.00000   1.92531178878537e+01   2.31465983584544e+07
   9.00000   9.70466188329874e+01   1.19214197434346e+16
   9.00000   2.76392251346766e+02   3.50406074504181e+20
  10.00000   1.92531178878537e+01   1.08751524936050e+06
  10.00000   4.12173040967436e+01   1.99019001849567e+11
  10.00000   4.53316885700132e+01   8.83808089639611e+12
  10.00000   1.06733984624126e+02   0.00000000000000e+00
  10.00000   1.17388360467752e+02   1.84298493019868e+17
  10.00000   2.76392251346766e+02   4.63485231834943e+21
  10.00000   4.04403699268887e+02   4.95209212598292e+23
  10.00000   4.44771994519332e+02   9.78924265706253e+21
  10.00000   1.04722080120508e+03   7.48073562179255e+27
  10.00000   1.15175624084592e+03   0.00000000000000e+00
  10.00000   3.60768277426452e+03   4.90729399822749e+33
  10.00000   3.96780807397059e+03   0.00000000000000e+00
# orbitals: 1s2 2s2 2p6 3s2 3p6 3d10 4s2 4p6 4d10 4f14 5s2 5p6 5d10
CORE 78 30 Fm
   0.00000   6.14657664505946e+00   2.94078202810783e+01
   0.00000   6.76013883857014e+00   1.55049646656097e+02
   0.00000   1.75056707532191e+01   1.91622285001298e+02
   0.00000   2.56134460220563e+01   0.00000000000000e+00
   0.00000   2.81702256787928e+01   1.15530811543651e+04
   0.00000   8.02298131551332e+01   0.00000000000000e+00
   0.00000   8.82384955464904e+01   9.44121713240984e+04
   0.00000   3.34326261149028e+02   8.61144573798432e+05
   0.00000   3.67699302108942e+02   1.26108730066432e+06
   0.00000   1.15175624084592e+03   3.27543865182136e+06
   0.00000   2.98252240400414e+03   4.31439887502122e+05
   0.00000   3.28024308562395e+03   4.62107047772369e+06
   0.00000   7.72337025398128e+03   4.53230152332603e+06
   0.00000   2.00000000000000e+04   2.84589458150498e+07
   4.00000   2.00000000000000e+04   1.31260128429490e+22
   9.00000   1.31586644931514e+01   4.47562054754382e+04
   9.00000   2.76392251346766e+02   3.70427651043539e+20
  10.00000   1.44721857451117e+01   2.95788875235995e+05
  10.00000   1.92531178878537e+01   6.63611103623436e+07
  10.00000   2.11749982979331e+01   8.08511195955047e+07
  10.00000   4.53316885700132e+01   1.17087928314552e+13
  10.00000   1.06733984624126e+02   2.77360949133746e+17
  10.00000   1.17388360467752e+02   7.31656474504807e+16
  10.00000   2.76392251346766e+02   6.25682917771814e+21
  10.00000   4.04403699268887e+02   5.69680441735614e+23
  10.00000   4.44771994519332e+02   1.64339188122365e+23
  10.00000   1.04722080120508e+03   5.60823975902277e+27
  10.00000   1.15175624084592e+03   1.81307086879223e+27
  10.00000   3.60768277426452e+03   5.01543135834281e+33
  10.00000   3.96780807397059e+03   0.00000000000000e+00
# orbitals: 1s2 2s2 2p6 3s2 3p6 3d10 4s2 4p6 4d10 4f14 5s2 5p6 5d10 6s2
CORE 80 29 Fm
   0.00000   4.62025940016632e+00   5.07551322677398e+01
   0.00000   5.08146189642624e+00   4.09967670429109e+01
   0.00000   1.59168250205045e+01   7.76965689528590e+02
   0.00000   2.81702256787928e+01   0.00000000000000e+00
   0.00000   3.09822276202416e+01   1.21042259529577e+04
   0.00000   8.82384955464904e+01   9.24109577291518e+04
   0.00000   3.34326261149028e+02   1.05187697155835e+06
   0.00000   3.67699302108942e+02   1.01674001573979e+06
   0.00000   1.04722080120508e+03   2.78956690448825e+06
   0.00000   1.15175624084592e+03   0.00000000000000e+00
   0.00000   2.71182337960621e+03   2.02801148045240e+06
   0.00000   2.98252240400414e+03   2.95898938155952e+06
   0.00000   6.38501948709012e+03   0.00000000000000e+00
   0.00000   7.02238346843027e+03   4.36100731236137e+06
   0.00000   2.00000000000000e+04   3.04733635423107e+07
   4.00000   2.00000000000000e+04   1.51143393342323e+22
   9.00000   9.70466188329874e+01   3.20669463885784e+15
   9.00000   2.76392251346766e+02   2.87946013704801e+20
  10.00000   7.43494789957220e+00   1.66269531107371e+00
  10.00000   1.92531178878537e+01   3.81368256990114e+07
  10.00000   2.11749982979331e+01   1.02639151364574e+08
  10.00000   4.53316885700132e+01   1.12644616874567e+13
  10.00000   4.98567782061957e+01   1.50154936467851e+12
  10.00000   1.06733984624126e+02   2.19191330245723e+17
  10.00000   1.29106275024159e+02   2.28095343359929e+17
  10.00000   2.76392251346766e+02   8.11002694743879e+21
  10.00000   4.04403699268887e+02   6.70278631938516e+23
  10.00000   1.04722080120508e+03   3.17011420418542e+27
  10.00000   1.15175624084592e+03   5.44590441530022e+27
# orbitals: 1s2 2s2 2p6 3s2 3p6 3d10 4s2 4p6 4d10 4f14 5s2 5p6 5d10 6s2 6p6
CORE 86 29 Fm
   0.00000   2.87114277237283e+00   1.17516860018737e+01
   0.00000   3.15774534141674e+00   1.56243487115669e+00
   0.00000   6.76013883857014e+00   1.01062506438711e+02
   0.00000   1.44721857451117e+01   0.00000000000000e+00
   0.00000   1.59168250205045e+01   1.11107364390346e+03
   0.00000   3.09822276202416e+01   9.10587254641739e+03
   0.00000   7.29480129850605e+01   7.83797316888408e+04
   0.00000   3.34326261149028e+02   8.48695224504589e+05
   0.00000   3.67699302108942e+02   1.33090034680411e+06
   0.00000   1.15175624084592e+03   3.15398760034906e+06
   0.00000   1.26672659366679e+03   8.83450885473740e+04
   0.00000   3.60768277426452e+03   6.73446015113109e+06
   0.00000   3.96780807397059e+03   0.00000000000000e+00
   0.00000   1.13004597137374e+04   8.56982334277220e+06
   0.00000   2.00000000000000e+04   1.85341941948894e+07
   7.00000   2.51306400293218e+02   0.00000000000000e+00
   8.00000   6.14657664505946e+00   8.19556311331350e+00
   9.00000   2.76392251346766e+02   4.92597027637841e+20
  10.00000   8.17711759911801e+00   0.00000000000000e+00
  10.00000   8.99337199574094e+00   6.43064860252703e+02
  10.00000   1.92531178878537e+01   1.40163213221229e+07
  10.00000   2.11749982979331e+01   2.45738463232073e+08
  10.00000   4.53316885700132e+01   1.15578959999536e+13
  10.00000   1.06733984624126e+02   2.82915217936137e+17
  10.00000   1.17388360467752e+02   1.64120631455302e+17
  10.00000   4.04403699268887e+02   3.31862519377700e+23
  10.00000   1.04722080120508e+03   7.07836490340119e+27
  10.00000   1.15175624084592e+03   1.18325722163755e+28
  10.00000   4.36388172046967e+03   0.00000000000000e+00
# orbitals: 1s2 2s2 2p6 3s2 3p6 3d10 4s2 4p6 4d10 4f14 5s2 5p6 5d10 5f11
CORE 89 35 Fm
   0.00000   1.78419870084610e+00   5.01206530014064e-03
   0.00000   1.96230058287989e+00   5.03136495256745e-01
   0.00000   3.81963383022668e+00   3.66702730190568e+01
   0.00000   4.20091646064262e+00   0.00000000000000e+00
   0.00000   1.44721857451117e+01   0.00000000000000e+00
   0.00000   1.59168250205045e+01   1.07089412297318e+03
   0.00000   3.40749285879912e+01   1.16973817238784e+04
   0.00000   8.02298131551332e+01   8.19788195161262e+04
   0.00000   3.34326261149028e+02   1.44693102007092e+06
   0.00000   3.67699302108942e+02   5.46082509218347e+05
   0.00000   9.52173183512466e+02   2.34558297280674e+06
   0.00000   2.24190276458734e+03   3.59334569763259e+06
   0.00000   4.79949214156230e+03   0.00000000000000e+00
   0.00000   5.27858596828310e+03   6.01107086185171e+06
   0.00000   2.00000000000000e+04   2.95034180738146e+07
   3.00000   1.81847645198943e+04   1.79879140535050e+18
   3.00000   2.00000000000000e+04   0.00000000000000e+00
   8.00000   2.51306400293218e+02   8.62220938169741e+16
   9.00000   1.31586644931514e+01   8.56043642227241e+04
   9.00000   9.70466188329874e+01   1.26957207990174e+16
  10.00000   1.96230058287989e+00   7.51013441070396e-10
  10.00000   6.76013883857014e+00   1.59086643787674e+00
  10.00000   1.44721857451117e+01   4.12699769654558e+05
  10.00000   1.92531178878537e+01   7.04111581828531e+07
  10.00000   2.11749982979331e+01   1.11731272965251e+08
  10.00000   4.12173040967436e+01   9.78162835215385e+11
  10.00000   4.53316885700132e+01   6.46876979970614e+12
  10.00000   4.98567782061957e+01   1.13047781748662e+13
  10.00000   1.06733984624126e+02   0.00000000000000e+00
  10.00000   1.29106275024159e+02   4.16531777339245e+17
  10.00000   2.76392251346766e+02   1.20239285869987e+22
  10.00000   3.67699302108942e+02   1.24690973041369e+23
  10.00000   4.04403699268887e+02   4.15611640705079e+23
  10.00000   1.04722080120508e+03   2.02442532044429e+26
  10.00000   1.15175624084592e+03   1.14269027584595e+28
# orbitals: 1s2 2s2 2p6 3s2 3p6 3d10 4s2 4p6 4d10 4f14 5s2 5p6 5d10 5f12
CORE 90 35 Fm
   0.00000   1.78419870084610e+00   6.51750996946140e-02
   0.00000   1.96230058287989e+00   3.95715521688827e-01
   0.00000   3.81963383022668e+00   0.00000000000000e+00
   0.00000   4.20091646064262e+00   5.97250372565453e+01
   0.00000   1.59168250205045e+01   1.36149539022091e+03
   0.00000   3.40749285879912e+01   1.30422412466448e+04
   0.00000   8.82384955464904e+01   8.85956476755742e+04
   0.00000   3.34326261149028e+02   1.41792984679535e+06
   0.00000   3.67699302108942e+02   5.56354745185417e+05
   0.00000   9.52173183512466e+02   2.39309579153881e+06
   0.00000   1.04722080120508e+03   0.00000000000000e+00
   0.00000   2.24190276458734e+03   2.59495740341415e+06
   0.00000   2.46569347888413e+03   1.13946068114387e+06
   0.00000   5.27858596828310e+03   5.54895931073703e+06
   0.00000   5.80550379138349e+03   0.00000000000000e+00
   0.00000   2.00000000000000e+04   3.01304260716909e+07
   3.00000   1.81847645198943e+04   2.09636413509720e+18
   3.00000   2.00000000000000e+04   0.00000000000000e+00
   9.00000   1.31586644931514e+01   0.00000000000000e+00
   9.00000   9.70466188329874e+01   4.49377298457382e+15
   9.00000   2.76392251346766e+02   2.71829344121000e+20
  10.00000   4.20091646064262e+00   5.67271305134636e-04
  10.00000   6.76013883857014e+00   1.01008571784321e+00
  10.00000   7.43494789957220e+00   2.19382324398567e+01
  10.00000   1.31586644931514e+01   1.61489692701804e+05
  10.00000   1.92531178878537e+01   9.61106832700184e+07
  10.00000   2.11749982979331e+01   2.21236365702630e+06
  10.00000   4.53316885700132e+01   1.16067091702549e+13
  10.00000   4.98567782061957e+01   7.47936583404353e+11
  10.00000   1.06733984624126e+02   1.89615685860892e+17
  10.00000   1.29106275024159e+02   2.58532528413031e+17
  10.00000   2.76392251346766e+02   8.34320284843853e+21
  10.00000   4.04403699268887e+02   6.85516551622298e+23
  10.00000   1.04722080120508e+03   3.06078594347967e+26
  10.00000   1.15175624084592e+03   6.89034617871979e+27
# orbitals: 1s2 2s2 2p6 3s2 3p6 3d10 4s2 4p6 4d10 4f14 5s2 5p6 5d10 5f11 6s2
CORE 91 33 Fm
   0.00000   1.62226166157937e+00   0.00000000000000e+00
   0.00000   1.78419870084610e+00   2.10503458322225e-01
   0.00000   3.81963383022668e+00   5.05732921312299e+01
   0.00000   4.20091646064262e+00   1.25653067223141e+01
   0.00000   2.11749982979331e+01   9.61072726021002e+02
   0.00000   2.56134460220563e+01   8.36110499238586e+03
   0.00000   2.81702256787928e+01   0.00000000000000e+00
   0.00000   8.02298131551332e+01   8.74808807266890e+04
   0.00000   3.34326261149028e+02   1.09801287338387e+06
   0.00000   3.67699302108942e+02   9.92385074679611e+05
   0.00000   1.04722080120508e+03   1.93175320158098e+06
   0.00000   1.15175624084592e+03   1.02133158769092e+06
   0.00000   2.98252240400414e+03   5.06595663484544e+06
   0.00000   3.28024308562395e+03   0.00000000000000e+00
   0.00000   7.72337025398128e+03   4.55029394944407e+06
   0.00000   2.00000000000000e+04   2.94961241299433e+07
   4.00000   2.00000000000000e+04   1.59621953206160e+22
   9.00000   2.76392251346766e+02   3.52467429505531e+20
  10.00000   3.81963383022668e+00   5.71920642732147e-05
  10.00000   5.58870244469440e+00   0.00000000000000e+00
  10.00000   6.14657664505946e+00   7.08386789112533e-01
  10.00000   1.31586644931514e+01   8.10637755276048e+04
  10.00000   1.92531178878537e+01   6.40299348136445e+07
  10.00000   2.11749982979331e+01   4.43215872231251e+07
  10.00000   4.53316885700132e+01   1.19124814739004e+13
  10.00000   4.98567782061957e+01   1.67300913536903e+12
  10.00000   1.06733984624126e+02   2.62303795103248e+17
  10.00000   1.17388360467752e+02   1.23937126125615e+17
  10.00000   2.76392251346766e+02   5.47150429352470e+21
  10.00000   4.04403699268887e+02   5.54931191937780e+23
  10.00000   1.04722080120508e+03   4.49943509189477e+27
  10.00000   1.15175624084592e+03   5.34728722747612e+27
  10.00000   3.60768277426452e+03   1.45464296636844e+33
# orbitals: 1s2 2s2 2p6 3s2 3p6 3d10 4s2 4p6 4d10 4f14 5s2 5p6 5d10 5f12 6s2
CORE 92 30 Fm
   0.00000   1.62226166157937e+00   0.00000000000000e+00
   0.00000   1.78419870084610e+00   2.50440907192029e-01
   0.00000   3.47295708774469e+00   0.00000000000000e+00
   0.00000   3.81963383022668e+00   6.02411218121495e+01
   0.00000   2.11749982979331e+01   2.86520635296913e+03
   0.00000   2.81702256787928e+01   6.90430146464842e+03
   0.00000   8.02298131551332e+01   8.75400937635352e+04
   0.00000   3.34326261149028e+02   8.49352129441571e+05
   0.00000   3.67699302108942e+02   1.30464092848870e+06
   0.00000   1.15175624084592e+03   3.17321399362579e+06
   0.00000   2.98252240400414e+03   2.69506611057771e+06
   0.00000   3.28024308562395e+03   2.04712964344567e+06
   0.00000   7.72337025398128e+03   7.97229581460612e+06
   0.00000   8.49433078501718e+03   0.00000000000000e+00
   0.00000   2.00000000000000e+04   2.07335442249569e+07
   9.00000   2.76392251346766e+02   3.69649323061317e+20
  10.00000   5.58870244469440e+00   5.27214202674435e-04
  10.00000   6.14657664505946e+00   6.45282031700545e-01
  10.00000   1.31586644931514e+01   9.77911353607678e+04
  10.00000   1.92531178878537e+01   6.68436379940595e+07
  10.00000   2.11749982979331e+01   4.24040118401910e+07
  10.00000   4.53316885700132e+01   1.19080021894434e+13
  10.00000   4.98567782061957e+01   1.46003472619049e+12
  10.00000   1.06733984624126e+02   2.64721046693698e+17
  10.00000   1.17388360467752e+02   1.24222489697142e+17
  10.00000   2.76392251346766e+02   4.91207582751155e+21
  10.00000   4.04403699268887e+02   5.24279387606483e+23
  10.00000   1.04722080120508e+03   6.82214602460544e+27
  10.00000   1.15175624084592e+03   4.90372965002857e+27
  10.00000   3.96780807397059e+03   1.18396661550861e+34
# orbitals: 1s2 2s2 2p6 3s2 3p6 3d10 4s2 4p6 4d10 4f14 5s2 5p6 5d10 5f12 6s2 6p6
CORE 98 29 Fm
   0.00000   2.87114277237283e+00   1.90812263383330e+01
   0.00000   3.15774534141674e+00   1.58190345016412e+01
   0.00000   1.59168250205045e+01   3.39258738537239e+02
   0.00000   1.75056707532191e+01   1.85907151928515e+03
   0.00000   3.40749285879912e+01   8.76405275595500e+03
   0.00000   7.29480129850605e+01   7.85236295247758e+04
   0.00000   3.34326261149028e+02   3.06211547938019e+05
   0.00000   3.67699302108942e+02   1.98938706736393e+06
   0.00000   1.26672659366679e+03   3.61095598450399e+06
   0.00000   1.39317349122776e+03   0.00000000000000e+00
   0.00000   3.96780807397059e+03   3.17244938120644e+06
   0.00000   4.36388172046967e+03   4.54447379591367e+06
   0.00000   1.50336021722922e+04   1.10873152808012e+07
   0.00000   1.65342830322002e+04   0.00000000000000e+00
   0.00000   2.00000000000000e+04   1.49549979867701e+07
   7.00000   2.51306400293218e+02   1.86624305991199e+17
   8.00000   2.76392251346766e+02   0.00000000000000e+00
   9.00000   2.76392251346766e+02   2.39177377334818e+20
  10.00000   3.47295708774469e+00   6.00084470174265e-05
  10.00000   3.81963383022668e+00   2.65346720188701e-04
  10.00000   8.99337199574094e+00   1.67943144438171e+02
  10.00000   1.92531178878537e+01   3.64259066776687e+07
  10.00000   2.11749982979331e+01   1.80838420451867e+08
  10.00000   4.53316885700132e+01   1.18589257411591e+13
  10.00000   4.98567782061957e+01   5.54824923418620e+11
  10.00000   1.06733984624126e+02   2.82616828023789e+17
  10.00000   1.17388360467752e+02   1.58920242555684e+17
  10.00000   1.04722080120508e+03   8.44114297148843e+27
  10.00000   1.15175624084592e+03   2.89346428635213e+28
