# Free-atom, free-ion and frozen-core density fits -- Fr (Z = 87)
#
#   rho(r) = sum_i c_i r^n_i exp(-alpha_i r)      r in bohr, rho in e/bohr^3
#
# All-electron B86BPBE densities (scalar-relativistic, spin-restricted),
# fitted with rhofit.py (monotone decay imposed).  Two kinds of block:
#
#   STATE <N> <q> <nterm> <symbol>
#     the atom or ion with N electrons (charge q), in order of increasing N;
#   CORE <N_core> <nterm> <symbol>
#     the frozen core of the neutral atom with N_core electrons, for a
#     pseudopotential with Z - N_core valence electrons, in order of
#     increasing N_core, each preceded by a '# orbitals:' comment.
#
# Each block header is followed by nterm lines:   n   alpha   c
#
# Generated 2026-09-23 by combine_fits.py from
#   /home/alberto/doc/manuals/critic2/atomic_density_fits/15_rhofit/rho_b86bpbe_mono/fit_087_Fr.dat
#     recipe: --npow 0,1,2,3,4,5,6,7,8,9,10 --amin 0.2 --ratio 1.1 --mom 3 --cusp none --targetz 1e-3 --besteffort --monotone --stats
#   /home/alberto/doc/manuals/critic2/atomic_density_fits/15_rhofit/core_b86bpbe_mono/core_087_Fr.dat
#     recipe: --npow 0,1,2,3,4,5,6,7,8,9,10 --amin 0.2 --ratio 1.1 --mom 3 --cusp none --besteffort --monotone --stats --target 1e-3*N_core
#
STATE 86 +1 34 Fr
   0.00000   2.13843722893639e+00   5.21107834070550e+00
   0.00000   2.35103539260265e+00   1.33611904508605e+00
   0.00000   6.66881134679782e+00   0.00000000000000e+00
   0.00000   7.33180814978142e+00   2.71831240419178e+02
   0.00000   2.76368370863515e+01   1.90011603731832e+03
   0.00000   3.03844233772170e+01   7.96132451615596e+03
   0.00000   6.48563169528568e+01   0.00000000000000e+00
   0.00000   7.13041722837295e+01   4.32565831817778e+04
   0.00000   2.68777053726006e+02   1.00960004296795e+06
   0.00000   8.38193163396425e+02   0.00000000000000e+00
   0.00000   9.21524263755320e+02   1.06731126986339e+06
   0.00000   2.61394255731633e+03   2.18274819925863e+05
   0.00000   2.87381428985764e+03   1.15395181148531e+06
   0.00000   6.74407892134308e+03   1.52313951652127e+06
   0.00000   7.41455864125097e+03   0.00000000000000e+00
   0.00000   1.74000000000000e+04   3.96318440117161e+06
   9.00000   4.56454812328877e+00   0.00000000000000e+00
   9.00000   8.61867022595434e+01   0.00000000000000e+00
   9.00000   2.22365223895897e+02   3.94031379439567e+19
  10.00000   4.56454812328877e+00   2.71476376080406e-02
  10.00000   6.06576766203371e+00   3.84357616626589e+00
  10.00000   1.42347457786886e+01   2.92065340416594e+05
  10.00000   1.56499291527222e+01   3.78911639717495e+06
  10.00000   3.67262274712312e+01   6.18882905645734e+11
  10.00000   4.03774585726728e+01   3.84103123761995e+10
  10.00000   8.61867022595434e+01   1.87810083643860e+16
  10.00000   1.04175497849095e+02   3.96871359355942e+16
  10.00000   2.22365223895897e+02   1.34416526175011e+20
  10.00000   3.24875910648030e+02   2.44101356964182e+22
  10.00000   3.57174273718302e+02   3.43819484342884e+22
  10.00000   8.38193163396425e+02   1.77547145409471e+26
  10.00000   9.21524263755320e+02   2.61873426683587e+26
  10.00000   2.87381428985764e+03   1.83878455075808e+32
  10.00000   3.15952183014652e+03   0.00000000000000e+00
STATE 87 +0 36 Fr
   0.00000   7.53888713991389e-01   1.17215305188154e-02
   0.00000   8.28838473579612e-01   1.41091223769355e-02
   0.00000   1.94506377764004e+00   9.46630752587740e-01
   0.00000   2.13843722893639e+00   4.85566352473285e+00
   0.00000   6.06576766203371e+00   6.15460278702338e+01
   0.00000   8.06071846237083e+00   2.35647838915116e+02
   0.00000   2.76368370863515e+01   0.00000000000000e+00
   0.00000   3.03844233772170e+01   1.02473359153254e+04
   0.00000   6.48563169528568e+01   0.00000000000000e+00
   0.00000   7.13041722837295e+01   4.25089686109550e+04
   0.00000   2.68777053726006e+02   1.01059916749418e+06
   0.00000   8.38193163396425e+02   0.00000000000000e+00
   0.00000   9.21524263755320e+02   1.06576277497634e+06
   0.00000   2.61394255731633e+03   2.03190061328298e+05
   0.00000   2.87381428985764e+03   1.17631916293508e+06
   0.00000   6.74407892134308e+03   1.50438782187730e+06
   0.00000   7.41455864125097e+03   0.00000000000000e+00
   0.00000   1.74000000000000e+04   3.99998150902650e+06
   8.00000   1.76917659676598e+00   2.64880982117056e-06
   9.00000   8.61867022595434e+01   0.00000000000000e+00
   9.00000   2.22365223895897e+02   4.03325027583489e+19
  10.00000   2.35103539260265e+00   1.23585889770857e-06
  10.00000   6.06576766203371e+00   2.79488206992226e+00
  10.00000   1.42347457786886e+01   2.77952166778460e+05
  10.00000   1.56499291527222e+01   3.76095707715194e+06
  10.00000   3.67262274712312e+01   6.19465973577032e+11
  10.00000   4.03774585726728e+01   2.70204889784404e+10
  10.00000   8.61867022595434e+01   1.89062331306408e+16
  10.00000   1.04175497849095e+02   4.01139366179926e+16
  10.00000   2.22365223895897e+02   1.10606718092915e+20
  10.00000   3.24875910648030e+02   2.30922206227668e+22
  10.00000   3.57174273718302e+02   3.59854457066081e+22
  10.00000   8.38193163396425e+02   1.91818151931206e+26
  10.00000   9.21524263755320e+02   2.57196920303983e+26
  10.00000   2.87381428985764e+03   1.74668665722729e+32
  10.00000   3.15952183014652e+03   0.00000000000000e+00
STATE 88 -1 37 Fr
   0.00000   7.53888713991389e-01   9.61575078590864e-03
   0.00000   8.28838473579612e-01   4.66028329915710e-02
   0.00000   2.13843722893639e+00   5.20691889121599e+00
   0.00000   2.35103539260265e+00   0.00000000000000e+00
   0.00000   4.56454812328877e+00   0.00000000000000e+00
   0.00000   5.01834425807648e+00   6.48245277620615e+01
   0.00000   8.86209524338727e+00   3.00513908403257e+01
   0.00000   2.76368370863515e+01   7.56340337445254e+03
   0.00000   6.48563169528568e+01   4.29162631187027e+04
   0.00000   2.68777053726006e+02   1.01517030624965e+06
   0.00000   8.38193163396425e+02   6.73425763807149e+04
   0.00000   9.21524263755320e+02   9.72639857576909e+05
   0.00000   2.37757036599881e+03   0.00000000000000e+00
   0.00000   2.61394255731633e+03   1.17120593225715e+06
   0.00000   6.13422898084064e+03   1.74537101642709e+06
   0.00000   6.74407892134308e+03   0.00000000000000e+00
   0.00000   1.74000000000000e+04   3.76446506982501e+06
   4.00000   1.74000000000000e+04   0.00000000000000e+00
   7.00000   1.60919444725976e+00   0.00000000000000e+00
   8.00000   1.60919444725976e+00   1.25340231405894e-06
   9.00000   3.03844233772170e+01   0.00000000000000e+00
   9.00000   7.83930575145591e+01   9.71424523304228e+14
   9.00000   2.22365223895897e+02   2.36230905452822e+19
  10.00000   2.35103539260265e+00   4.87362743914255e-06
  10.00000   6.06576766203371e+00   2.44503158489109e+00
  10.00000   6.66881134679782e+00   5.03038764448941e+00
  10.00000   1.56499291527222e+01   4.02244852974178e+06
  10.00000   3.34051679315322e+01   9.24657586511292e+10
  10.00000   3.67262274712312e+01   1.33504923268697e+11
  10.00000   4.03774585726728e+01   1.15185038645906e+12
  10.00000   8.61867022595434e+01   0.00000000000000e+00
  10.00000   1.04175497849095e+02   4.88261855603792e+16
  10.00000   2.22365223895897e+02   3.85937441303202e+20
  10.00000   3.24875910648030e+02   3.83734295728675e+22
  10.00000   8.38193163396425e+02   1.16404324805469e+26
  10.00000   9.21524263755320e+02   5.32645661735655e+26
  10.00000   2.87381428985764e+03   1.50708179219378e+32
# orbitals: 1s2
CORE 2 9 Fr
   0.00000   1.52200551587964e+02   1.05458369673801e+04
   0.00000   1.67331955651991e+02   8.78100805540999e+04
   0.00000   1.83967686648870e+02   0.00000000000000e+00
   0.00000   2.02257301058049e+02   3.89336477648889e+05
   0.00000   3.57174273718302e+02   4.25586864082278e+05
   0.00000   3.92683660514336e+02   0.00000000000000e+00
   0.00000   7.62397482950107e+02   5.79790982339851e+05
   0.00000   1.96701675025624e+03   0.00000000000000e+00
   0.00000   2.16257271203364e+03   1.42213069984507e+06
# orbitals: 1s2 2s2
CORE 4 15 Fr
   0.00000   5.89915248150105e+01   3.60801063620750e+03
   0.00000   6.48563169528568e+01   4.00691779010323e+03
   0.00000   2.22365223895897e+02   2.94870238086038e+05
   0.00000   2.44472226909035e+02   5.87483136696298e+05
   0.00000   6.93455813518436e+02   6.83250393415388e+05
   0.00000   7.62397482950107e+02   1.43923478933342e+05
   0.00000   1.96701675025624e+03   1.14862446662104e+06
   0.00000   5.57952622266932e+03   1.86948276527527e+06
   0.00000   6.13422898084064e+03   0.00000000000000e+00
   0.00000   1.74000000000000e+04   3.86409079278482e+06
   4.00000   1.04175497849095e+02   1.57901991939626e+10
   6.00000   1.38437441990209e+02   5.98871560605198e+12
  10.00000   2.44472226909035e+02   3.29346949337884e+20
  10.00000   6.93455813518436e+02   2.67923177636913e+25
  10.00000   7.62397482950107e+02   4.26971962045216e+25
# orbitals: 1s2 2s2 2p6
CORE 10 16 Fr
   0.00000   5.89915248150105e+01   1.98416102998382e+04
   0.00000   6.48563169528568e+01   2.13405518399177e+04
   0.00000   2.44472226909035e+02   1.13685151035346e+05
   0.00000   2.68777053726006e+02   8.87436287319273e+05
   0.00000   1.01313993691947e+03   1.16019514600922e+06
   0.00000   3.47363371057179e+03   1.69452206418777e+06
   0.00000   3.81897382068767e+03   0.00000000000000e+00
   0.00000   1.30936662547005e+04   4.03118558143536e+06
   3.00000   9.47551719741973e+01   8.60440232264866e+08
   4.00000   1.04175497849095e+02   2.76088417228020e+10
   4.00000   1.14532369326100e+02   0.00000000000000e+00
   8.00000   2.02257301058049e+02   1.59226440805290e+17
   9.00000   8.38193163396425e+02   0.00000000000000e+00
  10.00000   2.68777053726006e+02   1.30634884562924e+21
  10.00000   8.38193163396425e+02   7.07759801099273e+26
  10.00000   3.47363371057179e+03   2.56431236054415e+33
# orbitals: 1s2 2s2 2p6 3s2
CORE 12 20 Fr
   0.00000   2.76368370863515e+01   2.47578711157370e+02
   0.00000   5.36570709454496e+01   3.86985375841656e+04
   0.00000   2.68777053726006e+02   1.04525267350579e+06
   0.00000   2.95498206577520e+02   0.00000000000000e+00
   0.00000   9.21524263755320e+02   0.00000000000000e+00
   0.00000   1.01313993691947e+03   1.16639520580899e+06
   0.00000   3.15952183014652e+03   4.84041919530801e+05
   0.00000   3.47363371057179e+03   1.21033068901524e+06
   0.00000   1.30936662547005e+04   4.46167369894022e+06
   7.00000   1.67331955651991e+02   5.41395899071951e+15
   8.00000   1.83967686648870e+02   0.00000000000000e+00
   9.00000   5.89915248150105e+01   1.41831622641017e+12
  10.00000   5.89915248150105e+01   0.00000000000000e+00
  10.00000   7.83930575145591e+01   5.61253965519643e+14
  10.00000   8.61867022595434e+01   1.12948596343924e+15
  10.00000   2.02257301058049e+02   6.56821370595368e+19
  10.00000   2.95498206577520e+02   1.01642462171641e+22
  10.00000   8.38193163396425e+02   4.41376941012234e+26
  10.00000   9.21524263755320e+02   6.18359411647420e+26
  10.00000   3.47363371057179e+03   1.98944374386113e+33
# orbitals: 1s2 2s2 2p6 3s2 3p6
CORE 18 18 Fr
   0.00000   2.51377080504430e+01   6.73117108559110e+02
   0.00000   5.89915248150105e+01   4.82970102231042e+04
   0.00000   2.68777053726006e+02   1.01372383262464e+06
   0.00000   2.95498206577520e+02   0.00000000000000e+00
   0.00000   9.21524263755320e+02   9.63708571518499e+05
   0.00000   1.01313993691947e+03   1.11821697834109e+05
   0.00000   3.47363371057179e+03   2.14631920492058e+06
   0.00000   3.81897382068767e+03   0.00000000000000e+00
   0.00000   1.30936662547005e+04   2.63378134385928e+06
   7.00000   5.36570709454496e+01   1.65280354596549e+11
   7.00000   1.83967686648870e+02   1.09634199610178e+16
   8.00000   5.36570709454496e+01   8.69117347581259e+09
   9.00000   2.02257301058049e+02   9.19452121756909e+18
  10.00000   7.83930575145591e+01   2.60760266236382e+14
  10.00000   8.61867022595434e+01   7.03356982721808e+15
  10.00000   3.24875910648030e+02   2.98304302786786e+22
  10.00000   8.38193163396425e+02   3.11100558801747e+26
  10.00000   9.21524263755320e+02   2.00880567931424e+26
# orbitals: 1s2 2s2 2p6 3s2 3p6 3d10
CORE 28 20 Fr
   0.00000   2.51377080504430e+01   2.01591950221432e+03
   0.00000   2.76368370863515e+01   5.37387735057844e+03
   0.00000   6.48563169528568e+01   4.28938027936552e+04
   0.00000   2.68777053726006e+02   6.51696455513550e+05
   0.00000   2.95498206577520e+02   4.31956069446491e+05
   0.00000   1.11386381471744e+03   1.26210926026563e+06
   0.00000   4.19864679419438e+03   2.17381077378893e+06
   0.00000   1.43954063122250e+04   0.00000000000000e+00
   0.00000   1.58265621608963e+04   3.44752028360460e+06
   7.00000   5.36570709454496e+01   1.86120677838391e+11
   7.00000   2.02257301058049e+02   0.00000000000000e+00
   8.00000   5.89915248150105e+01   1.36726657294835e+12
   8.00000   2.02257301058049e+02   8.13231936000652e+17
   9.00000   9.21524263755320e+02   0.00000000000000e+00
  10.00000   8.61867022595434e+01   8.68081092423564e+15
  10.00000   9.47551719741973e+01   1.11180601788679e+16
  10.00000   3.24875910648030e+02   1.56994387642985e+22
  10.00000   9.21524263755320e+02   2.42311082896366e+27
  10.00000   3.81897382068767e+03   6.59500923499651e+33
  10.00000   4.19864679419438e+03   0.00000000000000e+00
# orbitals: 1s2 2s2 2p6 3s2 3p6 3d10 4s2
CORE 30 24 Fr
   0.00000   1.89163654954368e+01   9.62962175417868e+02
   0.00000   2.07969839738056e+01   3.25526950395177e+03
   0.00000   6.48563169528568e+01   4.64154133962778e+04
   0.00000   2.68777053726006e+02   9.56917347111244e+05
   0.00000   2.95498206577520e+02   7.00748526522780e+04
   0.00000   9.21524263755320e+02   1.02736107531382e+06
   0.00000   1.01313993691947e+03   0.00000000000000e+00
   0.00000   2.87381428985764e+03   1.52491926660433e+06
   0.00000   8.96211732823440e+03   2.56722252934239e+06
   0.00000   9.85310896491287e+03   0.00000000000000e+00
   0.00000   1.74000000000000e+04   1.71883799170090e+06
   8.00000   2.02257301058049e+02   4.73104527471914e+17
   9.00000   7.13041722837295e+01   1.64712796984638e+14
   9.00000   2.22365223895897e+02   0.00000000000000e+00
  10.00000   1.56499291527222e+01   0.00000000000000e+00
  10.00000   1.72058065730899e+01   8.12696655894649e+03
  10.00000   3.34051679315322e+01   9.32958961186986e+09
  10.00000   3.67262274712312e+01   1.54531959093307e+10
  10.00000   8.61867022595434e+01   2.70288703931537e+15
  10.00000   9.47551719741973e+01   1.84372103006441e+16
  10.00000   2.22365223895897e+02   4.49458266063463e+20
  10.00000   3.24875910648030e+02   3.63826223166227e+22
  10.00000   8.38193163396425e+02   2.22965457491050e+26
  10.00000   9.21524263755320e+02   5.11355462610604e+26
# orbitals: 1s2 2s2 2p6 3s2 3p6 3d10 4s2 4p6
CORE 36 23 Fr
   0.00000   2.07969839738056e+01   0.00000000000000e+00
   0.00000   2.28645689105058e+01   5.49807230502345e+03
   0.00000   7.13041722837295e+01   5.37189921176527e+04
   0.00000   2.68777053726006e+02   7.12086514921835e+05
   0.00000   2.95498206577520e+02   3.38845786740520e+05
   0.00000   1.01313993691947e+03   1.13147242330673e+06
   0.00000   3.15952183014652e+03   1.52037327225336e+06
   0.00000   8.15169580393954e+03   0.00000000000000e+00
   0.00000   8.96211732823440e+03   1.87566290364800e+06
   0.00000   1.74000000000000e+04   3.06570256815932e+06
   9.00000   2.51377080504430e+01   2.89580712935091e+07
   9.00000   7.83930575145591e+01   1.30908305198920e+14
   9.00000   2.22365223895897e+02   2.36049463492756e+19
  10.00000   2.76368370863515e+01   1.14905524103822e+09
  10.00000   3.34051679315322e+01   9.89118625756151e+09
  10.00000   3.67262274712312e+01   2.04247556807491e+11
  10.00000   7.83930575145591e+01   3.16293222602287e+15
  10.00000   9.47551719741973e+01   2.75985812969902e+16
  10.00000   2.22365223895897e+02   5.19776851007197e+20
  10.00000   3.24875910648030e+02   4.44227474876199e+22
  10.00000   9.21524263755320e+02   1.21386882034254e+27
  10.00000   1.01313993691947e+03   0.00000000000000e+00
  10.00000   3.47363371057179e+03   1.99624712934330e+33
# orbitals: 1s2 2s2 2p6 3s2 3p6 3d10 4s2 4p6 4d10
CORE 46 27 Fr
   0.00000   9.74314293068213e+00   6.60211792727075e+01
   0.00000   2.51377080504430e+01   1.69589843782467e-01
   0.00000   2.76368370863515e+01   8.60360615656499e+03
   0.00000   6.48563169528568e+01   0.00000000000000e+00
   0.00000   7.13041722837295e+01   4.65488559281470e+04
   0.00000   2.68777053726006e+02   9.14313890241113e+05
   0.00000   2.95498206577520e+02   1.05795263182451e+05
   0.00000   9.21524263755320e+02   1.01493142754198e+06
   0.00000   2.61394255731633e+03   1.25726671545064e+06
   0.00000   2.87381428985764e+03   0.00000000000000e+00
   0.00000   6.74407892134308e+03   1.82927881067282e+06
   0.00000   7.41455864125097e+03   0.00000000000000e+00
   0.00000   1.74000000000000e+04   3.55862600224355e+06
   8.00000   2.51377080504430e+01   2.25408635311873e+08
   9.00000   2.51377080504430e+01   3.08012094506190e+08
   9.00000   7.83930575145591e+01   9.56934576866216e+14
   9.00000   2.22365223895897e+02   2.34148140125293e+19
  10.00000   3.34051679315322e+01   1.11766360567520e+09
  10.00000   3.67262274712312e+01   3.87462792450163e+11
  10.00000   9.47551719741973e+01   0.00000000000000e+00
  10.00000   1.04175497849095e+02   3.32272678710336e+16
  10.00000   2.22365223895897e+02   4.42270238289173e+20
  10.00000   3.24875910648030e+02   4.12772333399780e+22
  10.00000   3.57174273718302e+02   0.00000000000000e+00
  10.00000   8.38193163396425e+02   5.55523084176809e+25
  10.00000   9.21524263755320e+02   7.17156646270511e+26
  10.00000   3.15952183014652e+03   3.87207208328308e+32
# orbitals: 1s2 2s2 2p6 3s2 3p6 3d10 4s2 4p6 4d10 4f14
CORE 60 25 Fr
   0.00000   8.86209524338727e+00   1.62453403028246e+02
   0.00000   9.74314293068213e+00   2.65872584912094e+02
   0.00000   2.76368370863515e+01   6.69894198183936e+03
   0.00000   6.48563169528568e+01   4.34157057544401e+04
   0.00000   2.68777053726006e+02   1.01252039200006e+06
   0.00000   8.38193163396425e+02   2.97812043206161e+05
   0.00000   9.21524263755320e+02   6.92239492107087e+05
   0.00000   2.61394255731633e+03   1.37497448127811e+06
   0.00000   2.87381428985764e+03   0.00000000000000e+00
   0.00000   7.41455864125097e+03   1.95688574526144e+06
   0.00000   1.74000000000000e+04   3.25346233573856e+06
   7.00000   2.07969839738056e+01   1.48013798607708e+07
   8.00000   2.51377080504430e+01   3.12414226795738e+08
   9.00000   7.83930575145591e+01   4.93180187073389e+14
   9.00000   2.22365223895897e+02   2.55616100640885e+19
  10.00000   3.34051679315322e+01   0.00000000000000e+00
  10.00000   3.67262274712312e+01   4.52663039597635e+11
  10.00000   8.61867022595434e+01   7.99695582201239e+15
  10.00000   1.04175497849095e+02   3.50396364567664e+16
  10.00000   2.22365223895897e+02   3.45101012783547e+20
  10.00000   3.24875910648030e+02   3.66177899349800e+22
  10.00000   3.57174273718302e+02   0.00000000000000e+00
  10.00000   8.38193163396425e+02   9.40009772393038e+25
  10.00000   9.21524263755320e+02   6.53353739500385e+26
  10.00000   3.15952183014652e+03   2.13095243813477e+32
# orbitals: 1s2 2s2 2p6 3s2 3p6 3d10 4s2 4p6 4d10 4f14 5s2
CORE 62 29 Fr
   0.00000   7.33180814978142e+00   0.00000000000000e+00
   0.00000   8.06071846237083e+00   3.87873735067404e+02
   0.00000   3.03844233772170e+01   1.01129763404918e+04
   0.00000   6.48563169528568e+01   0.00000000000000e+00
   0.00000   7.13041722837295e+01   4.14389248680803e+04
   0.00000   2.68777053726006e+02   1.01513659059395e+06
   0.00000   8.38193163396425e+02   0.00000000000000e+00
   0.00000   9.21524263755320e+02   1.04212214812744e+06
   0.00000   2.61394255731633e+03   8.43743031183431e+05
   0.00000   2.87381428985764e+03   4.87685509066183e+05
   0.00000   7.41455864125097e+03   2.04018118129449e+06
   0.00000   8.15169580393954e+03   0.00000000000000e+00
   0.00000   1.74000000000000e+04   2.96324550596695e+06
   4.00000   1.29475338454582e+01   0.00000000000000e+00
   8.00000   2.28645689105058e+01   3.23256926563273e+07
   9.00000   1.56499291527222e+01   2.71262122655125e+05
   9.00000   2.51377080504430e+01   4.03206333980459e+08
   9.00000   2.22365223895897e+02   4.13593497144186e+19
  10.00000   1.72058065730899e+01   4.17341939307641e+05
  10.00000   3.34051679315322e+01   1.65382307135733e+10
  10.00000   3.67262274712312e+01   4.46088744963549e+11
  10.00000   8.61867022595434e+01   1.87719411032052e+16
  10.00000   1.04175497849095e+02   2.56832200049019e+16
  10.00000   2.44472226909035e+02   3.48212042217085e+20
  10.00000   3.24875910648030e+02   1.25515518490291e+22
  10.00000   3.57174273718302e+02   5.99886531839665e+22
  10.00000   8.38193163396425e+02   3.46638562265405e+26
  10.00000   9.21524263755320e+02   0.00000000000000e+00
  10.00000   3.15952183014652e+03   4.57782107277229e+32
# orbitals: 1s2 2s2 2p6 3s2 3p6 3d10 4s2 4p6 4d10 4f14 5s2 5p6
CORE 68 28 Fr
   0.00000   6.06576766203371e+00   8.65900416558061e+01
   0.00000   6.66881134679782e+00   1.49181746430685e+02
   0.00000   3.03844233772170e+01   8.82624927925638e+03
   0.00000   7.13041722837295e+01   4.64762306036085e+04
   0.00000   2.68777053726006e+02   9.99556272984594e+05
   0.00000   8.38193163396425e+02   5.08352623531160e+05
   0.00000   9.21524263755320e+02   4.63192989939230e+05
   0.00000   2.37757036599881e+03   9.31104481458759e+05
   0.00000   2.61394255731633e+03   2.57474542865747e+05
   0.00000   6.13422898084064e+03   1.80879435479607e+06
   0.00000   1.74000000000000e+04   3.83707347199890e+06
   9.00000   1.17767212204283e+01   5.39491957116548e+03
   9.00000   7.83930575145591e+01   2.49938167952421e+14
   9.00000   2.22365223895897e+02   1.90393060352007e+19
  10.00000   1.42347457786886e+01   0.00000000000000e+00
  10.00000   1.56499291527222e+01   1.90364545149601e+06
  10.00000   3.03844233772170e+01   6.44069293391093e+09
  10.00000   3.67262274712312e+01   4.76568549523677e+11
  10.00000   4.03774585726728e+01   2.08990138131492e+11
  10.00000   8.61867022595434e+01   1.60812486465454e+16
  10.00000   1.04175497849095e+02   0.00000000000000e+00
  10.00000   1.14532369326100e+02   1.28967794804048e+17
  10.00000   2.22365223895897e+02   5.71491084658293e+20
  10.00000   3.24875910648030e+02   4.59281584729129e+22
  10.00000   3.57174273718302e+02   0.00000000000000e+00
  10.00000   8.38193163396425e+02   0.00000000000000e+00
  10.00000   9.21524263755320e+02   5.48407064426633e+26
  10.00000   2.87381428985764e+03   1.05812630378357e+32
# orbitals: 1s2 2s2 2p6 3s2 3p6 3d10 4s2 4p6 4d10 4f14 5s2 5p6 5d10
CORE 78 31 Fr
   0.00000   4.15178762124325e+00   1.98320925184171e+01
   0.00000   4.56454812328877e+00   3.53921091665828e+01
   0.00000   1.07117822095779e+01   9.88070796753114e+01
   0.00000   2.76368370863515e+01   7.43200236195195e+03
   0.00000   6.48563169528568e+01   4.29704765886975e+04
   0.00000   7.13041722837295e+01   0.00000000000000e+00
   0.00000   2.68777053726006e+02   1.01560746722071e+06
   0.00000   2.95498206577520e+02   0.00000000000000e+00
   0.00000   9.21524263755320e+02   1.04775927681677e+06
   0.00000   2.61394255731633e+03   1.15299538789882e+06
   0.00000   6.13422898084064e+03   1.75789804597359e+06
   0.00000   6.74407892134308e+03   0.00000000000000e+00
   0.00000   1.74000000000000e+04   3.76866944770076e+06
   4.00000   1.74000000000000e+04   0.00000000000000e+00
   9.00000   9.74314293068213e+00   0.00000000000000e+00
   9.00000   3.03844233772170e+01   1.00598435914407e+10
   9.00000   7.83930575145591e+01   9.58478771456466e+14
   9.00000   2.22365223895897e+02   2.33076329380118e+19
  10.00000   1.07117822095779e+01   9.62601127242089e+03
  10.00000   1.42347457786886e+01   4.93349116072539e+05
  10.00000   1.56499291527222e+01   3.05882725030005e+06
  10.00000   3.67262274712312e+01   2.48124564251340e+11
  10.00000   4.03774585726728e+01   8.90067308041206e+11
  10.00000   8.61867022595434e+01   6.32376396897748e+13
  10.00000   1.04175497849095e+02   4.77364821924701e+16
  10.00000   2.22365223895897e+02   3.92847559568115e+20
  10.00000   3.24875910648030e+02   3.84813688571825e+22
  10.00000   8.38193163396425e+02   1.33527002064288e+26
  10.00000   9.21524263755320e+02   4.73018009250498e+26
  10.00000   2.87381428985764e+03   1.26828254096741e+32
  10.00000   3.15952183014652e+03   1.52557027426017e+32
# orbitals: 1s2 2s2 2p6 3s2 3p6 3d10 4s2 4p6 4d10 4f14 5s2 5p6 5d10 6s2
CORE 80 30 Fr
   0.00000   3.43486607642890e+00   3.22403990487743e+01
   0.00000   3.77635200381875e+00   3.00569412877317e+00
   0.00000   8.86209524338727e+00   0.00000000000000e+00
   0.00000   9.74314293068213e+00   2.62158055045550e+02
   0.00000   2.76368370863515e+01   8.42891535900946e+03
   0.00000   6.48563169528568e+01   0.00000000000000e+00
   0.00000   7.13041722837295e+01   4.54330752865223e+04
   0.00000   2.68777053726006e+02   1.00782134039234e+06
   0.00000   8.38193163396425e+02   0.00000000000000e+00
   0.00000   9.21524263755320e+02   1.07050078935892e+06
   0.00000   2.61394255731633e+03   1.77181683904751e+05
   0.00000   2.87381428985764e+03   1.19686450628343e+06
   0.00000   6.74407892134308e+03   1.51644700476843e+06
   0.00000   1.74000000000000e+04   3.96834557921975e+06
   9.00000   3.03844233772170e+01   4.84605101002886e+09
   9.00000   2.22365223895897e+02   4.09975731474109e+19
  10.00000   5.51725568716848e+00   1.14547738469052e-01
  10.00000   1.42347457786886e+01   3.10715296090115e+05
  10.00000   1.56499291527222e+01   2.48454941181517e+06
  10.00000   3.67262274712312e+01   4.65934915911311e+11
  10.00000   4.03774585726728e+01   3.56211879739721e+11
  10.00000   8.61867022595434e+01   1.84802002056636e+16
  10.00000   1.04175497849095e+02   3.41707230570528e+16
  10.00000   2.22365223895897e+02   1.35078893109523e+20
  10.00000   3.24875910648030e+02   2.31278288229766e+22
  10.00000   3.57174273718302e+02   4.10431565973704e+22
  10.00000   8.38193163396425e+02   1.92307865733137e+26
  10.00000   9.21524263755320e+02   1.77618841259329e+26
  10.00000   2.87381428985764e+03   1.91447369374826e+32
  10.00000   3.15952183014652e+03   0.00000000000000e+00
# orbitals: 1s2 2s2 2p6 3s2 3p6 3d10 4s2 4p6 4d10 4f14 5s2 5p6 5d10 6s2 6p6
CORE 86 34 Fr
   0.00000   1.94506377764004e+00   1.47392130755766e+00
   0.00000   2.13843722893639e+00   4.23737061984491e+00
   0.00000   6.06576766203371e+00   6.18953785636826e+01
   0.00000   8.06071846237083e+00   2.35835323194750e+02
   0.00000   2.76368370863515e+01   0.00000000000000e+00
   0.00000   3.03844233772170e+01   1.02427399544308e+04
   0.00000   6.48563169528568e+01   0.00000000000000e+00
   0.00000   7.13041722837295e+01   4.25241471559190e+04
   0.00000   2.68777053726006e+02   1.01054858337678e+06
   0.00000   8.38193163396425e+02   0.00000000000000e+00
   0.00000   9.21524263755320e+02   1.06580151887039e+06
   0.00000   2.61394255731633e+03   2.05341799603118e+05
   0.00000   2.87381428985764e+03   1.17353136885878e+06
   0.00000   6.74407892134308e+03   1.50602100678870e+06
   0.00000   7.41455864125097e+03   0.00000000000000e+00
   0.00000   1.74000000000000e+04   3.99689154504273e+06
   8.00000   4.15178762124325e+00   4.59189986642053e-02
   9.00000   8.61867022595434e+01   0.00000000000000e+00
   9.00000   2.22365223895897e+02   4.02231169266514e+19
  10.00000   5.51725568716848e+00   0.00000000000000e+00
  10.00000   6.06576766203371e+00   2.81693502464866e+00
  10.00000   1.42347457786886e+01   2.92554527351138e+05
  10.00000   1.56499291527222e+01   3.74281777626316e+06
  10.00000   3.67262274712312e+01   6.20121545522115e+11
  10.00000   4.03774585726728e+01   2.41970186247873e+10
  10.00000   8.61867022595434e+01   1.89001519158821e+16
  10.00000   1.04175497849095e+02   4.01451040414199e+16
  10.00000   2.22365223895897e+02   1.12496965096486e+20
  10.00000   3.24875910648030e+02   2.32238984207657e+22
  10.00000   3.57174273718302e+02   3.57082392318843e+22
  10.00000   8.38193163396425e+02   1.90352480758501e+26
  10.00000   9.21524263755320e+02   2.59511340588114e+26
  10.00000   2.87381428985764e+03   1.75224371360993e+32
  10.00000   3.15952183014652e+03   0.00000000000000e+00
