# Free-atom, free-ion and frozen-core density fits -- Ds (Z = 110)
#
#   rho(r) = sum_i c_i r^n_i exp(-alpha_i r)      r in bohr, rho in e/bohr^3
#
# All-electron B86BPBE densities (scalar-relativistic, spin-restricted),
# fitted with rhofit.py (monotone decay imposed).  Two kinds of block:
#
#   STATE <N> <q> <nterm> <symbol>
#     the atom or ion with N electrons (charge q), in order of increasing N;
#   CORE <N_core> <nterm> <symbol>
#     the frozen core of the neutral atom with N_core electrons, for a
#     pseudopotential with Z - N_core valence electrons, in order of
#     increasing N_core, each preceded by a '# orbitals:' comment.
#
# Each block header is followed by nterm lines:   n   alpha   c
#
# Generated 2026-09-23 by combine_fits.py from
#   /home/alberto/doc/manuals/critic2/atomic_density_fits/15_rhofit/rho_b86bpbe_mono/fit_110_Ds.dat
#     recipe: --npow 0,1,2,3,4,5,6,7,8,9,10 --amin 0.2 --ratio 1.1 --mom 3 --cusp none --targetz 1e-3 --besteffort --monotone --stats
#   /home/alberto/doc/manuals/critic2/atomic_density_fits/15_rhofit/core_b86bpbe_mono/core_110_Ds.dat
#     recipe: --npow 0,1,2,3,4,5,6,7,8,9,10 --amin 0.2 --ratio 1.1 --mom 3 --cusp none --besteffort --monotone --stats --target 1e-3*N_core
#
STATE 109 +1 32 Ds
   0.00000   1.96236313383527e+00   8.89191995054275e-01
   0.00000   2.15825257238994e+00   3.98128962862753e+00
   0.00000   3.47309546973580e+00   3.27650993010931e+01
   0.00000   3.81979109904250e+00   0.00000000000000e+00
   0.00000   2.81721713028078e+01   9.96730967434663e+03
   0.00000   3.09844086121111e+01   5.27395066576492e+03
   0.00000   9.70549972652552e+01   1.39800937587631e+05
   0.00000   4.04446670562742e+02   2.12311926146727e+06
   0.00000   4.44819846075369e+02   1.36538255597288e+06
   0.00000   1.15189545341968e+03   6.15124848888191e+06
   0.00000   2.71218357693901e+03   2.21558351225808e+06
   0.00000   2.98292251866862e+03   1.01831269187135e+07
   0.00000   5.80633659972755e+03   1.14252796482586e+05
   0.00000   6.38594390938848e+03   1.34340184688025e+07
   0.00000   2.20000000000000e+04   1.31197346179095e+08
   4.00000   2.20000000000000e+04   8.81402578529964e+22
   8.00000   3.04013305920474e+02   0.00000000000000e+00
  10.00000   5.08169136734120e+00   1.86950202817513e-01
  10.00000   5.58896224483218e+00   1.14985031595211e-01
  10.00000   1.44730507326906e+01   3.39270894397386e+05
  10.00000   1.59177974940400e+01   1.38495903732178e+06
  10.00000   2.32902708311389e+01   1.20643835658860e+09
  10.00000   2.56151810367140e+01   1.50272537762534e+09
  10.00000   4.98606189839967e+01   1.75948275454265e+13
  10.00000   5.48378673282795e+01   1.05034606348772e+14
  10.00000   1.17398806934208e+02   5.53035627598771e+17
  10.00000   1.29117935764551e+02   1.71635496759990e+18
  10.00000   3.34360897955348e+02   1.53730380547131e+23
  10.00000   4.44819846075369e+02   7.24528474904315e+23
  10.00000   4.89223202622012e+02   5.80301271580008e+24
  10.00000   1.15189545341968e+03   1.34816915198072e+28
  10.00000   1.26688138530633e+03   0.00000000000000e+00
STATE 110 +0 32 Ds
   0.00000   1.78425320479129e+00   2.44424861376333e+00
   0.00000   1.96236313383527e+00   4.17658844283638e-01
   0.00000   3.47309546973580e+00   3.75057378885695e+01
   0.00000   3.81979109904250e+00   0.00000000000000e+00
   0.00000   2.81721713028078e+01   9.26442893148719e+03
   0.00000   3.09844086121111e+01   6.09885322749408e+03
   0.00000   9.70549972652552e+01   1.39639203233608e+05
   0.00000   4.04446670562742e+02   2.13278507383822e+06
   0.00000   4.44819846075369e+02   1.35330726549625e+06
   0.00000   1.15189545341968e+03   6.16259178572984e+06
   0.00000   2.71218357693901e+03   1.86623007437291e+06
   0.00000   2.98292251866862e+03   1.06072599472155e+07
   0.00000   6.38594390938848e+03   1.32844368359341e+07
   0.00000   2.20000000000000e+04   1.31704646301293e+08
   4.00000   2.20000000000000e+04   8.98224613640600e+22
   7.00000   2.76420151823610e+02   0.00000000000000e+00
   8.00000   3.04013305920474e+02   0.00000000000000e+00
  10.00000   5.08169136734120e+00   1.13244765822835e-01
  10.00000   5.58896224483218e+00   0.00000000000000e+00
  10.00000   1.44730507326906e+01   3.90178024556928e+05
  10.00000   1.59177974940400e+01   9.30513683822209e+05
  10.00000   2.32902708311389e+01   1.24554563639402e+09
  10.00000   2.56151810367140e+01   1.31106977037289e+09
  10.00000   4.98606189839967e+01   1.71700635892103e+13
  10.00000   5.48378673282795e+01   1.06042055621744e+14
  10.00000   1.17398806934208e+02   5.60092444321471e+17
  10.00000   1.29117935764551e+02   1.70552641211669e+18
  10.00000   3.34360897955348e+02   1.52874471071275e+23
  10.00000   4.44819846075369e+02   7.61229411690567e+23
  10.00000   4.89223202622012e+02   5.68699329695624e+24
  10.00000   1.15189545341968e+03   1.30371710277063e+28
  10.00000   1.26688138530633e+03   0.00000000000000e+00
STATE 111 -1 33 Ds
   0.00000   1.62230906396310e+00   3.35511392363099e-01
   0.00000   1.78425320479129e+00   2.60899770498579e+00
   0.00000   3.47309546973580e+00   3.74276372389766e+01
   0.00000   3.81979109904250e+00   0.00000000000000e+00
   0.00000   2.81721713028078e+01   9.13308707381084e+03
   0.00000   3.09844086121111e+01   6.25878666212398e+03
   0.00000   9.70549972652552e+01   1.39599520304601e+05
   0.00000   4.04446670562742e+02   2.13513223012278e+06
   0.00000   4.44819846075369e+02   1.35038504291525e+06
   0.00000   1.15189545341968e+03   6.16527332342423e+06
   0.00000   2.71218357693901e+03   1.78608008949464e+06
   0.00000   2.98292251866862e+03   1.07037883712495e+07
   0.00000   6.38594390938848e+03   1.32170768050287e+07
   0.00000   2.20000000000000e+04   1.31841978900485e+08
   4.00000   2.20000000000000e+04   9.02613729580579e+22
   7.00000   2.76420151823610e+02   0.00000000000000e+00
   8.00000   3.04013305920474e+02   0.00000000000000e+00
  10.00000   2.15825257238994e+00   1.25037077541791e-08
  10.00000   5.08169136734120e+00   9.90720205073402e-02
  10.00000   5.58896224483218e+00   0.00000000000000e+00
  10.00000   1.44730507326906e+01   3.49315739022616e+05
  10.00000   1.59177974940400e+01   9.06975577698513e+05
  10.00000   2.32902708311389e+01   1.25470442041152e+09
  10.00000   2.56151810367140e+01   1.28748915987280e+09
  10.00000   4.98606189839967e+01   1.70914255999744e+13
  10.00000   5.48378673282795e+01   1.06354853710214e+14
  10.00000   1.17398806934208e+02   5.61542439428517e+17
  10.00000   1.29117935764551e+02   1.70319614642285e+18
  10.00000   3.34360897955348e+02   1.52665314395538e+23
  10.00000   4.44819846075369e+02   7.69998495040275e+23
  10.00000   4.89223202622012e+02   5.65899446499205e+24
  10.00000   1.15189545341968e+03   1.29323361620144e+28
  10.00000   1.26688138530633e+03   0.00000000000000e+00
# orbitals: 1s2
CORE 2 12 Ds
   0.00000   1.17398806934208e+02   3.54189999970025e+02
   0.00000   2.28519844280331e+02   8.94652841544653e+04
   0.00000   2.51331434664820e+02   6.93969262905578e+05
   0.00000   4.04446670562742e+02   7.33340139339401e+05
   0.00000   4.44819846075369e+02   9.92848974997607e+05
   0.00000   8.65853449557708e+02   2.92695445907327e+06
   0.00000   1.39334558502760e+03   0.00000000000000e+00
   0.00000   1.53243385042435e+03   2.69760473119235e+06
   0.00000   2.46601770880086e+03   6.45461864960304e+06
   0.00000   2.71218357693901e+03   0.00000000000000e+00
   0.00000   6.38594390938848e+03   0.00000000000000e+00
   0.00000   7.02340949640592e+03   3.30846687555147e+07
# orbitals: 1s2 2s2
CORE 4 18 Ds
   0.00000   8.82459963325412e+01   3.72137006039568e+04
   0.00000   3.34360897955348e+02   7.30542636919607e+05
   0.00000   3.67737884837025e+02   1.89163637082877e+06
   0.00000   8.65853449557708e+02   3.98487694002786e+06
   0.00000   9.52285742939100e+02   0.00000000000000e+00
   0.00000   1.85364907335708e+03   6.67651611630723e+06
   0.00000   2.03868632257793e+03   0.00000000000000e+00
   0.00000   3.96835617957373e+03   1.24210264721878e+07
   0.00000   4.36449033568292e+03   1.14749807974592e+04
   0.00000   7.02340949640592e+03   7.84964156161612e+06
   0.00000   2.20000000000000e+04   1.26241699104112e+08
   4.00000   2.20000000000000e+04   8.30847046288416e+22
   5.00000   1.56182494870798e+02   4.96798473790165e+10
   5.00000   1.71773136941469e+02   6.10543095106824e+12
   6.00000   1.71773136941469e+02   6.65997783628233e+13
  10.00000   3.34360897955348e+02   1.11437635724546e+22
  10.00000   3.67737884837025e+02   4.02112971227573e+22
  10.00000   1.04734598755518e+03   4.97331278756800e+27
# orbitals: 1s2 2s2 2p6
CORE 10 16 Ds
   0.00000   8.02365265895553e+01   7.06178063023084e+04
   0.00000   8.82459963325412e+01   3.00160711043528e+04
   0.00000   3.67737884837025e+02   8.48321220969669e+05
   0.00000   4.04446670562742e+02   2.26643844241355e+06
   0.00000   1.04734598755518e+03   3.91221930167425e+06
   0.00000   1.15189545341968e+03   1.58508391713625e+06
   0.00000   2.71218357693901e+03   1.12592507588970e+07
   0.00000   2.98292251866862e+03   0.00000000000000e+00
   0.00000   7.02340949640592e+03   2.48452162432630e+07
   0.00000   2.20000000000000e+04   9.62102314023337e+07
   3.00000   1.29117935764551e+02   1.14192865721440e+10
   4.00000   1.42006905959798e+02   0.00000000000000e+00
   9.00000   3.04013305920474e+02   6.64515985503996e+19
  10.00000   3.34360897955348e+02   7.12924900854901e+21
  10.00000   3.67737884837025e+02   6.85457927220567e+22
  10.00000   1.15189545341968e+03   3.11288186847548e+28
# orbitals: 1s2 2s2 2p6 3s2
CORE 12 20 Ds
   0.00000   3.74790861585656e+01   0.00000000000000e+00
   0.00000   4.12203698275033e+01   2.10674431345828e+03
   0.00000   7.29540202016215e+01   1.01653785264730e+05
   0.00000   4.04446670562742e+02   2.98686503762642e+06
   0.00000   4.44819846075369e+02   4.75378779530714e+05
   0.00000   1.15189545341968e+03   5.24935247247043e+06
   0.00000   1.26688138530633e+03   1.10524554888073e+06
   0.00000   2.98292251866862e+03   1.20576772984330e+07
   0.00000   7.02340949640592e+03   1.87160158317119e+07
   0.00000   7.72450896126468e+03   5.56294570656781e+06
   0.00000   2.20000000000000e+04   1.00728302476031e+08
   7.00000   2.51331434664820e+02   9.51767812721426e+16
   8.00000   8.02365265895553e+01   7.48021317197353e+12
   8.00000   2.51331434664820e+02   5.55195977590279e+18
  10.00000   1.06743341178473e+02   9.18189413124306e+15
  10.00000   1.17398806934208e+02   1.10987743873914e+17
  10.00000   4.04446670562742e+02   2.53663467789079e+23
  10.00000   4.44819846075369e+02   7.56193290139681e+23
  10.00000   1.15189545341968e+03   2.50036509988083e+28
  10.00000   1.26688138530633e+03   1.61443922229309e+28
# orbitals: 1s2 2s2 2p6 3s2 3p6
CORE 18 21 Ds
   0.00000   3.40773725504991e+01   6.15318731780549e+02
   0.00000   3.74790861585656e+01   4.14751965802714e+03
   0.00000   8.02365265895553e+01   2.72169128953992e+04
   0.00000   8.82459963325412e+01   1.14172866198935e+05
   0.00000   4.04446670562742e+02   1.37022189455533e+06
   0.00000   4.44819846075369e+02   2.32452683988306e+06
   0.00000   1.26688138530633e+03   7.06707172989784e+06
   0.00000   1.39334558502760e+03   0.00000000000000e+00
   0.00000   3.60817634059370e+03   1.70588763560323e+07
   0.00000   7.72450896126468e+03   0.00000000000000e+00
   0.00000   8.49559444358073e+03   1.60864707535946e+06
   0.00000   2.20000000000000e+04   1.46866073483171e+08
   4.00000   2.20000000000000e+04   1.22998384624328e+23
   7.00000   7.29540202016215e+01   2.35446435627827e+12
   8.00000   8.02365265895553e+01   2.00746319400566e+13
   8.00000   2.76420151823610e+02   1.18003870117051e+19
  10.00000   1.17398806934208e+02   4.07329697284585e+17
  10.00000   3.04013305920474e+02   2.94414203493030e+22
  10.00000   4.44819846075369e+02   2.42380754856994e+24
  10.00000   1.26688138530633e+03   9.31206245910563e+28
  10.00000   1.39334558502760e+03   0.00000000000000e+00
# orbitals: 1s2 2s2 2p6 3s2 3p6 3d10
CORE 28 21 Ds
   0.00000   3.40773725504991e+01   5.79042478343343e+03
   0.00000   3.74790861585656e+01   1.14323181209519e+04
   0.00000   8.82459963325412e+01   1.19890893685094e+05
   0.00000   4.04446670562742e+02   1.28739438771535e+06
   0.00000   4.44819846075369e+02   2.46624389694905e+06
   0.00000   1.26688138530633e+03   5.87127840918537e+06
   0.00000   1.39334558502760e+03   1.30372080133441e+06
   0.00000   3.60817634059370e+03   1.64368752431692e+07
   0.00000   3.96835617957373e+03   0.00000000000000e+00
   0.00000   8.49559444358073e+03   0.00000000000000e+00
   0.00000   9.34365217410314e+03   2.43744331094245e+07
   0.00000   2.20000000000000e+04   9.12485515815736e+07
   7.00000   7.29540202016215e+01   3.32154075899387e+12
   7.00000   2.76420151823610e+02   0.00000000000000e+00
   8.00000   8.02365265895553e+01   5.76124421738364e+13
   9.00000   3.04013305920474e+02   1.54846534063454e+21
  10.00000   1.17398806934208e+02   4.03534683644478e+17
  10.00000   1.29117935764551e+02   9.41034905405501e+17
  10.00000   4.44819846075369e+02   1.22900336227520e+24
  10.00000   4.89223202622012e+02   9.78958668908150e+23
  10.00000   1.26688138530633e+03   1.28890606630437e+29
# orbitals: 1s2 2s2 2p6 3s2 3p6 3d10 4s2
CORE 30 22 Ds
   0.00000   2.56151810367140e+01   5.53931870692383e+03
   0.00000   2.81721713028078e+01   5.15987511352817e+03
   0.00000   9.70549972652552e+01   1.48593219415639e+05
   0.00000   4.04446670562742e+02   9.88995348219981e+05
   0.00000   4.44819846075369e+02   2.77315270199309e+06
   0.00000   1.26688138530633e+03   6.90172690197397e+06
   0.00000   2.98292251866862e+03   0.00000000000000e+00
   0.00000   3.28068749771817e+03   1.34528337699702e+07
   0.00000   7.02340949640592e+03   1.27107092736668e+07
   0.00000   7.72450896126468e+03   0.00000000000000e+00
   0.00000   2.20000000000000e+04   1.27288775751762e+08
   4.00000   2.20000000000000e+04   7.95248417350505e+22
   9.00000   9.70549972652552e+01   5.73017522964593e+15
   9.00000   3.04013305920474e+02   9.23550422302487e+20
  10.00000   4.98606189839967e+01   1.37410451192169e+12
  10.00000   5.48378673282795e+01   1.17564089457630e+12
  10.00000   1.17398806934208e+02   9.08146385070733e+16
  10.00000   1.29117935764551e+02   1.22160082672620e+18
  10.00000   3.04013305920474e+02   2.66443311791300e+22
  10.00000   4.44819846075369e+02   2.69318812525954e+24
  10.00000   4.89223202622012e+02   3.70493398253993e+23
  10.00000   1.26688138530633e+03   8.40152517526925e+28
# orbitals: 1s2 2s2 2p6 3s2 3p6 3d10 4s2 4p6
CORE 36 25 Ds
   0.00000   2.11763764078158e+01   1.03008365001701e+03
   0.00000   3.09844086121111e+01   1.07319483859034e+04
   0.00000   9.70549972652552e+01   1.51674897773967e+05
   0.00000   4.04446670562742e+02   1.28551900519522e+06
   0.00000   4.44819846075369e+02   2.37435007739971e+06
   0.00000   1.15189545341968e+03   2.49214721410722e+06
   0.00000   1.26688138530633e+03   4.00765185726224e+06
   0.00000   2.71218357693901e+03   0.00000000000000e+00
   0.00000   2.98292251866862e+03   1.10553844368946e+07
   0.00000   5.80633659972755e+03   1.28912290159482e+07
   0.00000   2.20000000000000e+04   1.31599976716960e+08
   3.00000   2.00032144044057e+04   5.64852265041238e+18
   4.00000   2.20000000000000e+04   5.24780964071707e+22
   9.00000   3.74790861585656e+01   1.98614077208935e+10
   9.00000   1.06743341178473e+02   3.48246003540771e+16
   9.00000   3.04013305920474e+02   1.38269137607185e+21
  10.00000   3.74790861585656e+01   0.00000000000000e+00
  10.00000   4.98606189839967e+01   9.88320632194139e+12
  10.00000   5.48378673282795e+01   7.23645047264222e+12
  10.00000   1.29117935764551e+02   0.00000000000000e+00
  10.00000   1.42006905959798e+02   1.72259481019950e+18
  10.00000   3.04013305920474e+02   1.68151102648127e+22
  10.00000   4.44819846075369e+02   2.07394501983563e+24
  10.00000   4.89223202622012e+02   2.16964931639900e+24
  10.00000   1.26688138530633e+03   6.24368720992170e+28
# orbitals: 1s2 2s2 2p6 3s2 3p6 3d10 4s2 4p6 4d10
CORE 46 26 Ds
   0.00000   1.75067635525494e+01   0.00000000000000e+00
   0.00000   3.40773725504991e+01   1.82039438025288e+04
   0.00000   9.70549972652552e+01   1.33811759927545e+05
   0.00000   4.04446670562742e+02   2.52260985973067e+06
   0.00000   4.44819846075369e+02   8.27558997832486e+05
   0.00000   1.04734598755518e+03   3.58745085104712e+06
   0.00000   1.15189545341968e+03   1.79532469977817e+06
   0.00000   2.24219458882749e+03   1.15334634049922e+05
   0.00000   2.46601770880086e+03   9.07425108118426e+06
   0.00000   5.27933617765901e+03   1.61916465377963e+07
   0.00000   2.20000000000000e+04   1.31305264521134e+08
   3.00000   2.20000000000000e+04   5.30575324354551e+18
   4.00000   2.20000000000000e+04   6.39997423412782e+22
   9.00000   3.74790861585656e+01   3.11974230029990e+10
   9.00000   1.06743341178473e+02   1.85773712074114e+16
   9.00000   3.04013305920474e+02   1.87000000297155e+21
  10.00000   8.99384979375064e+00   6.11506125007466e-02
  10.00000   3.74790861585656e+01   1.17393689632997e+11
  10.00000   4.98606189839967e+01   2.21207318632972e+13
  10.00000   5.48378673282795e+01   1.46277176281554e+13
  10.00000   1.17398806934208e+02   4.72756188873751e+17
  10.00000   1.42006905959798e+02   2.63120136646410e+18
  10.00000   3.34360897955348e+02   0.00000000000000e+00
  10.00000   4.44819846075369e+02   1.10891335692176e+24
  10.00000   4.89223202622012e+02   3.81441220404176e+24
  10.00000   1.26688138530633e+03   2.59568121645924e+28
# orbitals: 1s2 2s2 2p6 3s2 3p6 3d10 4s2 4p6 4d10 4f14
CORE 60 27 Ds
   0.00000   1.44730507326906e+01   7.87773345210727e+01
   0.00000   1.59177974940400e+01   2.11477718705859e+03
   0.00000   3.74790861585656e+01   1.71932965941815e+04
   0.00000   8.82459963325412e+01   0.00000000000000e+00
   0.00000   9.70549972652552e+01   1.29312056250602e+05
   0.00000   4.04446670562742e+02   2.82870609841793e+06
   0.00000   4.44819846075369e+02   4.61349113516649e+05
   0.00000   1.04734598755518e+03   3.66374786826200e+06
   0.00000   1.15189545341968e+03   2.02232461528762e+06
   0.00000   2.71218357693901e+03   1.16489943038258e+07
   0.00000   5.80633659972755e+03   2.36959518691960e+06
   0.00000   6.38594390938848e+03   1.37738090373254e+07
   0.00000   2.20000000000000e+04   1.26799275223735e+08
   3.00000   2.20000000000000e+04   0.00000000000000e+00
   4.00000   2.20000000000000e+04   7.83761266255373e+22
   8.00000   3.04013305920474e+02   0.00000000000000e+00
   9.00000   3.74790861585656e+01   3.36362162598754e+10
  10.00000   3.74790861585656e+01   2.07707794996802e+11
  10.00000   4.98606189839967e+01   2.73424818813110e+13
  10.00000   5.48378673282795e+01   1.99614445018948e+13
  10.00000   1.17398806934208e+02   6.80790182553479e+17
  10.00000   1.29117935764551e+02   1.19868898954661e+18
  10.00000   3.34360897955348e+02   1.48342612913529e+23
  10.00000   4.44819846075369e+02   7.05168895410663e+23
  10.00000   4.89223202622012e+02   5.47556766327765e+24
  10.00000   1.15189545341968e+03   6.66461087240635e+27
  10.00000   1.26688138530633e+03   0.00000000000000e+00
# orbitals: 1s2 2s2 2p6 3s2 3p6 3d10 4s2 4p6 4d10 4f14 5s2
CORE 62 28 Ds
   0.00000   1.31594334950841e+01   1.56290043645984e+03
   0.00000   4.12203698275033e+01   2.17214279841394e+04
   0.00000   8.82459963325412e+01   0.00000000000000e+00
   0.00000   9.70549972652552e+01   1.22739515955478e+05
   0.00000   4.04446670562742e+02   2.99527902228985e+06
   0.00000   4.44819846075369e+02   2.54634641980867e+05
   0.00000   1.04734598755518e+03   5.29310776879101e+06
   0.00000   1.15189545341968e+03   0.00000000000000e+00
   0.00000   2.46601770880086e+03   9.82770618431931e+06
   0.00000   5.27933617765901e+03   1.09811850404952e+07
   0.00000   5.80633659972755e+03   5.24685579520971e+06
   0.00000   2.20000000000000e+04   1.31399477032880e+08
   3.00000   2.20000000000000e+04   3.77916804019568e+18
   4.00000   2.20000000000000e+04   7.06432950559098e+22
   5.00000   2.11763764078158e+01   1.41487867513266e+06
   5.00000   2.32902708311389e+01   2.09793330466183e+06
   8.00000   3.04013305920474e+02   0.00000000000000e+00
   9.00000   3.40773725504991e+01   0.00000000000000e+00
   9.00000   1.17398806934208e+02   5.98041230103143e+16
  10.00000   3.74790861585656e+01   1.20442014756260e+11
  10.00000   4.98606189839967e+01   2.27108088872639e+13
  10.00000   5.48378673282795e+01   2.63174743567461e+13
  10.00000   1.17398806934208e+02   5.61601473484518e+17
  10.00000   3.34360897955348e+02   1.47708001454336e+23
  10.00000   4.44819846075369e+02   6.53652804495315e+23
  10.00000   4.89223202622012e+02   5.63135146723547e+24
  10.00000   1.15189545341968e+03   5.70148047193906e+27
  10.00000   1.26688138530633e+03   0.00000000000000e+00
# orbitals: 1s2 2s2 2p6 3s2 3p6 3d10 4s2 4p6 4d10 4f14 5s2 5p6
CORE 68 27 Ds
   0.00000   9.89164498576462e+00   4.17419842606774e+02
   0.00000   1.08790609992608e+01   4.56739283274809e+02
   0.00000   3.74790861585656e+01   6.55411985639892e+03
   0.00000   4.12203698275033e+01   1.57043690776682e+04
   0.00000   9.70549972652552e+01   1.27707436850201e+05
   0.00000   4.04446670562742e+02   2.02554161161040e+06
   0.00000   4.44819846075369e+02   1.49086949715555e+06
   0.00000   1.15189545341968e+03   6.09738784754210e+06
   0.00000   1.26688138530633e+03   0.00000000000000e+00
   0.00000   2.98292251866862e+03   1.33834204224373e+07
   0.00000   3.28068749771817e+03   0.00000000000000e+00
   0.00000   7.02340949640592e+03   1.33722050390820e+07
   0.00000   7.72450896126468e+03   0.00000000000000e+00
   0.00000   2.20000000000000e+04   1.29035325726886e+08
   4.00000   2.20000000000000e+04   9.33254463198814e+22
   8.00000   2.11763764078158e+01   3.51146290609991e+07
   8.00000   3.04013305920474e+02   2.76674842869228e+19
   9.00000   1.17398806934208e+02   6.74588165057565e+16
  10.00000   2.32902708311389e+01   0.00000000000000e+00
  10.00000   2.56151810367140e+01   5.51565419225399e+08
  10.00000   4.98606189839967e+01   2.07433511155801e+13
  10.00000   5.48378673282795e+01   4.86431184921388e+13
  10.00000   1.17398806934208e+02   5.69998712743804e+17
  10.00000   1.29117935764551e+02   0.00000000000000e+00
  10.00000   3.34360897955348e+02   9.39790684979504e+22
  10.00000   4.89223202622012e+02   5.21984859363526e+24
  10.00000   1.26688138530633e+03   5.82800637851477e+28
# orbitals: 1s2 2s2 2p6 3s2 3p6 3d10 4s2 4p6 4d10 4f14 5s2 5p6 5d10
CORE 78 26 Ds
   0.00000   7.43532315133122e+00   0.00000000000000e+00
   0.00000   8.17754117024608e+00   2.52874475320575e+02
   0.00000   3.09844086121111e+01   1.16176602274220e+04
   0.00000   3.40773725504991e+01   5.42407035799396e+03
   0.00000   8.82459963325412e+01   0.00000000000000e+00
   0.00000   9.70549972652552e+01   1.42975973643071e+05
   0.00000   4.44819846075369e+02   4.01611314877887e+06
   0.00000   1.39334558502760e+03   8.04262731834738e+06
   0.00000   1.53243385042435e+03   0.00000000000000e+00
   0.00000   3.60817634059370e+03   1.73804712061379e+06
   0.00000   3.96835617957373e+03   1.49440978231436e+07
   0.00000   7.72450896126468e+03   0.00000000000000e+00
   0.00000   8.49559444358073e+03   1.88764767637787e+07
   0.00000   2.20000000000000e+04   1.01769143853413e+08
   8.00000   3.04013305920474e+02   3.50165862806754e+19
  10.00000   1.75067635525494e+01   6.31356900169521e+06
  10.00000   2.32902708311389e+01   1.02700485340929e+09
  10.00000   2.56151810367140e+01   8.15047786844991e+08
  10.00000   4.98606189839967e+01   2.21307541817279e+13
  10.00000   5.48378673282795e+01   7.58171871588665e+13
  10.00000   1.17398806934208e+02   5.94734999433059e+17
  10.00000   1.29117935764551e+02   1.69509558206288e+18
  10.00000   3.34360897955348e+02   7.84173398818006e+22
  10.00000   4.89223202622012e+02   4.14637022771922e+24
  10.00000   1.26688138530633e+03   1.68671109699411e+29
  10.00000   1.39334558502760e+03   0.00000000000000e+00
# orbitals: 1s2 2s2 2p6 3s2 3p6 3d10 4s2 4p6 4d10 4f14 5s2 5p6 5d10 6s2
CORE 80 27 Ds
   0.00000   5.58896224483218e+00   2.10565814050386e+01
   0.00000   6.14687054292768e+00   1.26583985040616e+02
   0.00000   3.09844086121111e+01   1.59168195701873e+04
   0.00000   3.40773725504991e+01   6.37564563457817e+02
   0.00000   8.82459963325412e+01   0.00000000000000e+00
   0.00000   9.70549972652552e+01   1.43990077804353e+05
   0.00000   4.44819846075369e+02   4.01639619721256e+06
   0.00000   1.39334558502760e+03   8.06106516136679e+06
   0.00000   3.60817634059370e+03   0.00000000000000e+00
   0.00000   3.96835617957373e+03   1.76439744842364e+07
   0.00000   8.49559444358073e+03   0.00000000000000e+00
   0.00000   9.34365217410314e+03   7.20476728136689e+06
   0.00000   2.20000000000000e+04   1.29674663264074e+08
   4.00000   2.20000000000000e+04   8.12878638631427e+22
   8.00000   3.04013305920474e+02   3.40952492502209e+19
  10.00000   1.44730507326906e+01   2.46046284138104e+04
  10.00000   1.59177974940400e+01   1.01196478317533e+06
  10.00000   2.32902708311389e+01   7.15105579246006e+08
  10.00000   2.56151810367140e+01   9.83527698977617e+08
  10.00000   4.98606189839967e+01   2.00160443731691e+13
  10.00000   5.48378673282795e+01   8.32717272748776e+13
  10.00000   1.17398806934208e+02   5.80456257062108e+17
  10.00000   1.29117935764551e+02   1.72036021787050e+18
  10.00000   3.34360897955348e+02   8.17359511402006e+22
  10.00000   4.89223202622012e+02   4.28585695602825e+24
  10.00000   1.26688138530633e+03   1.66955790064840e+29
  10.00000   1.39334558502760e+03   0.00000000000000e+00
# orbitals: 1s2 2s2 2p6 3s2 3p6 3d10 4s2 4p6 4d10 4f14 5s2 5p6 5d10 5f14
CORE 92 31 Ds
   0.00000   5.08169136734120e+00   6.44660964335244e+01
   0.00000   2.81721713028078e+01   1.15013371318043e+04
   0.00000   3.09844086121111e+01   3.36453218194123e+03
   0.00000   8.82459963325412e+01   0.00000000000000e+00
   0.00000   9.70549972652552e+01   1.38575894004193e+05
   0.00000   4.04446670562742e+02   2.12168636305645e+06
   0.00000   4.44819846075369e+02   1.37450108234819e+06
   0.00000   1.15189545341968e+03   6.09606602613922e+06
   0.00000   1.26688138530633e+03   0.00000000000000e+00
   0.00000   2.71218357693901e+03   3.76919995183481e+06
   0.00000   2.98292251866862e+03   8.31006235818719e+06
   0.00000   6.38594390938848e+03   1.48489598634238e+07
   0.00000   7.02340949640592e+03   0.00000000000000e+00
   0.00000   2.20000000000000e+04   1.28197201049216e+08
   3.00000   2.20000000000000e+04   3.09741194009847e+17
   4.00000   8.99384979375064e+00   1.02010194192205e+03
   4.00000   2.20000000000000e+04   7.82998156576758e+22
   6.00000   1.19650440746675e+01   0.00000000000000e+00
   7.00000   1.31594334950841e+01   1.64356662539230e+05
   7.00000   2.76420151823610e+02   3.03853650434813e+17
   8.00000   1.59177974940400e+01   1.35459904475755e+06
  10.00000   2.11763764078158e+01   0.00000000000000e+00
  10.00000   2.32902708311389e+01   1.41191371345433e+09
  10.00000   4.98606189839967e+01   2.16206444097041e+13
  10.00000   5.48378673282795e+01   8.88156907306801e+13
  10.00000   1.17398806934208e+02   5.56775456360367e+17
  10.00000   1.29117935764551e+02   1.62897621441516e+18
  10.00000   3.34360897955348e+02   1.17236929125583e+23
  10.00000   4.89223202622012e+02   6.08458815783296e+24
  10.00000   1.15189545341968e+03   1.77780142439975e+28
  10.00000   1.26688138530633e+03   0.00000000000000e+00
# orbitals: 1s2 2s2 2p6 3s2 3p6 3d10 4s2 4p6 4d10 4f14 5s2 5p6 5d10 5f14 6s2
CORE 94 30 Ds
   0.00000   5.08169136734120e+00   7.23099609056890e+01
   0.00000   5.58896224483218e+00   1.07826618708779e+01
   0.00000   2.81721713028078e+01   8.95430503789193e+03
   0.00000   3.09844086121111e+01   6.25906032467572e+03
   0.00000   8.82459963325412e+01   0.00000000000000e+00
   0.00000   9.70549972652552e+01   1.37935707539245e+05
   0.00000   4.04446670562742e+02   2.13797549891053e+06
   0.00000   4.44819846075369e+02   1.35671158144028e+06
   0.00000   1.15189545341968e+03   6.11918396125585e+06
   0.00000   1.26688138530633e+03   0.00000000000000e+00
   0.00000   2.71218357693901e+03   3.22430116240467e+06
   0.00000   2.98292251866862e+03   8.97476450911597e+06
   0.00000   6.38594390938848e+03   1.43827360234647e+07
   0.00000   7.02340949640592e+03   0.00000000000000e+00
   0.00000   2.20000000000000e+04   1.29456036580138e+08
   4.00000   8.99384979375064e+00   2.45865622174692e+03
   4.00000   2.20000000000000e+04   8.27712054324673e+22
   6.00000   1.19650440746675e+01   0.00000000000000e+00
   7.00000   1.31594334950841e+01   2.29684493769937e+05
   7.00000   2.76420151823610e+02   3.50255131797912e+17
   8.00000   1.59177974940400e+01   1.26412824378965e+05
  10.00000   2.32902708311389e+01   1.26845112720950e+09
  10.00000   4.98606189839967e+01   1.85794771667372e+13
  10.00000   5.48378673282795e+01   9.56979263905254e+13
  10.00000   1.17398806934208e+02   5.58167427628593e+17
  10.00000   1.29117935764551e+02   1.66997544201729e+18
  10.00000   3.34360897955348e+02   1.09326957499790e+23
  10.00000   4.89223202622012e+02   5.82299621049136e+24
  10.00000   1.15189545341968e+03   1.70986021986209e+28
  10.00000   1.26688138530633e+03   0.00000000000000e+00
# orbitals: 1s2 2s2 2p6 3s2 3p6 3d10 4s2 4p6 4d10 4f14 5s2 5p6 5d10 5f14 6s2 6p6
CORE 100 28 Ds
   0.00000   4.20109500803162e+00   6.06576481308359e+01
   0.00000   2.81721713028078e+01   3.32902971784521e+03
   0.00000   3.09844086121111e+01   1.26027840365686e+04
   0.00000   9.70549972652552e+01   1.37375193165948e+05
   0.00000   4.04446670562742e+02   2.07744319375380e+06
   0.00000   4.44819846075369e+02   1.43100250191929e+06
   0.00000   1.15189545341968e+03   6.05776478485839e+06
   0.00000   2.71218357693901e+03   4.92304516222767e+06
   0.00000   2.98292251866862e+03   6.93949740844476e+06
   0.00000   6.38594390938848e+03   1.57544413123950e+07
   0.00000   2.20000000000000e+04   1.26660470887322e+08
   3.00000   6.14687054292768e+00   0.00000000000000e+00
   3.00000   6.76047105282362e+00   3.20719418171410e+02
   4.00000   2.20000000000000e+04   7.39327465039518e+22
   8.00000   3.04013305920474e+02   1.29663377419622e+19
   9.00000   1.06743341178473e+02   1.66429606900723e+16
  10.00000   9.89164498576462e+00   1.77700466546577e+03
  10.00000   1.44730507326906e+01   7.77892598126131e+05
  10.00000   2.32902708311389e+01   1.27399015889776e+09
  10.00000   2.56151810367140e+01   7.08350427515694e+08
  10.00000   4.98606189839967e+01   1.56027172597058e+13
  10.00000   5.48378673282795e+01   1.09816897464802e+14
  10.00000   1.17398806934208e+02   1.15433169640638e+17
  10.00000   1.29117935764551e+02   1.77649220384392e+18
  10.00000   3.34360897955348e+02   1.35039316001640e+23
  10.00000   4.89223202622012e+02   6.96247215148310e+24
  10.00000   1.15189545341968e+03   1.90343297563685e+28
  10.00000   1.26688138530633e+03   0.00000000000000e+00
# orbitals: 1s2 2s2 2p6 3s2 3p6 3d10 4s2 4p6 4d10 4f14 5s2 5p6 5d10 6s2 5f14 6p6 7s2
CORE 102 33 Ds
   0.00000   3.47309546973580e+00   9.63995037999867e+00
   0.00000   3.81979109904250e+00   3.54322897403087e+01
   0.00000   2.81721713028078e+01   7.57101102084556e+03
   0.00000   3.09844086121111e+01   7.17641152010546e+03
   0.00000   9.70549972652552e+01   1.44119237279474e+05
   0.00000   4.04446670562742e+02   1.78006632917175e+06
   0.00000   4.44819846075369e+02   1.76818371148216e+06
   0.00000   1.15189545341968e+03   5.89441725245538e+06
   0.00000   2.46601770880086e+03   8.03732423371729e+05
   0.00000   2.71218357693901e+03   8.96624486119948e+06
   0.00000   5.27933617765901e+03   1.36378213739957e+07
   0.00000   2.20000000000000e+04   1.35006343669840e+08
   3.00000   2.00032144044057e+04   7.37709884040289e+18
   4.00000   2.20000000000000e+04   5.18364802594571e+22
   5.00000   8.99384979375064e+00   3.88342868642763e+03
   7.00000   2.76420151823610e+02   0.00000000000000e+00
   9.00000   3.15786696945887e+00   7.41152819292454e-05
   9.00000   1.06743341178473e+02   1.86777620238881e+16
   9.00000   3.04013305920474e+02   1.43949889470603e+21
  10.00000   3.47309546973580e+00   4.75180353323770e-04
  10.00000   4.62046190717925e+00   0.00000000000000e+00
  10.00000   5.08169136734120e+00   3.20059628629506e-01
  10.00000   1.44730507326906e+01   0.00000000000000e+00
  10.00000   1.59177974940400e+01   1.86766046016694e+06
  10.00000   2.32902708311389e+01   1.03874240085480e+09
  10.00000   2.56151810367140e+01   1.61441541733695e+09
  10.00000   4.98606189839967e+01   1.73060371317869e+13
  10.00000   5.48378673282795e+01   1.05747631089667e+14
  10.00000   1.29117935764551e+02   1.96244966296138e+18
  10.00000   3.34360897955348e+02   3.58117591306779e+22
  10.00000   4.44819846075369e+02   1.25448077695572e+24
  10.00000   4.89223202622012e+02   3.78325347913557e+24
  10.00000   1.26688138530633e+03   4.65159465667678e+28
