# Free-atom, free-ion and frozen-core density fits -- Nd (Z = 60)
#
#   rho(r) = sum_i c_i r^n_i exp(-alpha_i r)      r in bohr, rho in e/bohr^3
#
# All-electron B86BPBE densities (scalar-relativistic, spin-restricted),
# fitted with rhofit.py (monotone decay imposed).  Two kinds of block:
#
#   STATE <N> <q> <nterm> <symbol>
#     the atom or ion with N electrons (charge q), in order of increasing N;
#   CORE <N_core> <nterm> <symbol>
#     the frozen core of the neutral atom with N_core electrons, for a
#     pseudopotential with Z - N_core valence electrons, in order of
#     increasing N_core, each preceded by a '# orbitals:' comment.
#
# Each block header is followed by nterm lines:   n   alpha   c
#
# Generated 2026-09-23 by combine_fits.py from
#   /home/alberto/doc/manuals/critic2/atomic_density_fits/15_rhofit/rho_b86bpbe_mono/fit_060_Nd.dat
#     recipe: --npow 0,1,2,3,4,5,6,7,8,9,10 --amin 0.2 --ratio 1.1 --mom 3 --cusp none --targetz 1e-3 --besteffort --monotone --stats
#   /home/alberto/doc/manuals/critic2/atomic_density_fits/15_rhofit/core_b86bpbe_mono/core_060_Nd.dat
#     recipe: --npow 0,1,2,3,4,5,6,7,8,9,10 --amin 0.2 --ratio 1.1 --mom 3 --cusp none --besteffort --monotone --stats --target 1e-3*N_core
#
STATE 56 +4 29 Nd
   0.00000   3.13016916014658e+00   5.66514842892453e+00
   0.00000   3.44158711681395e+00   9.46110721016273e+00
   0.00000   1.89756224286117e+01   2.14475438841977e+03
   0.00000   4.05250633800875e+01   9.39679519245665e+03
   0.00000   1.52896354092194e+02   1.38766446578268e+05
   0.00000   1.68107886676285e+02   8.28907642316374e+04
   0.00000   7.66731725095527e+02   1.03334597386094e+05
   0.00000   8.43013234153051e+02   0.00000000000000e+00
   0.00000   3.18059095292630e+03   1.10544375613713e+05
   0.00000   3.49702533230939e+03   0.00000000000000e+00
   0.00000   1.20000000000000e+04   1.38088577071012e+05
   6.00000   4.34007944291335e+02   2.34308619055383e+16
   8.00000   1.26478064634193e+02   3.26388320805741e+15
   9.00000   6.68490870760942e+00   1.44540466861353e+01
   9.00000   1.56969079756659e+01   1.02020569177376e+06
   9.00000   4.89897948556636e+01   1.91406046132791e+12
   9.00000   1.39061263316587e+02   0.00000000000000e+00
   9.00000   5.24661984045362e+02   7.52532473222221e+21
  10.00000   6.68490870760942e+00   6.16322092814243e+00
  10.00000   8.08122872364321e+00   0.00000000000000e+00
  10.00000   8.88522352639082e+00   1.45312409741084e+03
  10.00000   2.08634915056086e+01   1.62397758103464e+08
  10.00000   2.29391831252013e+01   3.46648121863225e+08
  10.00000   4.89897948556636e+01   6.20802407314961e+12
  10.00000   6.51146181411749e+01   1.40143092099434e+14
  10.00000   1.39061263316587e+02   7.63109836854047e+17
  10.00000   2.03221665680034e+02   8.41438824159955e+19
  10.00000   8.43013234153051e+02   0.00000000000000e+00
  10.00000   2.63103061225760e+03   2.30025649540795e+31
STATE 57 +3 28 Nd
   0.00000   3.13016916014658e+00   1.56591513393077e+01
   0.00000   1.72585804469226e+01   0.00000000000000e+00
   0.00000   1.89756224286117e+01   2.17424233363998e+03
   0.00000   4.05250633800875e+01   9.31791229211655e+03
   0.00000   1.52896354092194e+02   1.41634898044385e+05
   0.00000   1.68107886676285e+02   8.00440848463298e+04
   0.00000   8.43013234153051e+02   1.20124968773889e+05
   0.00000   3.84494150798050e+03   0.00000000000000e+00
   0.00000   4.22747157797352e+03   1.11264459778884e+05
   6.00000   4.34007944291335e+02   1.98890694323052e+16
   9.00000   5.52985269409945e+00   0.00000000000000e+00
   9.00000   4.89897948556636e+01   1.94165917424804e+12
   9.00000   1.39061263316587e+02   7.93312221352888e+16
   9.00000   5.24661984045362e+02   8.61951161604419e+21
  10.00000   6.08001319296124e+00   2.35199430111590e+00
  10.00000   8.08122872364321e+00   2.89578562056806e+02
  10.00000   8.88522352639082e+00   4.35938632537487e+02
  10.00000   1.72585804469226e+01   4.31451174517022e+06
  10.00000   2.08634915056086e+01   1.59072193265196e+08
  10.00000   2.29391831252013e+01   3.26246429284547e+08
  10.00000   4.89897948556636e+01   6.07225416485545e+12
  10.00000   6.51146181411749e+01   1.33807767347627e+14
  10.00000   1.39061263316587e+02   1.06355517863921e+18
  10.00000   2.03221665680034e+02   9.70856490030929e+19
  10.00000   8.43013234153051e+02   0.00000000000000e+00
  10.00000   9.26883927841443e+02   0.00000000000000e+00
  10.00000   2.63103061225760e+03   4.65979817552802e+31
  10.00000   2.89278968509961e+03   9.58984788300028e+29
STATE 58 +2 27 Nd
   0.00000   2.58932097958500e+00   8.58170756919944e+00
   0.00000   2.84693039535874e+00   1.58840031389498e+00
   0.00000   1.56969079756659e+01   0.00000000000000e+00
   0.00000   1.72585804469226e+01   1.75490775158742e+03
   0.00000   4.05250633800875e+01   9.95897946483656e+03
   0.00000   1.52896354092194e+02   1.41030642930748e+05
   0.00000   1.68107886676285e+02   8.02589897491622e+04
   0.00000   8.43013234153051e+02   1.20513458241063e+05
   0.00000   3.84494150798050e+03   0.00000000000000e+00
   0.00000   4.22747157797352e+03   1.10184978764485e+05
   6.00000   4.34007944291335e+02   1.93010671915255e+16
   9.00000   5.52985269409945e+00   7.74818548641258e-01
   9.00000   4.89897948556636e+01   1.85314191663503e+12
   9.00000   1.39061263316587e+02   7.28389038711489e+16
   9.00000   5.24661984045362e+02   7.84026932719038e+21
  10.00000   7.34998477977103e+00   7.44181043182100e+00
  10.00000   8.08122872364321e+00   2.59273383365836e+02
  10.00000   1.72585804469226e+01   6.10731164178045e+06
  10.00000   2.08634915056086e+01   1.39737347655814e+08
  10.00000   2.29391831252013e+01   3.93042492633853e+08
  10.00000   4.89897948556636e+01   5.94381797243209e+12
  10.00000   6.51146181411749e+01   1.26887260696342e+14
  10.00000   1.39061263316587e+02   1.20456438440085e+18
  10.00000   2.03221665680034e+02   1.02267006964089e+20
  10.00000   9.26883927841443e+02   0.00000000000000e+00
  10.00000   2.63103061225760e+03   4.85560413343808e+31
  10.00000   2.89278968509961e+03   0.00000000000000e+00
STATE 59 +1 32 Nd
   0.00000   1.21243430995424e+00   1.28858600578029e-01
   0.00000   2.35502179689721e+00   2.85834488390540e-01
   0.00000   2.58932097958500e+00   8.22779432439126e+00
   0.00000   4.16045362469329e+00   2.75168551345219e+00
   0.00000   4.57437373581940e+00   0.00000000000000e+00
   0.00000   1.72585804469226e+01   1.74793653094515e+03
   0.00000   4.05250633800875e+01   9.94096588555693e+03
   0.00000   1.52896354092194e+02   1.45084958390202e+05
   0.00000   1.68107886676285e+02   7.55184249798948e+04
   0.00000   7.66731725095527e+02   1.05497891954387e+05
   0.00000   8.43013234153051e+02   6.73027934615086e+02
   0.00000   3.84494150798050e+03   1.58042636934079e+05
   0.00000   4.22747157797352e+03   0.00000000000000e+00
   6.00000   4.34007944291335e+02   1.96854570892004e+16
   9.00000   1.56969079756659e+01   1.29496448112883e+06
   9.00000   4.89897948556636e+01   1.86089491342647e+12
   9.00000   1.39061263316587e+02   7.14148185084761e+16
   9.00000   5.24661984045362e+02   6.49069907718366e+21
   9.00000   2.63103061225760e+03   0.00000000000000e+00
  10.00000   2.84693039535874e+00   2.69105798748813e-05
  10.00000   3.13016916014658e+00   8.97403107271655e-05
  10.00000   7.34998477977103e+00   0.00000000000000e+00
  10.00000   8.08122872364321e+00   2.81797968893453e+02
  10.00000   2.08634915056086e+01   1.59424839167608e+08
  10.00000   2.29391831252013e+01   3.43008107416830e+08
  10.00000   4.89897948556636e+01   5.87870706811878e+12
  10.00000   6.51146181411749e+01   1.27060858503680e+14
  10.00000   1.39061263316587e+02   1.22642443501848e+18
  10.00000   2.03221665680034e+02   1.03375532290413e+20
  10.00000   9.26883927841443e+02   0.00000000000000e+00
  10.00000   2.63103061225760e+03   2.77070382972821e+31
  10.00000   2.89278968509961e+03   0.00000000000000e+00
STATE 60 +0 34 Nd
   0.00000   1.00294311090400e+00   1.03663674830847e-01
   0.00000   2.58932097958500e+00   5.02252851397389e+00
   0.00000   2.84693039535874e+00   5.74852316317764e+00
   0.00000   4.16045362469329e+00   0.00000000000000e+00
   0.00000   1.72585804469226e+01   1.73066128051613e+03
   0.00000   4.05250633800875e+01   9.98286420916011e+03
   0.00000   1.52896354092194e+02   1.44839195994897e+05
   0.00000   1.68107886676285e+02   7.59545290928497e+04
   0.00000   7.66731725095527e+02   1.05247063772067e+05
   0.00000   8.43013234153051e+02   0.00000000000000e+00
   0.00000   3.49702533230939e+03   1.31066316268473e+05
   0.00000   3.84494150798050e+03   0.00000000000000e+00
   0.00000   1.20000000000000e+04   4.94594364365956e+04
   6.00000   4.34007944291335e+02   0.00000000000000e+00
   7.00000   4.77187037903735e+02   2.73711752853460e+18
   8.00000   1.26478064634193e+02   3.01258274691302e+15
   9.00000   2.14192358057898e+00   4.64110290684593e-07
   9.00000   1.56969079756659e+01   4.33734918846122e+05
   9.00000   4.89897948556636e+01   1.87278519653159e+12
   9.00000   1.39061263316587e+02   0.00000000000000e+00
  10.00000   2.14192358057898e+00   3.21623268165187e-07
  10.00000   2.84693039535874e+00   9.43936243811919e-05
  10.00000   7.34998477977103e+00   0.00000000000000e+00
  10.00000   8.08122872364321e+00   2.74247695782198e+02
  10.00000   1.72585804469226e+01   3.61251826615367e+06
  10.00000   2.08634915056086e+01   1.51829512065163e+08
  10.00000   2.29391831252013e+01   3.60529386924730e+08
  10.00000   4.89897948556636e+01   5.85171029288948e+12
  10.00000   6.51146181411749e+01   1.28827091867988e+14
  10.00000   1.39061263316587e+02   9.24198628746171e+17
  10.00000   2.03221665680034e+02   9.07373047405955e+19
  10.00000   5.76860173553053e+02   4.60594485913490e+23
  10.00000   2.63103061225760e+03   2.44473832265378e+31
  10.00000   2.89278968509961e+03   0.00000000000000e+00
STATE 61 -1 40 Nd
   0.00000   2.35502179689721e+00   6.61787337423803e+00
   0.00000   1.89756224286117e+01   1.70153114639852e+03
   0.00000   3.68580830006031e+01   9.53932087755735e+03
   0.00000   1.52896354092194e+02   7.57127371776613e+04
   0.00000   1.68107886676285e+02   1.53695860550314e+05
   0.00000   8.43013234153051e+02   9.96496178902075e+04
   0.00000   3.49702533230939e+03   1.14655052430057e+05
   0.00000   3.84494150798050e+03   0.00000000000000e+00
   0.00000   1.20000000000000e+04   1.36512998833709e+05
   6.00000   4.34007944291335e+02   3.74091399597625e+16
   7.00000   1.15033478425930e+02   7.08019007913037e+13
   7.00000   2.39295726139119e+03   1.52191514357279e+23
   8.00000   1.20000000000000e+04   0.00000000000000e+00
   9.00000   2.14192358057898e+00   0.00000000000000e+00
   9.00000   6.68490870760942e+00   1.51976522095710e+01
   9.00000   1.72585804469226e+01   0.00000000000000e+00
   9.00000   4.45568686231792e+01   2.91667914119259e+11
   9.00000   1.26478064634193e+02   2.73674455582659e+16
   9.00000   2.63103061225760e+03   0.00000000000000e+00
   9.00000   1.20000000000000e+04   1.43093633774843e+35
  10.00000   1.21243430995424e+00   1.13559354381486e-09
  10.00000   1.33305840280093e+00   3.52164738427570e-10
  10.00000   2.14192358057898e+00   3.13867035983899e-06
  10.00000   2.35502179689721e+00   1.96188143755753e-06
  10.00000   3.13016916014658e+00   4.47769809791911e-04
  10.00000   3.44158711681395e+00   3.09362534676314e-04
  10.00000   8.08122872364321e+00   0.00000000000000e+00
  10.00000   8.88522352639082e+00   7.83059023267816e+02
  10.00000   1.72585804469226e+01   9.31252640735818e+06
  10.00000   2.08634915056086e+01   7.95496231729565e+07
  10.00000   2.29391831252013e+01   5.84325482193086e+08
  10.00000   4.89897948556636e+01   8.57658272316216e+12
  10.00000   5.92226094130989e+01   3.20368311719026e+13
  10.00000   6.51146181411749e+01   1.72072373416513e+14
  10.00000   1.84832802132914e+02   1.50362899926092e+19
  10.00000   2.03221665680034e+02   3.19571627863161e+19
  10.00000   5.24661984045362e+02   1.09348821030876e+24
  10.00000   7.66731725095527e+02   0.00000000000000e+00
  10.00000   8.43013234153051e+02   1.50984986298825e+26
  10.00000   2.89278968509961e+03   0.00000000000000e+00
# orbitals: 1s2
CORE 2 5 Nd
   0.00000   1.15033478425930e+02   4.86544648245753e+04
   0.00000   1.26478064634193e+02   7.59062746965752e+04
   0.00000   1.84832802132914e+02   5.91928228981895e+04
   0.00000   4.34007944291335e+02   0.00000000000000e+00
   0.00000   4.77187037903735e+02   7.85391660112818e+04
# orbitals: 1s2 2s2
CORE 4 18 Nd
   0.00000   3.35229156765952e+01   1.18834854949235e+02
   0.00000   3.68580830006031e+01   7.17754180010888e+02
   0.00000   1.39061263316587e+02   1.72925795930824e+05
   0.00000   1.52896354092194e+02   3.47331728291829e+04
   0.00000   5.76860173553053e+02   9.89312842927257e+04
   0.00000   6.34251518026676e+02   0.00000000000000e+00
   0.00000   2.39295726139119e+03   9.95867069596492e+04
   0.00000   2.63103061225760e+03   0.00000000000000e+00
   0.00000   8.21140380980054e+03   1.21462388941964e+05
   4.00000   6.51146181411749e+01   7.24605822622745e+08
   6.00000   8.65468718161177e+01   0.00000000000000e+00
   8.00000   1.15033478425930e+02   1.92931405419135e+14
   8.00000   4.34007944291335e+02   0.00000000000000e+00
  10.00000   1.52896354092194e+02   2.57277120150488e+17
  10.00000   1.68107886676285e+02   1.30495228824898e+18
  10.00000   4.77187037903735e+02   2.49997752800573e+23
  10.00000   1.97948868676488e+03   1.26770861514087e+30
  10.00000   2.17642638902301e+03   0.00000000000000e+00
# orbitals: 1s2 2s2 2p6
CORE 10 16 Nd
   0.00000   3.68580830006031e+01   1.51990360712955e+03
   0.00000   4.05250633800875e+01   7.60836933169517e+03
   0.00000   1.52896354092194e+02   2.12845398975348e+05
   0.00000   1.68107886676285e+02   0.00000000000000e+00
   0.00000   7.66731725095527e+02   1.10896791136689e+05
   0.00000   3.49702533230939e+03   0.00000000000000e+00
   0.00000   3.84494150798050e+03   1.33188619041206e+05
   3.00000   5.92226094130989e+01   1.07662145951084e+08
   4.00000   7.15928179742317e+01   5.32339652735971e+08
   8.00000   1.26478064634193e+02   1.26556913994109e+15
   8.00000   4.77187037903735e+02   1.29690861890378e+20
  10.00000   1.68107886676285e+02   0.00000000000000e+00
  10.00000   1.84832802132914e+02   6.19317301992914e+18
  10.00000   5.24661984045362e+02   5.70954905942534e+23
  10.00000   2.63103061225760e+03   3.06956842317372e+31
  10.00000   2.89278968509961e+03   1.69801059800924e+31
# orbitals: 1s2 2s2 2p6 3s2
CORE 12 20 Nd
   0.00000   3.35229156765952e+01   7.96439922330454e+03
   0.00000   3.68580830006031e+01   1.64783091036279e+03
   0.00000   1.52896354092194e+02   1.11016388785459e+05
   0.00000   1.68107886676285e+02   1.15916621955389e+05
   0.00000   8.43013234153051e+02   8.98481477627299e+04
   0.00000   9.26883927841443e+02   1.95807849208810e+04
   0.00000   4.22747157797352e+03   1.48112597940155e+05
   5.00000   3.94735985569645e+02   4.57980801274447e+14
   6.00000   4.34007944291335e+02   0.00000000000000e+00
   7.00000   1.04624475374772e+02   5.31509709041453e+13
   8.00000   1.15033478425930e+02   0.00000000000000e+00
   9.00000   3.35229156765952e+01   0.00000000000000e+00
  10.00000   3.68580830006031e+01   1.48315858229457e+10
  10.00000   4.89897948556636e+01   1.92885263838941e+12
  10.00000   5.38637492750440e+01   9.27203612278379e+11
  10.00000   1.26478064634193e+02   1.71755930162169e+17
  10.00000   1.84832802132914e+02   2.73466611604658e+19
  10.00000   5.24661984045362e+02   8.41371571180567e+23
  10.00000   2.89278968509961e+03   7.96460602955345e+31
  10.00000   3.18059095292630e+03   0.00000000000000e+00
# orbitals: 1s2 2s2 2p6 3s2 3p6
CORE 18 20 Nd
   0.00000   1.42765461362413e+01   1.04102697522997e+02
   0.00000   1.56969079756659e+01   3.17296436289803e+00
   0.00000   3.68580830006031e+01   1.16390067029457e+04
   0.00000   1.52896354092194e+02   1.04632308734788e+05
   0.00000   1.68107886676285e+02   1.20441073338211e+05
   0.00000   1.01909884790113e+03   1.28405088102627e+05
   0.00000   1.12048815455464e+03   0.00000000000000e+00
   0.00000   5.11049084416322e+03   1.58312498423954e+05
   4.00000   3.59017617887299e+02   0.00000000000000e+00
   5.00000   3.94735985569645e+02   1.61661681107211e+14
   7.00000   3.35229156765952e+01   1.30920260254666e+09
   7.00000   1.15033478425930e+02   1.16980324541216e+14
   8.00000   3.35229156765952e+01   8.04533537485271e+08
   9.00000   1.26478064634193e+02   3.13955190839761e+16
   9.00000   5.24661984045362e+02   2.44607293262345e+22
  10.00000   4.89897948556636e+01   5.56757412142026e+11
  10.00000   5.38637492750440e+01   1.51927918522112e+13
  10.00000   2.03221665680034e+02   6.95458202393149e+19
  10.00000   5.76860173553053e+02   0.00000000000000e+00
  10.00000   3.84494150798050e+03   6.19664781305582e+33
# orbitals: 1s2 2s2 2p6 3s2 3p6 3d10
CORE 28 20 Nd
   0.00000   1.56969079756659e+01   1.47085640714387e+03
   0.00000   1.72585804469226e+01   2.77502842557651e+01
   0.00000   4.05250633800875e+01   1.01781009348597e+04
   0.00000   1.52896354092194e+02   1.13418802738281e+05
   0.00000   1.68107886676285e+02   1.10430621978107e+05
   0.00000   9.26883927841443e+02   1.19529592656797e+05
   0.00000   1.01909884790113e+03   0.00000000000000e+00
   0.00000   4.64805925018109e+03   1.56806114203797e+05
   5.00000   3.94735985569645e+02   1.79976426101119e+14
   7.00000   3.35229156765952e+01   2.44998574009101e+09
   8.00000   1.26478064634193e+02   3.43470362986129e+15
   9.00000   5.24661984045362e+02   2.10232424623473e+22
  10.00000   3.68580830006031e+01   7.45343466561194e+09
  10.00000   5.38637492750440e+01   1.84736018216276e+13
  10.00000   5.92226094130989e+01   1.74054736537997e+13
  10.00000   1.39061263316587e+02   6.93941743321146e+17
  10.00000   2.03221665680034e+02   7.33149456202773e+19
  10.00000   5.76860173553053e+02   0.00000000000000e+00
  10.00000   9.26883927841443e+02   0.00000000000000e+00
  10.00000   3.49702533230939e+03   1.48112175418977e+33
# orbitals: 1s2 2s2 2p6 3s2 3p6 3d10 4s2
CORE 30 24 Nd
   0.00000   6.68490870760942e+00   7.37111397893141e+00
   0.00000   1.18097644361341e+01   8.47559256180666e+01
   0.00000   1.29847081919699e+01   9.05925181243392e+02
   0.00000   4.05250633800875e+01   1.07185635459514e+04
   0.00000   1.52896354092194e+02   1.54743581858346e+05
   0.00000   1.68107886676285e+02   6.47516211894935e+04
   0.00000   7.66731725095527e+02   1.07847923933527e+05
   0.00000   8.43013234153051e+02   0.00000000000000e+00
   0.00000   3.84494150798050e+03   1.53342989868271e+05
   0.00000   4.22747157797352e+03   0.00000000000000e+00
   7.00000   4.77187037903735e+02   2.08338579516619e+18
   8.00000   4.05250633800875e+01   3.41113788095946e+10
   8.00000   1.26478064634193e+02   2.35000926694243e+15
   9.00000   4.45568686231792e+01   3.04690898347142e+11
  10.00000   1.29847081919699e+01   0.00000000000000e+00
  10.00000   1.89756224286117e+01   2.94368853628969e+06
  10.00000   2.08634915056086e+01   2.05868533191218e+07
  10.00000   5.38637492750440e+01   4.57451094862511e+12
  10.00000   5.92226094130989e+01   3.28849573942332e+13
  10.00000   1.39061263316587e+02   1.33021610710865e+18
  10.00000   2.03221665680034e+02   1.01925913964150e+20
  10.00000   5.76860173553053e+02   5.64527022320232e+23
  10.00000   2.63103061225760e+03   3.09529221917382e+31
  10.00000   2.89278968509961e+03   0.00000000000000e+00
# orbitals: 1s2 2s2 2p6 3s2 3p6 3d10 4s2 4p6
CORE 36 25 Nd
   0.00000   7.34998477977103e+00   1.50101697570148e+01
   0.00000   1.42765461362413e+01   1.14255307847516e+03
   0.00000   4.05250633800875e+01   1.10772625498633e+04
   0.00000   4.45568686231792e+01   0.00000000000000e+00
   0.00000   1.52896354092194e+02   1.24172985707535e+05
   0.00000   1.68107886676285e+02   9.80392426199735e+04
   0.00000   8.43013234153051e+02   1.14276175823937e+05
   0.00000   9.26883927841443e+02   0.00000000000000e+00
   0.00000   3.84494150798050e+03   5.73362960747804e+04
   0.00000   4.22747157797352e+03   7.56662758743052e+04
   6.00000   4.34007944291335e+02   2.34474078312341e+16
   9.00000   1.42765461362413e+01   9.14951924972375e+03
   9.00000   4.45568686231792e+01   5.92661305581481e+11
   9.00000   1.39061263316587e+02   8.18568924524861e+16
  10.00000   1.56969079756659e+01   8.41601064237727e+05
  10.00000   2.08634915056086e+01   1.05890198442303e+08
  10.00000   2.29391831252013e+01   1.36894312887099e+08
  10.00000   4.89897948556636e+01   2.04499454804816e+12
  10.00000   5.92226094130989e+01   6.12136037561811e+13
  10.00000   1.39061263316587e+02   1.17425369049728e+18
  10.00000   2.03221665680034e+02   1.02477967690880e+20
  10.00000   5.76860173553053e+02   1.10385947262873e+24
  10.00000   9.26883927841443e+02   0.00000000000000e+00
  10.00000   2.89278968509961e+03   1.18903435172160e+32
  10.00000   3.18059095292630e+03   0.00000000000000e+00
# orbitals: 1s2 2s2 2p6 3s2 3p6 3d10 4s2 4p6 4d10
CORE 46 25 Nd
   0.00000   5.02947441854898e+00   0.00000000000000e+00
   0.00000   5.52985269409945e+00   2.64563738499830e+01
   0.00000   1.72585804469226e+01   1.71594614917291e+03
   0.00000   4.05250633800875e+01   9.87520760890604e+03
   0.00000   1.52896354092194e+02   1.50586180079796e+05
   0.00000   1.68107886676285e+02   6.93529783267560e+04
   0.00000   7.66731725095527e+02   1.07100554467617e+05
   0.00000   8.43013234153051e+02   0.00000000000000e+00
   0.00000   3.84494150798050e+03   1.55769255790467e+05
   0.00000   4.22747157797352e+03   0.00000000000000e+00
   5.00000   8.88522352639082e+00   4.89062182052497e+02
   6.00000   4.34007944291335e+02   1.72096471756125e+16
   9.00000   1.42765461362413e+01   2.09402460782289e+05
   9.00000   4.89897948556636e+01   1.58340809509682e+12
   9.00000   1.39061263316587e+02   6.62092704411566e+16
   9.00000   5.24661984045362e+02   6.81352045382589e+21
  10.00000   1.56969079756659e+01   1.73091018986770e+06
  10.00000   2.08634915056086e+01   1.95402156066573e+08
  10.00000   2.29391831252013e+01   1.78035719619793e+08
  10.00000   4.89897948556636e+01   6.59488000834119e+12
  10.00000   6.51146181411749e+01   1.29050340541689e+14
  10.00000   1.39061263316587e+02   1.28937140278783e+18
  10.00000   2.03221665680034e+02   1.04470199738727e+20
  10.00000   2.63103061225760e+03   3.06989451204860e+31
  10.00000   2.89278968509961e+03   0.00000000000000e+00
# orbitals: 1s2 2s2 2p6 3s2 3p6 3d10 4s2 4p6 4d10 5s2
CORE 48 31 Nd
   0.00000   2.84693039535874e+00   0.00000000000000e+00
   0.00000   3.13016916014658e+00   1.95414736359742e+00
   0.00000   3.78398778999700e+00   1.29507189952809e+01
   0.00000   1.72585804469226e+01   1.73259275380404e+03
   0.00000   4.05250633800875e+01   9.90199522770858e+03
   0.00000   1.52896354092194e+02   1.47025092758636e+05
   0.00000   1.68107886676285e+02   7.36601376384407e+04
   0.00000   7.66731725095527e+02   1.05592014818227e+05
   0.00000   8.43013234153051e+02   0.00000000000000e+00
   0.00000   3.49702533230939e+03   1.30136537151074e+05
   0.00000   3.84494150798050e+03   0.00000000000000e+00
   0.00000   1.20000000000000e+04   5.34144979062857e+04
   6.00000   4.34007944291335e+02   0.00000000000000e+00
   7.00000   4.77187037903735e+02   2.63309134906426e+18
   8.00000   1.26478064634193e+02   2.97368549564669e+15
   9.00000   1.56969079756659e+01   0.00000000000000e+00
   9.00000   4.89897948556636e+01   1.81236151279342e+12
   9.00000   1.39061263316587e+02   0.00000000000000e+00
  10.00000   7.34998477977103e+00   0.00000000000000e+00
  10.00000   8.08122872364321e+00   4.96803868730920e+01
  10.00000   1.56969079756659e+01   1.71555948801782e+06
  10.00000   2.08634915056086e+01   1.90061786327106e+08
  10.00000   2.29391831252013e+01   1.91501127529797e+08
  10.00000   4.89897948556636e+01   5.91523684636005e+12
  10.00000   5.92226094130989e+01   0.00000000000000e+00
  10.00000   6.51146181411749e+01   1.24474116535496e+14
  10.00000   1.39061263316587e+02   9.38159655983515e+17
  10.00000   2.03221665680034e+02   9.06484080164537e+19
  10.00000   5.76860173553053e+02   5.12383074123714e+23
  10.00000   2.63103061225760e+03   2.53578184487443e+31
  10.00000   2.89278968509961e+03   0.00000000000000e+00
# orbitals: 1s2 2s2 2p6 3s2 3p6 3d10 4s2 4p6 4d10 4f3
CORE 49 31 Nd
   0.00000   1.33305840280093e+00   0.00000000000000e+00
   0.00000   1.46568328748898e+00   5.37026003970498e-02
   0.00000   4.16045362469329e+00   1.95358934974197e+01
   0.00000   4.57437373581940e+00   0.00000000000000e+00
   0.00000   1.72585804469226e+01   1.72995048562477e+03
   0.00000   4.05250633800875e+01   9.93274174646031e+03
   0.00000   4.45568686231792e+01   0.00000000000000e+00
   0.00000   1.52896354092194e+02   1.40245735800221e+05
   0.00000   1.68107886676285e+02   8.13172459680242e+04
   0.00000   8.43013234153051e+02   1.16775726392784e+05
   0.00000   9.26883927841443e+02   0.00000000000000e+00
   0.00000   3.84494150798050e+03   4.40601299029549e+04
   0.00000   4.22747157797352e+03   8.65583700625689e+04
   6.00000   4.34007944291335e+02   1.65370702079376e+16
   9.00000   1.42765461362413e+01   1.26402097611368e+05
   9.00000   4.89897948556636e+01   1.56652405369949e+12
   9.00000   1.39061263316587e+02   6.82211951210635e+16
   9.00000   5.24661984045362e+02   1.04125446506923e+22
  10.00000   1.77183001304673e+00   2.38666626402159e-10
  10.00000   6.68490870760942e+00   1.04677970511952e+00
  10.00000   1.56969079756659e+01   2.19126884691783e+06
  10.00000   2.08634915056086e+01   1.91464599970448e+08
  10.00000   2.29391831252013e+01   1.96965530511830e+08
  10.00000   4.89897948556636e+01   6.68019744214486e+12
  10.00000   6.51146181411749e+01   1.29841095848800e+14
  10.00000   1.39061263316587e+02   1.25941008204879e+18
  10.00000   2.03221665680034e+02   1.02373508308530e+20
  10.00000   2.23440022145361e+02   0.00000000000000e+00
  10.00000   9.26883927841443e+02   0.00000000000000e+00
  10.00000   2.89278968509961e+03   1.40785815603489e+32
  10.00000   3.18059095292630e+03   0.00000000000000e+00
# orbitals: 1s2 2s2 2p6 3s2 3p6 3d10 4s2 4p6 4d10 4f4
CORE 50 30 Nd
   0.00000   1.33305840280093e+00   0.00000000000000e+00
   0.00000   1.46568328748898e+00   6.89253496127444e-02
   0.00000   4.16045362469329e+00   2.28901084780244e+01
   0.00000   4.57437373581940e+00   0.00000000000000e+00
   0.00000   1.72585804469226e+01   1.73549094456667e+03
   0.00000   4.05250633800875e+01   9.95240913835557e+03
   0.00000   4.45568686231792e+01   0.00000000000000e+00
   0.00000   1.52896354092194e+02   1.36000381103271e+05
   0.00000   1.68107886676285e+02   8.59724431321116e+04
   0.00000   8.43013234153051e+02   1.16049921030934e+05
   0.00000   9.26883927841443e+02   0.00000000000000e+00
   0.00000   4.22747157797352e+03   1.40244322824830e+05
   6.00000   4.34007944291335e+02   1.88276642955538e+16
   9.00000   1.42765461362413e+01   3.25369454966903e+05
   9.00000   4.89897948556636e+01   1.84768846926883e+12
   9.00000   1.39061263316587e+02   7.41792591157052e+16
   9.00000   5.24661984045362e+02   1.02973882657693e+22
  10.00000   1.94810792455714e+00   1.98266541440703e-09
  10.00000   6.68490870760942e+00   1.80999654963445e+00
  10.00000   1.56969079756659e+01   1.30860479172291e+06
  10.00000   2.08634915056086e+01   2.04853272434358e+08
  10.00000   2.29391831252013e+01   1.45091871227871e+08
  10.00000   4.89897948556636e+01   5.61118457895881e+12
  10.00000   6.51146181411749e+01   1.14846341772504e+14
  10.00000   1.39061263316587e+02   1.17465950847443e+18
  10.00000   2.03221665680034e+02   9.97009309394250e+19
  10.00000   2.23440022145361e+02   0.00000000000000e+00
  10.00000   9.26883927841443e+02   0.00000000000000e+00
  10.00000   2.89278968509961e+03   1.30790603988894e+32
  10.00000   3.18059095292630e+03   0.00000000000000e+00
# orbitals: 1s2 2s2 2p6 3s2 3p6 3d10 4s2 4p6 4d10 4f3 5s2
CORE 51 29 Nd
   0.00000   1.33305840280093e+00   0.00000000000000e+00
   0.00000   1.46568328748898e+00   5.38311040135282e-02
   0.00000   3.44158711681395e+00   1.55375350522985e+01
   0.00000   3.78398778999700e+00   0.00000000000000e+00
   0.00000   1.72585804469226e+01   1.74573379396002e+03
   0.00000   4.05250633800875e+01   9.88936351051156e+03
   0.00000   1.52896354092194e+02   1.43790697135121e+05
   0.00000   1.68107886676285e+02   7.73447101363381e+04
   0.00000   8.43013234153051e+02   1.21047218906725e+05
   0.00000   3.84494150798050e+03   0.00000000000000e+00
   0.00000   4.22747157797352e+03   1.08586144473068e+05
   6.00000   4.34007944291335e+02   1.82556225212531e+16
   9.00000   4.89897948556636e+01   1.79919574647275e+12
   9.00000   1.39061263316587e+02   7.11232102470788e+16
   9.00000   5.24661984045362e+02   8.04695589760098e+21
  10.00000   1.77183001304673e+00   2.20905140237910e-10
  10.00000   3.78398778999700e+00   0.00000000000000e+00
  10.00000   7.34998477977103e+00   0.00000000000000e+00
  10.00000   8.08122872364321e+00   5.10716757031248e+01
  10.00000   1.56969079756659e+01   1.91903097819887e+06
  10.00000   2.08634915056086e+01   1.88607191351486e+08
  10.00000   2.29391831252013e+01   2.17771829068085e+08
  10.00000   4.89897948556636e+01   5.93462552587677e+12
  10.00000   6.51146181411749e+01   1.22401943679141e+14
  10.00000   1.39061263316587e+02   1.22863945583131e+18
  10.00000   2.03221665680034e+02   1.02552626474346e+20
  10.00000   9.26883927841443e+02   0.00000000000000e+00
  10.00000   2.63103061225760e+03   4.99719408866329e+31
  10.00000   2.89278968509961e+03   0.00000000000000e+00
# orbitals: 1s2 2s2 2p6 3s2 3p6 3d10 4s2 4p6 4d10 4f4 5s2
CORE 52 30 Nd
   0.00000   1.46568328748898e+00   3.87499909501033e-02
   0.00000   1.61150291293376e+00   5.58615857699356e-02
   0.00000   3.44158711681395e+00   1.70031557943757e+01
   0.00000   3.78398778999700e+00   0.00000000000000e+00
   0.00000   1.72585804469226e+01   1.74979031792711e+03
   0.00000   4.05250633800875e+01   9.86715118468815e+03
   0.00000   1.52896354092194e+02   1.47084100617663e+05
   0.00000   1.68107886676285e+02   7.34472597999388e+04
   0.00000   7.66731725095527e+02   1.03916215833433e+05
   0.00000   8.43013234153051e+02   2.82268966144883e+03
   0.00000   3.84494150798050e+03   1.55745295210017e+05
   0.00000   1.20000000000000e+04   0.00000000000000e+00
   6.00000   4.34007944291335e+02   1.90788699867174e+16
   9.00000   1.56969079756659e+01   0.00000000000000e+00
   9.00000   4.89897948556636e+01   1.93394741144635e+12
   9.00000   1.39061263316587e+02   7.36203811520827e+16
   9.00000   5.24661984045362e+02   0.00000000000000e+00
  10.00000   1.94810792455714e+00   2.68088204359360e-09
  10.00000   7.34998477977103e+00   0.00000000000000e+00
  10.00000   8.08122872364321e+00   4.98966920555067e+01
  10.00000   1.56969079756659e+01   1.90406959932613e+06
  10.00000   2.08634915056086e+01   1.92485758638197e+08
  10.00000   2.29391831252013e+01   2.04697569816977e+08
  10.00000   4.89897948556636e+01   5.42560819577795e+12
  10.00000   6.51146181411749e+01   1.15000783216862e+14
  10.00000   1.39061263316587e+02   1.19413315987610e+18
  10.00000   2.03221665680034e+02   1.01937256083029e+20
  10.00000   5.76860173553053e+02   9.17452608766555e+23
  10.00000   2.63103061225760e+03   2.83643541928171e+31
  10.00000   2.89278968509961e+03   0.00000000000000e+00
# orbitals: 1s2 2s2 2p6 3s2 3p6 3d10 4s2 4p6 4d10 5s2 5p6
CORE 54 29 Nd
   0.00000   2.58932097958500e+00   4.27901171755374e+00
   0.00000   2.84693039535874e+00   3.55436835480967e+00
   0.00000   1.56969079756659e+01   0.00000000000000e+00
   0.00000   1.72585804469226e+01   1.76512913966026e+03
   0.00000   4.05250633800875e+01   9.91797304256626e+03
   0.00000   1.52896354092194e+02   1.44978158901304e+05
   0.00000   1.68107886676285e+02   7.56498427826416e+04
   0.00000   7.66731725095527e+02   1.04634377357515e+05
   0.00000   8.43013234153051e+02   1.59893071209663e+03
   0.00000   3.84494150798050e+03   1.57573724648893e+05
   0.00000   4.22747157797352e+03   0.00000000000000e+00
   6.00000   4.34007944291335e+02   1.97261195042616e+16
   9.00000   5.52985269409945e+00   1.01282112983478e+00
   9.00000   4.89897948556636e+01   1.81016268290286e+12
   9.00000   1.39061263316587e+02   7.15915848667822e+16
   9.00000   5.24661984045362e+02   6.58316921703584e+21
   9.00000   2.63103061225760e+03   0.00000000000000e+00
  10.00000   5.52985269409945e+00   1.32137506101967e-01
  10.00000   7.34998477977103e+00   0.00000000000000e+00
  10.00000   8.08122872364321e+00   3.10825602881949e+02
  10.00000   1.72585804469226e+01   5.27545743838083e+06
  10.00000   2.08634915056086e+01   1.43567347645545e+08
  10.00000   2.29391831252013e+01   3.65650808352638e+08
  10.00000   4.89897948556636e+01   6.14920493804103e+12
  10.00000   6.51146181411749e+01   1.29724552649281e+14
  10.00000   1.39061263316587e+02   1.22039609922044e+18
  10.00000   2.03221665680034e+02   1.03073793988553e+20
  10.00000   2.63103061225760e+03   2.76701759310960e+31
  10.00000   2.89278968509961e+03   0.00000000000000e+00
# orbitals: 1s2 2s2 2p6 3s2 3p6 3d10 4s2 4p6 4d10 5s2 5p6 6s2
CORE 56 32 Nd
   0.00000   1.00294311090400e+00   7.80437288841997e-02
   0.00000   2.58932097958500e+00   6.95910452879538e+00
   0.00000   4.57437373581940e+00   2.48324140471763e-01
   0.00000   1.72585804469226e+01   1.73626678579770e+03
   0.00000   4.05250633800875e+01   9.97870076832151e+03
   0.00000   1.52896354092194e+02   1.43962728312953e+05
   0.00000   1.68107886676285e+02   7.67533363886208e+04
   0.00000   7.66731725095527e+02   1.05392649816971e+05
   0.00000   8.43013234153051e+02   0.00000000000000e+00
   0.00000   3.49702533230939e+03   1.31881827939994e+05
   0.00000   1.20000000000000e+04   4.14127790378614e+04
   6.00000   4.34007944291335e+02   2.02834382071981e+16
   8.00000   1.26478064634193e+02   2.88080645073122e+15
   9.00000   1.94810792455714e+00   0.00000000000000e+00
   9.00000   4.89897948556636e+01   1.68819764148672e+12
   9.00000   1.39061263316587e+02   0.00000000000000e+00
   9.00000   5.24661984045362e+02   0.00000000000000e+00
  10.00000   2.14192358057898e+00   5.99864458363267e-07
  10.00000   2.84693039535874e+00   8.23345799894595e-05
  10.00000   3.13016916014658e+00   1.01933168954479e-04
  10.00000   7.34998477977103e+00   0.00000000000000e+00
  10.00000   8.08122872364321e+00   2.78531581760314e+02
  10.00000   1.72585804469226e+01   5.15935651797709e+06
  10.00000   2.08634915056086e+01   1.42463229371691e+08
  10.00000   2.29391831252013e+01   3.77162234629599e+08
  10.00000   4.89897948556636e+01   6.59395030875019e+12
  10.00000   6.51146181411749e+01   1.39037077632302e+14
  10.00000   1.39061263316587e+02   9.79691867317431e+17
  10.00000   2.03221665680034e+02   9.22522459399168e+19
  10.00000   5.76860173553053e+02   9.06285782772244e+23
  10.00000   2.63103061225760e+03   2.71672507809662e+31
  10.00000   2.89278968509961e+03   0.00000000000000e+00
# orbitals: 1s2 2s2 2p6 3s2 3p6 3d10 4s2 4p6 4d10 4f4 5s2 5p6
CORE 58 31 Nd
   0.00000   2.35502179689721e+00   3.87760298190121e+00
   0.00000   2.58932097958500e+00   4.87424179387158e+00
   0.00000   1.56969079756659e+01   7.14888821071241e+01
   0.00000   1.72585804469226e+01   1.64009183975628e+03
   0.00000   4.05250633800875e+01   9.99107585412613e+03
   0.00000   1.52896354092194e+02   1.48103429855716e+05
   0.00000   1.68107886676285e+02   7.23054846666446e+04
   0.00000   7.66731725095527e+02   1.06037238918523e+05
   0.00000   8.43013234153051e+02   0.00000000000000e+00
   0.00000   3.49702533230939e+03   1.29322092697969e+05
   0.00000   3.84494150798050e+03   0.00000000000000e+00
   0.00000   1.20000000000000e+04   5.56479270496008e+04
   6.00000   4.34007944291335e+02   0.00000000000000e+00
   7.00000   4.77187037903735e+02   2.51678019060283e+18
   8.00000   1.26478064634193e+02   2.81933301641974e+15
   9.00000   4.89897948556636e+01   1.64908812858919e+12
   9.00000   1.39061263316587e+02   0.00000000000000e+00
  10.00000   2.35502179689721e+00   1.73707247284707e-07
  10.00000   2.58932097958500e+00   0.00000000000000e+00
  10.00000   7.34998477977103e+00   1.20018551048844e+01
  10.00000   8.08122872364321e+00   2.11815273512813e+02
  10.00000   1.72585804469226e+01   6.59990271538303e+06
  10.00000   2.08634915056086e+01   1.31467214120380e+08
  10.00000   2.29391831252013e+01   4.25199124107556e+08
  10.00000   4.89897948556636e+01   6.66639346733212e+12
  10.00000   6.51146181411749e+01   1.39535579958058e+14
  10.00000   1.39061263316587e+02   1.01046744098794e+18
  10.00000   2.03221665680034e+02   9.36474806003102e+19
  10.00000   5.76860173553053e+02   4.85183615476841e+23
  10.00000   2.63103061225760e+03   2.70845632924727e+31
  10.00000   2.89278968509961e+03   0.00000000000000e+00
