# Free-atom, free-ion and frozen-core density fits -- Sr (Z = 38)
#
#   rho(r) = sum_i c_i r^n_i exp(-alpha_i r)      r in bohr, rho in e/bohr^3
#
# All-electron B86BPBE densities (scalar-relativistic, spin-restricted),
# fitted with rhofit.py (monotone decay imposed).  Two kinds of block:
#
#   STATE <N> <q> <nterm> <symbol>
#     the atom or ion with N electrons (charge q), in order of increasing N;
#   CORE <N_core> <nterm> <symbol>
#     the frozen core of the neutral atom with N_core electrons, for a
#     pseudopotential with Z - N_core valence electrons, in order of
#     increasing N_core, each preceded by a '# orbitals:' comment.
#
# Each block header is followed by nterm lines:   n   alpha   c
#
# Generated 2026-09-23 by combine_fits.py from
#   /home/alberto/doc/manuals/critic2/atomic_density_fits/15_rhofit/rho_b86bpbe_mono/fit_038_Sr.dat
#     recipe: --npow 0,1,2,3,4,5,6,7,8,9,10 --amin 0.2 --ratio 1.1 --mom 3 --cusp none --targetz 1e-3 --besteffort --monotone --stats
#   /home/alberto/doc/manuals/critic2/atomic_density_fits/15_rhofit/core_b86bpbe_mono/core_038_Sr.dat
#     recipe: --npow 0,1,2,3,4,5,6,7,8,9,10 --amin 0.2 --ratio 1.1 --mom 3 --cusp none --besteffort --monotone --stats --target 1e-3*N_core
#
STATE 36 +2 24 Sr
   0.00000   2.60034763075072e+00   2.60630802416757e+00
   0.00000   6.72395081359793e+00   9.65413711258606e+01
   0.00000   7.39407479792485e+00   2.35097612721633e+01
   0.00000   2.31204125796599e+01   2.10230655705218e+03
   0.00000   2.54246446340990e+01   2.87576011873978e+02
   0.00000   9.61358244118876e+01   4.49727283666765e+04
   0.00000   7.06855758271908e+02   0.00000000000000e+00
   0.00000   7.77302584878620e+02   6.22246501335955e+03
   3.00000   1.86939224493794e+02   2.19071986205856e+09
   4.00000   2.05570005922389e+02   1.72019581780878e+10
   7.00000   5.56039833354358e+00   0.00000000000000e+00
   8.00000   6.11456007401668e+00   2.37959137363225e+01
   8.00000   2.10250127601298e+01   4.08693638216293e+07
   8.00000   7.22948431633016e+01   7.49193609348462e+12
   9.00000   2.31204125796599e+01   0.00000000000000e+00
  10.00000   8.94133698181051e+00   1.47386624346405e+02
  10.00000   9.83245063352598e+00   3.81564117013769e+03
  10.00000   3.07449304380935e+01   8.25365017865441e+09
  10.00000   3.38090390037545e+01   1.28244853537212e+10
  10.00000   7.94999090077613e+01   6.10669454017450e+14
  10.00000   1.16252922181974e+02   6.57292187928060e+16
  10.00000   3.30564572184792e+02   3.99577736093548e+21
  10.00000   5.84537229570791e+02   1.21902353575835e+24
  10.00000   2.93914136815803e+03   0.00000000000000e+00
STATE 37 +1 27 Sr
   0.00000   2.15036799546775e+00   1.91362697863288e+00
   0.00000   2.36467848179340e+00   1.05400421734255e+00
   0.00000   7.39407479792485e+00   1.30512432579662e+02
   0.00000   2.31204125796599e+01   2.21928380999164e+03
   0.00000   8.74230478371189e+01   1.44551847207087e+04
   0.00000   9.61358244118876e+01   2.99618686893881e+04
   0.00000   7.77302584878620e+02   8.14618404147074e+03
   0.00000   3.90839465344310e+03   5.95572423672164e+03
   3.00000   1.86939224493794e+02   9.61064877283294e+08
   4.00000   2.05570005922389e+02   7.07509063019513e+10
   8.00000   2.10250127601298e+01   4.58168375718102e+07
   8.00000   7.22948431633016e+01   5.63102708228051e+12
   9.00000   1.95548043911028e+00   2.29514151149669e-07
   9.00000   7.39407479792485e+00   7.69887885555370e+01
  10.00000   1.95548043911028e+00   0.00000000000000e+00
  10.00000   2.85950409445206e+00   1.15034987954521e-05
  10.00000   3.14448867124256e+00   2.91537897012881e-04
  10.00000   8.94133698181051e+00   3.26076263308909e+01
  10.00000   9.83245063352598e+00   2.73356842018606e+03
  10.00000   3.07449304380935e+01   6.69553110918100e+09
  10.00000   3.38090390037545e+01   1.80037071331512e+10
  10.00000   7.94999090077613e+01   8.47454057316323e+14
  10.00000   1.16252922181974e+02   8.03167562207889e+16
  10.00000   3.30564572184792e+02   8.05038848396126e+20
  10.00000   5.84537229570791e+02   8.76301192846215e+22
  10.00000   2.67276738926848e+03   4.85847638704557e+30
  10.00000   2.93914136815803e+03   0.00000000000000e+00
STATE 38 +0 29 Sr
   0.00000   2.15036799546775e+00   2.19204950104703e+00
   0.00000   2.36467848179340e+00   7.64216036028941e-01
   0.00000   7.39407479792485e+00   1.26975966758656e+02
   0.00000   2.31204125796599e+01   2.22359370156367e+03
   0.00000   8.74230478371189e+01   1.32183622635665e+04
   0.00000   9.61358244118876e+01   3.12866437179842e+04
   0.00000   7.77302584878620e+02   7.99455851370967e+03
   0.00000   3.90839465344310e+03   0.00000000000000e+00
   0.00000   4.29791401045426e+03   7.28521281381967e+03
   3.00000   1.86939224493794e+02   1.01428242388436e+09
   4.00000   2.05570005922389e+02   6.73185138336296e+10
   7.00000   1.77825551524317e+00   2.86883961787889e-06
   7.00000   6.57427714476519e+01   4.59384950883113e+11
   8.00000   1.95548043911028e+00   1.74097765580254e-05
   8.00000   2.10250127601298e+01   4.66041323731968e+07
   8.00000   7.22948431633016e+01   0.00000000000000e+00
   9.00000   7.39407479792485e+00   6.93202928905685e+01
  10.00000   2.85950409445206e+00   0.00000000000000e+00
  10.00000   3.14448867124256e+00   5.61730522053763e-04
  10.00000   8.94133698181051e+00   3.72963314782719e+01
  10.00000   9.83245063352598e+00   2.76692340254617e+03
  10.00000   3.07449304380935e+01   6.23451233789622e+09
  10.00000   3.38090390037545e+01   2.00481648625779e+10
  10.00000   7.94999090077613e+01   5.98810831056756e+14
  10.00000   1.16252922181974e+02   6.54903791154486e+16
  10.00000   3.30564572184792e+02   1.27100233337059e+21
  10.00000   5.84537229570791e+02   2.65986327782445e+23
  10.00000   2.67276738926848e+03   3.49862399208170e+30
  10.00000   2.93914136815803e+03   0.00000000000000e+00
STATE 39 -1 27 Sr
   0.00000   6.87703203685049e-01   2.21120975095256e-02
   0.00000   2.15036799546775e+00   0.00000000000000e+00
   0.00000   2.36467848179340e+00   3.26788238002885e+00
   0.00000   7.39407479792485e+00   1.30179318221668e+02
   0.00000   2.31204125796599e+01   2.22221188650558e+03
   0.00000   8.74230478371189e+01   1.40634899246521e+04
   0.00000   9.61358244118876e+01   3.03985945493786e+04
   0.00000   7.77302584878620e+02   8.16733839562164e+03
   3.00000   1.86939224493794e+02   8.82585322757946e+08
   4.00000   2.05570005922389e+02   7.56199112564978e+10
   8.00000   1.95548043911028e+00   1.42409357231252e-05
   8.00000   6.72395081359793e+00   3.44083225148678e+01
   8.00000   2.10250127601298e+01   4.52375309445891e+07
   8.00000   7.22948431633016e+01   5.78473664342927e+12
   9.00000   2.31204125796599e+01   0.00000000000000e+00
  10.00000   1.00563017014884e+00   3.91101568375017e-11
  10.00000   1.10585352321333e+00   1.85330821666503e-10
  10.00000   2.85950409445206e+00   9.11656842783396e-05
  10.00000   8.94133698181051e+00   2.95831599805933e+02
  10.00000   9.83245063352598e+00   2.29932427165615e+03
  10.00000   3.07449304380935e+01   6.98880147613858e+09
  10.00000   3.38090390037545e+01   1.72646569083129e+10
  10.00000   7.94999090077613e+01   8.26566793754442e+14
  10.00000   1.16252922181974e+02   7.95294937577204e+16
  10.00000   3.30564572184792e+02   8.47860592698287e+20
  10.00000   5.84537229570791e+02   1.38001972519630e+23
  10.00000   2.93914136815803e+03   1.07549184502360e+31
# orbitals: 1s2
CORE 2 5 Sr
   0.00000   7.22948431633016e+01   1.81228503007768e+04
   0.00000   7.94999090077613e+01   1.26485125543376e+04
   0.00000   1.05716935796754e+02   7.09989764370097e+03
   0.00000   1.16252922181974e+02   0.00000000000000e+00
   0.00000   2.26057572718421e+02   4.99254564478356e+03
# orbitals: 1s2 2s2
CORE 4 16 Sr
   0.00000   1.91195187387146e+01   0.00000000000000e+00
   0.00000   2.10250127601298e+01   1.61423723997277e+02
   0.00000   7.94999090077613e+01   1.39446390606605e+04
   0.00000   8.74230478371189e+01   3.02582414526333e+04
   0.00000   5.31560700664520e+02   7.56446651748730e+03
   0.00000   5.84537229570791e+02   0.00000000000000e+00
   0.00000   2.93914136815803e+03   9.80109019496872e+03
   4.00000   3.71785234856520e+01   1.13635862696000e+07
   4.00000   1.86939224493794e+02   4.65961859927327e+10
   5.00000   4.49583911518810e+01   1.56196889047266e+07
   5.00000   2.05570005922389e+02   1.28186823575258e+11
   7.00000   5.97845130925216e+01   4.54029938321586e+10
  10.00000   8.74230478371189e+01   0.00000000000000e+00
  10.00000   9.61358244118876e+01   1.86561280721303e+15
  10.00000   2.73361710586537e+02   1.74902280276851e+20
  10.00000   2.00994062724508e+03   3.07513465209492e+29
# orbitals: 1s2 2s2 2p6
CORE 10 17 Sr
   0.00000   2.10250127601298e+01   1.50146635475427e+01
   0.00000   2.31204125796599e+01   1.98280162457920e+03
   0.00000   8.74230478371189e+01   1.50004837197630e+04
   0.00000   9.61358244118876e+01   2.90083458132667e+04
   0.00000   7.77302584878620e+02   7.86136901196189e+03
   0.00000   8.54770299864440e+02   0.00000000000000e+00
   3.00000   3.38090390037545e+01   2.34254934638402e+06
   3.00000   1.86939224493794e+02   1.54743434837469e+09
   4.00000   4.08838183309404e+01   2.50631114766699e+07
   4.00000   2.05570005922389e+02   7.31703500668654e+10
   5.00000   2.21025580781811e+03   0.00000000000000e+00
   7.00000   6.57427714476519e+01   2.06744891205011e+11
  10.00000   9.61358244118876e+01   0.00000000000000e+00
  10.00000   1.05716935796754e+02   7.96156634048408e+15
  10.00000   3.00605550367490e+02   9.23087655668319e+20
  10.00000   3.30564572184792e+02   0.00000000000000e+00
  10.00000   3.55417738230833e+03   1.45683406640576e+32
# orbitals: 1s2 2s2 2p6 3s2
CORE 12 18 Sr
   0.00000   7.39407479792485e+00   0.00000000000000e+00
   0.00000   8.13098483807211e+00   6.19410154498793e+00
   0.00000   1.91195187387146e+01   4.42843434308469e+02
   0.00000   2.10250127601298e+01   1.59206098961096e+03
   0.00000   9.61358244118876e+01   4.53483186675878e+04
   0.00000   7.77302584878620e+02   6.58094163244122e+03
   0.00000   8.54770299864440e+02   3.64851291911765e+02
   3.00000   1.86939224493794e+02   3.15233659334871e+09
   4.00000   2.05570005922389e+02   4.86048411913017e+10
   7.00000   1.73867193789899e+01   2.66430681827716e+05
   7.00000   5.97845130925216e+01   1.56742795171943e+11
   8.00000   1.73867193789899e+01   1.99639506378014e+05
   8.00000   6.57427714476519e+01   1.85612462551207e+12
  10.00000   2.79585216112837e+01   1.06415212051946e+09
  10.00000   1.05716935796754e+02   1.48361933418151e+16
  10.00000   1.16252922181974e+02   1.68540146932386e+16
  10.00000   3.00605550367490e+02   1.12221203569434e+21
  10.00000   3.30564572184792e+02   0.00000000000000e+00
# orbitals: 1s2 2s2 2p6 3s2 3p6
CORE 18 22 Sr
   0.00000   7.39407479792485e+00   3.07263643469997e+01
   0.00000   8.13098483807211e+00   3.11387338455228e+00
   0.00000   2.31204125796599e+01   2.43732844658641e+03
   0.00000   8.74230478371189e+01   9.88705707257691e+03
   0.00000   9.61358244118876e+01   3.44911442111582e+04
   0.00000   7.77302584878620e+02   7.73844709422529e+03
   0.00000   3.90839465344310e+03   6.65722786489197e+03
   3.00000   1.86939224493794e+02   1.35197725488333e+09
   4.00000   2.05570005922389e+02   5.67250609625259e+10
   6.00000   1.58109633874638e+01   3.85881002721038e+05
   7.00000   1.73867193789899e+01   0.00000000000000e+00
   7.00000   6.57427714476519e+01   6.95018916005182e+11
   8.00000   2.10250127601298e+01   6.79046622598149e+06
   9.00000   7.22948431633016e+01   0.00000000000000e+00
  10.00000   2.79585216112837e+01   8.10423887411867e+08
  10.00000   3.07449304380935e+01   6.08297830780041e+09
  10.00000   7.22948431633016e+01   1.19689345843361e+14
  10.00000   1.16252922181974e+02   5.62341738029561e+16
  10.00000   3.30564572184792e+02   1.47417437227081e+21
  10.00000   5.84537229570791e+02   2.68990314086628e+23
  10.00000   2.67276738926848e+03   2.86168911784600e+30
  10.00000   2.93914136815803e+03   4.26253863512918e+29
# orbitals: 1s2 2s2 2p6 3s2 3p6 3d10
CORE 28 19 Sr
   0.00000   6.72395081359793e+00   7.53874714458540e+01
   0.00000   7.39407479792485e+00   6.37945573323351e+01
   0.00000   2.31204125796599e+01   1.26589523968081e+03
   0.00000   2.54246446340990e+01   1.03706810045004e+03
   0.00000   8.74230478371189e+01   1.41247371197331e+04
   0.00000   9.61358244118876e+01   3.00863673174839e+04
   0.00000   7.77302584878620e+02   8.22953986825555e+03
   3.00000   1.86939224493794e+02   9.17932048242371e+08
   4.00000   1.18899601199660e+01   8.05547470945102e+03
   4.00000   2.05570005922389e+02   7.41957464216391e+10
   6.00000   1.58109633874638e+01   2.57204866878518e+05
   8.00000   2.10250127601298e+01   1.93241202452062e+07
   8.00000   7.22948431633016e+01   5.03803288128148e+12
  10.00000   2.79585216112837e+01   0.00000000000000e+00
  10.00000   3.07449304380935e+01   9.93992386705416e+09
  10.00000   7.94999090077613e+01   9.74265226741826e+14
  10.00000   1.16252922181974e+02   8.39110567484260e+16
  10.00000   3.30564572184792e+02   5.73763027530097e+20
  10.00000   2.93914136815803e+03   1.41157587081328e+31
# orbitals: 1s2 2s2 2p6 3s2 3p6 3d10 4s2
CORE 30 23 Sr
   0.00000   2.85950409445206e+00   0.00000000000000e+00
   0.00000   6.11456007401668e+00   1.06844544850162e+02
   0.00000   6.72395081359793e+00   1.37296327414619e+01
   0.00000   2.31204125796599e+01   1.33180678209014e+03
   0.00000   2.54246446340990e+01   1.00870113585930e+03
   0.00000   8.74230478371189e+01   1.26539890306277e+04
   0.00000   9.61358244118876e+01   3.16618496368827e+04
   0.00000   7.06855758271908e+02   6.71749280498307e+03
   0.00000   7.77302584878620e+02   8.35442962610114e+02
   3.00000   1.86939224493794e+02   1.24178663844975e+09
   4.00000   2.05570005922389e+02   6.11754529521285e+10
   8.00000   2.10250127601298e+01   0.00000000000000e+00
   8.00000   7.22948431633016e+01   5.56797676834004e+12
   9.00000   6.11456007401668e+00   0.00000000000000e+00
  10.00000   6.72395081359793e+00   2.49468609702976e+00
  10.00000   8.94133698181051e+00   1.78918443129741e+02
  10.00000   9.83245063352598e+00   1.10657328361155e+03
  10.00000   2.31204125796599e+01   2.92807270325394e+08
  10.00000   3.07449304380935e+01   1.41339082765619e+10
  10.00000   7.94999090077613e+01   9.27056122475184e+14
  10.00000   1.16252922181974e+02   8.32134758772814e+16
  10.00000   3.30564572184792e+02   7.74609072863427e+20
  10.00000   2.93914136815803e+03   5.51937269942426e+30
# orbitals: 1s2 2s2 2p6 3s2 3p6 3d10 4s2 4p6
CORE 36 24 Sr
   0.00000   2.36467848179340e+00   1.73737972702447e-01
   0.00000   2.60034763075072e+00   3.60893576053602e+00
   0.00000   6.72395081359793e+00   1.23915133467813e+01
   0.00000   7.39407479792485e+00   1.14107719334712e+02
   0.00000   2.31204125796599e+01   2.34313678028795e+03
   0.00000   2.54246446340990e+01   0.00000000000000e+00
   0.00000   9.61358244118876e+01   4.50339741402001e+04
   0.00000   7.06855758271908e+02   0.00000000000000e+00
   0.00000   7.77302584878620e+02   6.09941437752985e+03
   3.00000   1.86939224493794e+02   2.18764887050897e+09
   4.00000   2.05570005922389e+02   1.54555158303116e+10
   6.00000   5.05646019556792e+00   0.00000000000000e+00
   7.00000   5.56039833354358e+00   1.19396243302262e+01
   8.00000   2.10250127601298e+01   4.45856345145523e+07
   8.00000   7.22948431633016e+01   7.57086935610135e+12
  10.00000   8.94133698181051e+00   4.40167735576053e+02
  10.00000   9.83245063352598e+00   2.23767834643172e+03
  10.00000   3.07449304380935e+01   7.24851919028144e+09
  10.00000   3.38090390037545e+01   1.63702081237708e+10
  10.00000   7.94999090077613e+01   5.75528009451008e+14
  10.00000   1.16252922181974e+02   6.36050824442408e+16
  10.00000   3.30564572184792e+02   4.23442075024442e+21
  10.00000   5.84537229570791e+02   1.32087829156381e+24
  10.00000   2.93914136815803e+03   0.00000000000000e+00
