# Free-atom, free-ion and frozen-core density fits -- Lv (Z = 116)
#
#   rho(r) = sum_i c_i r^n_i exp(-alpha_i r)      r in bohr, rho in e/bohr^3
#
# All-electron B86BPBE densities (scalar-relativistic, spin-restricted),
# fitted with rhofit.py (monotone decay imposed).  Two kinds of block:
#
#   STATE <N> <q> <nterm> <symbol>
#     the atom or ion with N electrons (charge q), in order of increasing N;
#   CORE <N_core> <nterm> <symbol>
#     the frozen core of the neutral atom with N_core electrons, for a
#     pseudopotential with Z - N_core valence electrons, in order of
#     increasing N_core, each preceded by a '# orbitals:' comment.
#
# Each block header is followed by nterm lines:   n   alpha   c
#
# Generated 2026-09-23 by combine_fits.py from
#   /home/alberto/doc/manuals/critic2/atomic_density_fits/15_rhofit/rho_b86bpbe_mono/fit_116_Lv.dat
#     recipe: --npow 0,1,2,3,4,5,6,7,8,9,10 --amin 0.2 --ratio 1.1 --mom 3 --cusp none --targetz 1e-3 --besteffort --monotone --stats
#   /home/alberto/doc/manuals/critic2/atomic_density_fits/15_rhofit/core_b86bpbe_mono/core_116_Lv.dat
#     recipe: --npow 0,1,2,3,4,5,6,7,8,9,10 --amin 0.2 --ratio 1.1 --mom 3 --cusp none --besteffort --monotone --stats --target 1e-3*N_core
#
STATE 115 +1 34 Lv
   0.00000   1.61015620501259e+00   5.38990012683116e-01
   0.00000   1.77028204754353e+00   0.00000000000000e+00
   0.00000   3.12672147426128e+00   4.01410638411405e+01
   0.00000   3.43766578442637e+00   0.00000000000000e+00
   0.00000   3.04281901181233e+01   8.65526086614612e+03
   0.00000   3.34541944052776e+01   9.83341295598793e+03
   0.00000   1.04362395372380e+02   1.85047648156923e+05
   0.00000   4.75702377326203e+02   4.89731614626227e+06
   0.00000   5.23009740255464e+02   9.51142519774609e+03
   0.00000   1.22766499786140e+03   9.45069526124199e+06
   0.00000   1.34975308566079e+03   0.00000000000000e+00
   0.00000   2.62105126493178e+03   1.41944466165344e+07
   0.00000   4.62937376932327e+03   1.49141199050896e+07
   0.00000   5.08975293806221e+03   1.35147746547443e+07
   0.00000   2.32000000000000e+04   3.54402761165613e+08
   3.00000   2.32000000000000e+04   6.04800112017166e+18
   4.00000   2.32000000000000e+04   3.04596845322800e+23
   8.00000   3.43766578442637e+00   0.00000000000000e+00
   8.00000   3.25564843556442e+02   5.33013249772067e+19
   9.00000   3.43766578442637e+00   3.26778493789920e-03
   9.00000   1.14740963883638e+02   4.95164571793686e+16
  10.00000   5.02298027096732e+00   2.75313396823847e-01
  10.00000   1.42521531173730e+01   9.78762563086945e+04
  10.00000   1.56694926392746e+01   9.98476782776940e+05
  10.00000   2.51725499156395e+01   3.14212180997195e+09
  10.00000   2.76758944677679e+01   6.89751889425867e+09
  10.00000   5.37431171474959e+01   2.89308370360294e+13
  10.00000   5.90877302270789e+01   3.45914119562498e+14
  10.00000   1.38697107567116e+02   3.69873272522702e+18
  10.00000   1.52490173815379e+02   3.57436423081335e+18
  10.00000   3.57941419636850e+02   2.38316826479066e+23
  10.00000   5.23009740255464e+02   1.59149382053526e+25
  10.00000   1.34975308566079e+03   1.07389566544046e+29
  10.00000   1.48398251593428e+03   0.00000000000000e+00
STATE 116 +0 34 Lv
   0.00000   1.33204562234265e+00   3.84265521342769e-01
   0.00000   1.46451409149071e+00   0.00000000000000e+00
   0.00000   3.12672147426128e+00   3.79866040720217e+01
   0.00000   3.43766578442637e+00   2.53468586317788e+00
   0.00000   3.04281901181233e+01   8.68287455556304e+03
   0.00000   3.34541944052776e+01   9.80110841209279e+03
   0.00000   1.04362395372380e+02   1.85197576060381e+05
   0.00000   4.75702377326203e+02   4.79235064606789e+06
   0.00000   5.23009740255464e+02   1.43878307294333e+05
   0.00000   1.22766499786140e+03   9.31818844462615e+06
   0.00000   2.62105126493178e+03   1.50124434023607e+07
   0.00000   4.62937376932327e+03   1.88591559798707e+07
   0.00000   5.08975293806221e+03   0.00000000000000e+00
   0.00000   2.32000000000000e+04   3.75580487937448e+08
   3.00000   2.32000000000000e+04   1.85668744896016e+19
   4.00000   2.32000000000000e+04   4.27276561988430e+23
   8.00000   3.25564843556442e+02   5.35754823786270e+19
   9.00000   3.12672147426128e+00   1.05566690737269e-03
   9.00000   1.14740963883638e+02   4.94022502507477e+16
  10.00000   4.56864083447977e+00   3.09034098510083e-02
  10.00000   5.02298027096732e+00   2.04384614365089e-01
  10.00000   1.42521531173730e+01   1.40426827952314e+05
  10.00000   1.56694926392746e+01   9.49546410750575e+05
  10.00000   2.51725499156395e+01   3.15271900114257e+09
  10.00000   2.76758944677679e+01   6.88658419981390e+09
  10.00000   5.37431171474959e+01   2.89449363331852e+13
  10.00000   5.90877302270789e+01   3.45813256116133e+14
  10.00000   1.38697107567116e+02   3.71574427940136e+18
  10.00000   1.52490173815379e+02   3.54639002706082e+18
  10.00000   3.57941419636850e+02   2.37449168487770e+23
  10.00000   5.23009740255464e+02   1.58597711531710e+25
  10.00000   1.34975308566079e+03   1.17950217308799e+29
  10.00000   1.48398251593428e+03   0.00000000000000e+00
  10.00000   2.32000000000000e+04   5.15373258095295e+43
STATE 117 -1 34 Lv
   0.00000   1.33204562234265e+00   4.97195759651698e-01
   0.00000   1.46451409149071e+00   0.00000000000000e+00
   0.00000   3.12672147426128e+00   3.22691954324452e+01
   0.00000   3.43766578442637e+00   8.73310845126611e+00
   0.00000   3.04281901181233e+01   8.42825801536032e+03
   0.00000   3.34541944052776e+01   1.00840558591397e+04
   0.00000   1.04362395372380e+02   1.85154468466892e+05
   0.00000   4.75702377326203e+02   4.79208101578089e+06
   0.00000   5.23009740255464e+02   1.44277270790588e+05
   0.00000   1.22766499786140e+03   9.31781359666657e+06
   0.00000   2.62105126493178e+03   1.50135667288793e+07
   0.00000   4.62937376932327e+03   1.88562792993233e+07
   0.00000   5.08975293806221e+03   0.00000000000000e+00
   0.00000   2.32000000000000e+04   3.75586133338749e+08
   3.00000   2.32000000000000e+04   1.85672016271114e+19
   4.00000   2.32000000000000e+04   4.27317184998943e+23
   7.00000   2.84390274991144e+00   8.18944894997717e-03
   8.00000   3.25564843556442e+02   5.33930773428148e+19
   9.00000   1.14740963883638e+02   4.97719647566393e+16
  10.00000   4.56864083447977e+00   6.43469873866196e-03
  10.00000   5.02298027096732e+00   2.82103175938808e-01
  10.00000   1.42521531173730e+01   1.90919043226866e+05
  10.00000   1.56694926392746e+01   9.08346860640426e+05
  10.00000   2.51725499156395e+01   3.14513271926316e+09
  10.00000   2.76758944677679e+01   6.92161731878606e+09
  10.00000   5.37431171474959e+01   2.86442308411217e+13
  10.00000   5.90877302270789e+01   3.46824126675818e+14
  10.00000   1.38697107567116e+02   3.67351874347872e+18
  10.00000   1.52490173815379e+02   3.62682182300742e+18
  10.00000   3.57941419636850e+02   2.37892554299186e+23
  10.00000   5.23009740255464e+02   1.58707359446086e+25
  10.00000   1.34975308566079e+03   1.18122807517903e+29
  10.00000   1.48398251593428e+03   0.00000000000000e+00
  10.00000   2.32000000000000e+04   5.15460064192227e+43
# orbitals: 1s2
CORE 2 13 Lv
   0.00000   1.04362395372380e+02   0.00000000000000e+00
   0.00000   1.14740963883638e+02   1.34130687536345e+02
   0.00000   2.44970695629994e+02   1.58631776334955e+05
   0.00000   2.69332393526775e+02   6.59682536893678e+05
   0.00000   4.32674067758794e+02   1.96529849459834e+06
   0.00000   4.75702377326203e+02   1.66151031891046e+05
   0.00000   8.40198792394073e+02   2.24816192576270e+06
   0.00000   9.23754374831823e+02   2.82511830154362e+06
   0.00000   1.79381517876204e+03   0.00000000000000e+00
   0.00000   1.97220542807442e+03   1.05380775717348e+07
   0.00000   3.82977567295512e+03   1.66014303293815e+07
   0.00000   4.21063689277178e+03   0.00000000000000e+00
   0.00000   1.08665665305580e+04   1.06039183692083e+08
# orbitals: 1s2 2s2
CORE 4 18 Lv
   0.00000   9.49225908447691e+01   3.08575949905920e+04
   0.00000   1.04362395372380e+02   2.49003403784366e+04
   0.00000   3.93537761915719e+02   2.77233918335938e+06
   0.00000   4.32674067758794e+02   7.28900914720656e+05
   0.00000   9.23754374831823e+02   3.86408555035100e+06
   0.00000   1.01561934240522e+03   3.10093667599322e+06
   0.00000   2.16833612324014e+03   1.34977619377564e+07
   0.00000   2.38397150541190e+03   1.26127730021635e+06
   0.00000   5.08975293806221e+03   3.40887159522784e+07
   0.00000   5.59591561653052e+03   0.00000000000000e+00
   0.00000   2.32000000000000e+04   3.22702509529638e+08
   3.00000   2.32000000000000e+04   4.28544834965002e+18
   4.00000   2.32000000000000e+04   2.21764238484865e+23
   5.00000   1.84327770351037e+02   1.56491691832510e+13
   9.00000   2.22812566032750e+02   0.00000000000000e+00
  10.00000   2.22812566032750e+02   5.65693770017307e+18
  10.00000   3.93537761915719e+02   1.49607524563840e+23
  10.00000   1.11662004183245e+03   8.76784403044355e+27
# orbitals: 1s2 2s2 2p6
CORE 10 18 Lv
   0.00000   8.63366370667653e+01   9.82017239397066e+04
   0.00000   9.49225908447691e+01   3.38841303180276e+04
   0.00000   4.32674067758794e+02   2.48716187374712e+06
   0.00000   4.75702377326203e+02   2.02934196129601e+06
   0.00000   1.22766499786140e+03   9.71653390480352e+06
   0.00000   2.88170798929644e+03   1.22421474233750e+07
   0.00000   3.16828634627680e+03   8.14793550857180e+06
   0.00000   6.15241485557300e+03   2.73649022964973e+07
   0.00000   6.76425649508699e+03   0.00000000000000e+00
   0.00000   2.32000000000000e+04   3.16675321070004e+08
   3.00000   1.38697107567116e+02   1.58489717220126e+10
   4.00000   1.67654924591647e+02   0.00000000000000e+00
   4.00000   2.32000000000000e+04   2.39487082202861e+23
   7.00000   2.69332393526775e+02   6.54983461127715e+16
  10.00000   3.93537761915719e+02   1.70328474591201e+23
  10.00000   4.32674067758794e+02   1.18656805872420e+23
  10.00000   1.22766499786140e+03   8.39325306955012e+28
  10.00000   1.34975308566079e+03   0.00000000000000e+00
# orbitals: 1s2 2s2 2p6 3s2
CORE 12 21 Lv
   0.00000   4.44604589942940e+01   3.60584372324032e+03
   0.00000   7.85273013901213e+01   1.28285528520314e+05
   0.00000   4.32674067758794e+02   1.71636357044784e+06
   0.00000   4.75702377326203e+02   3.04447669852082e+06
   0.00000   1.22766499786140e+03   8.13611793474016e+06
   0.00000   1.34975308566079e+03   2.40764924850091e+06
   0.00000   3.16828634627680e+03   2.34808751357269e+07
   0.00000   3.48336417474929e+03   0.00000000000000e+00
   0.00000   6.15241485557300e+03   2.07459035562630e+07
   0.00000   6.76425649508699e+03   0.00000000000000e+00
   0.00000   2.32000000000000e+04   3.42472795157825e+08
   3.00000   2.11015097894300e+04   0.00000000000000e+00
   4.00000   2.32000000000000e+04   3.08455227405516e+23
   7.00000   2.69332393526775e+02   4.44894655740519e+17
   9.00000   9.49225908447691e+01   3.53020991209224e+14
   9.00000   2.96116798853470e+02   2.77377299838088e+20
  10.00000   1.14740963883638e+02   0.00000000000000e+00
  10.00000   1.26151654012635e+02   3.30838826323862e+17
  10.00000   4.75702377326203e+02   2.84158185674619e+24
  10.00000   1.22766499786140e+03   4.45472116541152e+28
  10.00000   1.34975308566079e+03   3.84660258382021e+28
# orbitals: 1s2 2s2 2p6 3s2 3p6
CORE 18 22 Lv
   0.00000   3.67811269405574e+01   2.78248852173270e+03
   0.00000   4.04389142547692e+01   0.00000000000000e+00
   0.00000   8.63366370667653e+01   1.38191422951311e+05
   0.00000   9.49225908447691e+01   3.55360291725400e+04
   0.00000   4.75702377326203e+02   4.36856415016349e+06
   0.00000   5.23009740255464e+02   8.36486596951531e+05
   0.00000   1.34975308566079e+03   1.12545897828880e+07
   0.00000   3.16828634627680e+03   8.27577361952693e+06
   0.00000   3.48336417474929e+03   1.59598725605317e+07
   0.00000   6.15241485557300e+03   1.80985569732390e+07
   0.00000   6.76425649508699e+03   0.00000000000000e+00
   0.00000   2.32000000000000e+04   3.44618598045103e+08
   4.00000   2.32000000000000e+04   3.10399016444742e+23
   7.00000   7.85273013901213e+01   4.08229773089327e+12
   8.00000   8.63366370667653e+01   6.84692628465156e+13
   8.00000   2.96116798853470e+02   5.27816580935005e+19
  10.00000   1.26151654012635e+02   8.56850575876324e+17
  10.00000   1.38697107567116e+02   8.30627619723533e+17
  10.00000   4.75702377326203e+02   2.23376763678966e+24
  10.00000   5.23009740255464e+02   5.65396497925432e+24
  10.00000   1.34975308566079e+03   2.53964272456491e+29
  10.00000   1.48398251593428e+03   0.00000000000000e+00
# orbitals: 1s2 2s2 2p6 3s2 3p6 3d10
CORE 28 23 Lv
   0.00000   3.67811269405574e+01   8.85906495345193e+03
   0.00000   4.04389142547692e+01   1.12289365143530e+04
   0.00000   9.49225908447691e+01   1.52883482381772e+05
   0.00000   4.75702377326203e+02   5.01401961367210e+06
   0.00000   5.23009740255464e+02   0.00000000000000e+00
   0.00000   1.22766499786140e+03   4.56739829051180e+06
   0.00000   1.34975308566079e+03   5.94466005630896e+06
   0.00000   3.16828634627680e+03   2.34399934235160e+07
   0.00000   3.48336417474929e+03   0.00000000000000e+00
   0.00000   6.76425649508699e+03   2.71916148701114e+07
   0.00000   2.32000000000000e+04   3.23728280748956e+08
   4.00000   2.32000000000000e+04   2.50719136221153e+23
   7.00000   7.85273013901213e+01   1.07193591754361e+13
   7.00000   8.63366370667653e+01   1.01917097981726e+13
   7.00000   2.96116798853470e+02   9.81358305914167e+17
   8.00000   8.63366370667653e+01   0.00000000000000e+00
   9.00000   3.25564843556442e+02   1.62482299331783e+21
  10.00000   1.26151654012635e+02   6.83016018303953e+17
  10.00000   1.38697107567116e+02   2.67427174192803e+18
  10.00000   3.57941419636850e+02   0.00000000000000e+00
  10.00000   5.23009740255464e+02   6.65272146305470e+24
  10.00000   1.34975308566079e+03   2.54343951258373e+29
  10.00000   1.48398251593428e+03   0.00000000000000e+00
# orbitals: 1s2 2s2 2p6 3s2 3p6 3d10 4s2
CORE 30 23 Lv
   0.00000   2.76758944677679e+01   8.47744914134561e+03
   0.00000   3.04281901181233e+01   5.05507603328047e+03
   0.00000   1.04362395372380e+02   1.83440064594855e+05
   0.00000   4.75702377326203e+02   4.92228995914438e+06
   0.00000   1.22766499786140e+03   8.64614727478767e+06
   0.00000   1.34975308566079e+03   1.04807899642498e+06
   0.00000   2.88170798929644e+03   2.01261469826751e+07
   0.00000   3.16828634627680e+03   0.00000000000000e+00
   0.00000   6.15241485557300e+03   3.22863508615943e+07
   0.00000   6.76425649508699e+03   0.00000000000000e+00
   0.00000   2.32000000000000e+04   3.26535899292661e+08
   4.00000   2.32000000000000e+04   2.28222586773585e+23
   7.00000   2.96116798853470e+02   5.37452368436868e+17
   9.00000   1.04362395372380e+02   1.35424756402669e+16
   9.00000   3.25564843556442e+02   3.57519955650842e+21
  10.00000   5.37431171474959e+01   1.20473766809282e+12
  10.00000   5.90877302270789e+01   9.70902944759163e+12
  10.00000   1.26151654012635e+02   1.07178619021091e+17
  10.00000   1.38697107567116e+02   3.22942489404016e+18
  10.00000   3.57941419636850e+02   0.00000000000000e+00
  10.00000   5.23009740255464e+02   1.44060309350195e+25
  10.00000   1.34975308566079e+03   1.52413139117866e+29
  10.00000   1.48398251593428e+03   0.00000000000000e+00
# orbitals: 1s2 2s2 2p6 3s2 3p6 3d10 4s2 4p6
CORE 36 27 Lv
   0.00000   2.28956382961113e+01   1.85541182288282e+03
   0.00000   3.34541944052776e+01   1.24294080639432e+04
   0.00000   1.04362395372380e+02   1.93637327066323e+05
   0.00000   4.75702377326203e+02   4.86988186137027e+06
   0.00000   1.22766499786140e+03   9.58977415528767e+06
   0.00000   1.34975308566079e+03   0.00000000000000e+00
   0.00000   2.62105126493178e+03   0.00000000000000e+00
   0.00000   2.88170798929644e+03   2.05611371474453e+07
   0.00000   4.62937376932327e+03   5.26065921012720e+06
   0.00000   2.32000000000000e+04   3.91311570630046e+08
   3.00000   2.32000000000000e+04   3.45672661609588e+19
   4.00000   2.32000000000000e+04   4.94650888671855e+23
   7.00000   2.96116798853470e+02   0.00000000000000e+00
   9.00000   4.04389142547692e+01   4.38748800480059e+10
   9.00000   1.14740963883638e+02   7.85464937742056e+16
   9.00000   3.25564843556442e+02   4.49131224223613e+21
   9.00000   2.32000000000000e+04   1.75949662773351e+40
  10.00000   4.04389142547692e+01   0.00000000000000e+00
  10.00000   5.37431171474959e+01   2.54291814789516e+13
  10.00000   5.90877302270789e+01   1.96829999886801e+13
  10.00000   1.38697107567116e+02   0.00000000000000e+00
  10.00000   1.52490173815379e+02   5.21086768944773e+18
  10.00000   4.75702377326203e+02   2.36919559553395e+24
  10.00000   5.23009740255464e+02   1.25319738382243e+25
  10.00000   1.34975308566079e+03   4.39420442132188e+28
  10.00000   1.48398251593428e+03   1.17403453913140e+29
  10.00000   2.32000000000000e+04   5.25241121236522e+43
# orbitals: 1s2 2s2 2p6 3s2 3p6 3d10 4s2 4p6 4d10
CORE 46 26 Lv
   0.00000   1.89410410419388e+01   1.13913157786184e+02
   0.00000   2.08246782603724e+01   0.00000000000000e+00
   0.00000   3.67811269405574e+01   2.26443119423181e+04
   0.00000   1.04362395372380e+02   1.74422775793009e+05
   0.00000   4.75702377326203e+02   4.92140053385137e+06
   0.00000   1.22766499786140e+03   8.84155686627749e+06
   0.00000   1.34975308566079e+03   7.51107385855173e+05
   0.00000   2.62105126493178e+03   0.00000000000000e+00
   0.00000   2.88170798929644e+03   2.10487496527707e+07
   0.00000   5.08975293806221e+03   3.96723942701444e+06
   0.00000   2.32000000000000e+04   3.93686423437967e+08
   3.00000   2.32000000000000e+04   3.41038415405429e+19
   4.00000   2.32000000000000e+04   5.20028005526606e+23
   8.00000   3.25564843556442e+02   4.71165385602175e+19
   9.00000   4.04389142547692e+01   8.83788086303308e+10
   9.00000   1.14740963883638e+02   4.11665569530229e+16
   9.00000   2.32000000000000e+04   1.58253477847075e+40
  10.00000   4.04389142547692e+01   2.72593930094262e+11
  10.00000   5.37431171474959e+01   5.72952937952277e+13
  10.00000   5.90877302270789e+01   4.10849227107569e+13
  10.00000   1.26151654012635e+02   1.20687576598894e+18
  10.00000   1.52490173815379e+02   7.33465022196563e+18
  10.00000   3.57941419636850e+02   2.41183624001026e+23
  10.00000   5.23009740255464e+02   1.48687314326355e+25
  10.00000   1.34975308566079e+03   1.47687407353223e+29
  10.00000   2.32000000000000e+04   6.46568338155837e+43
# orbitals: 1s2 2s2 2p6 3s2 3p6 3d10 4s2 4p6 4d10 4f14
CORE 60 27 Lv
   0.00000   1.72277828865718e+01   2.11940224900197e+03
   0.00000   1.89410410419388e+01   1.02288865006257e+03
   0.00000   4.04389142547692e+01   1.87532837943378e+04
   0.00000   1.04362395372380e+02   1.76824131109188e+05
   0.00000   4.75702377326203e+02   4.91514022485787e+06
   0.00000   5.23009740255464e+02   0.00000000000000e+00
   0.00000   1.22766499786140e+03   9.29237281574011e+06
   0.00000   1.34975308566079e+03   0.00000000000000e+00
   0.00000   2.62105126493178e+03   1.48174820365673e+07
   0.00000   2.88170798929644e+03   3.12434162206340e+05
   0.00000   5.08975293806221e+03   2.97704821045566e+07
   0.00000   2.32000000000000e+04   3.47035304264941e+08
   3.00000   2.32000000000000e+04   4.36943783944963e+18
   4.00000   2.32000000000000e+04   2.79421418922492e+23
   8.00000   3.25564843556442e+02   1.60692344668705e+19
   9.00000   4.04389142547692e+01   1.29570976409148e+11
   9.00000   1.26151654012635e+02   1.39648081574333e+17
   9.00000   3.57941419636850e+02   2.48528046711966e+21
  10.00000   4.04389142547692e+01   4.44025084121490e+11
  10.00000   5.37431171474959e+01   6.85122959365848e+13
  10.00000   5.90877302270789e+01   6.41224464125027e+13
  10.00000   1.26151654012635e+02   1.23470753991934e+18
  10.00000   1.38697107567116e+02   0.00000000000000e+00
  10.00000   3.57941419636850e+02   2.50209538538325e+23
  10.00000   5.23009740255464e+02   1.55203758256709e+25
  10.00000   1.34975308566079e+03   1.35887969119487e+29
  10.00000   1.48398251593428e+03   0.00000000000000e+00
# orbitals: 1s2 2s2 2p6 3s2 3p6 3d10 4s2 4p6 4d10 4f14 5s2
CORE 62 27 Lv
   0.00000   1.42521531173730e+01   1.26159785557395e+03
   0.00000   1.56694926392746e+01   7.52595092637268e+02
   0.00000   4.04389142547692e+01   2.09402958834453e+04
   0.00000   4.44604589942940e+01   0.00000000000000e+00
   0.00000   1.04362395372380e+02   1.75331138254885e+05
   0.00000   4.75702377326203e+02   4.92664133510181e+06
   0.00000   1.22766499786140e+03   8.59801533192336e+06
   0.00000   1.34975308566079e+03   1.17445422410570e+06
   0.00000   2.62105126493178e+03   0.00000000000000e+00
   0.00000   2.88170798929644e+03   2.00596942049959e+07
   0.00000   4.62937376932327e+03   6.03606701673291e+06
   0.00000   2.32000000000000e+04   3.91870779763787e+08
   3.00000   2.32000000000000e+04   3.33872206989038e+19
   4.00000   2.32000000000000e+04   4.96564725799819e+23
   5.00000   2.51725499156395e+01   1.24918610374845e+07
   6.00000   2.76758944677679e+01   0.00000000000000e+00
   7.00000   3.34541944052776e+01   1.42631188626850e+09
   8.00000   3.25564843556442e+02   6.33986585726595e+19
   9.00000   1.26151654012635e+02   1.65620040126783e+17
   9.00000   2.32000000000000e+04   1.57170882814037e+40
  10.00000   5.37431171474959e+01   5.04601563397989e+13
  10.00000   5.90877302270789e+01   8.15891178382342e+13
  10.00000   1.26151654012635e+02   1.05564095770958e+18
  10.00000   3.57941419636850e+02   2.03602631368221e+23
  10.00000   5.23009740255464e+02   1.41512090453569e+25
  10.00000   1.34975308566079e+03   1.24073595002062e+29
  10.00000   2.32000000000000e+04   5.55838062608829e+43
# orbitals: 1s2 2s2 2p6 3s2 3p6 3d10 4s2 4p6 4d10 4f14 5s2 5p6
CORE 68 27 Lv
   0.00000   1.07240076208743e+01   7.87016642550311e+01
   0.00000   1.17904822587107e+01   1.10484939798093e+03
   0.00000   4.04389142547692e+01   2.29094671867858e+04
   0.00000   4.44604589942940e+01   0.00000000000000e+00
   0.00000   1.04362395372380e+02   1.77964337615062e+05
   0.00000   4.75702377326203e+02   3.74387756686143e+06
   0.00000   5.23009740255464e+02   1.55534708816139e+06
   0.00000   1.34975308566079e+03   1.12187774535719e+07
   0.00000   2.88170798929644e+03   0.00000000000000e+00
   0.00000   3.16828634627680e+03   1.96026156112069e+07
   0.00000   5.59591561653052e+03   2.42456011744768e+07
   0.00000   2.32000000000000e+04   3.45981779639125e+08
   3.00000   2.32000000000000e+04   2.98531818942782e+18
   4.00000   2.32000000000000e+04   2.78547283981462e+23
   8.00000   2.28956382961113e+01   9.62336160058014e+07
   9.00000   2.51725499156395e+01   0.00000000000000e+00
   9.00000   1.26151654012635e+02   1.87774171985915e+17
   9.00000   3.57941419636850e+02   4.85286512930632e+21
  10.00000   2.76758944677679e+01   0.00000000000000e+00
  10.00000   3.04281901181233e+01   6.15459753297866e+09
  10.00000   5.37431171474959e+01   5.37900514037301e+13
  10.00000   5.90877302270789e+01   1.37048200895887e+14
  10.00000   1.26151654012635e+02   1.05089109926223e+18
  10.00000   3.57941419636850e+02   2.11835854937168e+23
  10.00000   5.23009740255464e+02   1.47944779923259e+25
  10.00000   1.34975308566079e+03   2.00086976633639e+29
  10.00000   1.48398251593428e+03   0.00000000000000e+00
# orbitals: 1s2 2s2 2p6 3s2 3p6 3d10 4s2 4p6 4d10 4f14 5s2 5p6 5d10
CORE 78 27 Lv
   0.00000   8.87172770001108e+00   0.00000000000000e+00
   0.00000   9.75399792214663e+00   3.85048898236239e+02
   0.00000   3.34541944052776e+01   1.89062687507012e+04
   0.00000   9.49225908447691e+01   9.53487369419387e+04
   0.00000   1.04362395372380e+02   8.74081058975556e+04
   0.00000   4.75702377326203e+02   1.26598081247707e+06
   0.00000   5.23009740255464e+02   4.66413553472746e+06
   0.00000   1.48398251593428e+03   1.22303948309629e+07
   0.00000   3.48336417474929e+03   2.36446550235872e+07
   0.00000   3.82977567295512e+03   0.00000000000000e+00
   0.00000   6.76425649508699e+03   2.35873913233907e+07
   0.00000   7.43694419271491e+03   0.00000000000000e+00
   0.00000   2.32000000000000e+04   3.33019599438291e+08
   4.00000   2.32000000000000e+04   2.65033202168701e+23
   7.00000   3.25564843556442e+02   0.00000000000000e+00
   9.00000   1.89410410419388e+01   7.97105907484582e+06
   9.00000   3.57941419636850e+02   1.07407578616621e+22
  10.00000   1.89410410419388e+01   7.92190782807412e+06
  10.00000   2.51725499156395e+01   2.29288772961740e+09
  10.00000   2.76758944677679e+01   4.77954436469212e+09
  10.00000   5.37431171474959e+01   5.38222728913762e+13
  10.00000   5.90877302270789e+01   2.18247270775455e+14
  10.00000   1.26151654012635e+02   1.26310584313684e+18
  10.00000   1.38697107567116e+02   5.18200981771353e+18
  10.00000   5.23009740255464e+02   6.31718759107433e+24
  10.00000   1.34975308566079e+03   5.37753014123373e+28
  10.00000   1.48398251593428e+03   1.20119925474231e+30
# orbitals: 1s2 2s2 2p6 3s2 3p6 3d10 4s2 4p6 4d10 4f14 5s2 5p6 5d10 6s2
CORE 80 27 Lv
   0.00000   6.67551595058764e+00   2.72735628240186e+01
   0.00000   7.33937863210197e+00   2.19761372576107e+02
   0.00000   3.34541944052776e+01   2.02832402175270e+04
   0.00000   3.67811269405574e+01   0.00000000000000e+00
   0.00000   1.04362395372380e+02   1.84151108138132e+05
   0.00000   4.75702377326203e+02   3.55752322453205e+06
   0.00000   5.23009740255464e+02   1.77274314237974e+06
   0.00000   1.34975308566079e+03   1.11425720239452e+07
   0.00000   1.48398251593428e+03   0.00000000000000e+00
   0.00000   3.16828634627680e+03   1.99336151016845e+07
   0.00000   5.59591561653052e+03   2.34054798110203e+07
   0.00000   6.15241485557300e+03   0.00000000000000e+00
   0.00000   2.32000000000000e+04   3.48156678198239e+08
   3.00000   2.11015097894300e+04   2.71228941655781e+18
   4.00000   2.32000000000000e+04   2.82272288934689e+23
   9.00000   3.57941419636850e+02   6.58508069154932e+21
  10.00000   1.72277828865718e+01   4.17802125548897e+06
  10.00000   2.51725499156395e+01   2.04053504296645e+09
  10.00000   2.76758944677679e+01   2.99680297513824e+09
  10.00000   5.37431171474959e+01   4.48795766176892e+13
  10.00000   5.90877302270789e+01   2.40119569006437e+14
  10.00000   1.26151654012635e+02   1.19728745071283e+18
  10.00000   1.38697107567116e+02   5.19682720356378e+18
  10.00000   3.57941419636850e+02   1.55113042652478e+23
  10.00000   5.23009740255464e+02   1.34736082205578e+25
  10.00000   1.34975308566079e+03   1.48692611029086e+29
  10.00000   1.48398251593428e+03   1.60564928296557e+29
# orbitals: 1s2 2s2 2p6 3s2 3p6 3d10 4s2 4p6 4d10 4f14 5s2 5p6 5d10 5f14
CORE 92 29 Lv
   0.00000   6.07170108538022e+00   5.20525866251053e+01
   0.00000   6.67551595058764e+00   5.62463436556029e+01
   0.00000   3.04281901181233e+01   1.48982914180003e+04
   0.00000   3.34541944052776e+01   2.55541786789953e+03
   0.00000   1.04362395372380e+02   1.86118122879118e+05
   0.00000   4.75702377326203e+02   4.90095938503296e+06
   0.00000   5.23009740255464e+02   0.00000000000000e+00
   0.00000   1.22766499786140e+03   9.47377296427537e+06
   0.00000   1.34975308566079e+03   0.00000000000000e+00
   0.00000   2.62105126493178e+03   1.05763425889587e+07
   0.00000   2.88170798929644e+03   5.55601614324192e+06
   0.00000   5.08975293806221e+03   2.77813778427722e+07
   0.00000   2.32000000000000e+04   3.50972751292569e+08
   3.00000   2.32000000000000e+04   4.30070511515314e+18
   4.00000   2.32000000000000e+04   2.96326409619630e+23
   7.00000   1.56694926392746e+01   0.00000000000000e+00
   8.00000   1.56694926392746e+01   1.95590700014157e+06
   9.00000   1.72277828865718e+01   2.54267209901796e+06
   9.00000   3.57941419636850e+02   3.02741257075893e+21
  10.00000   2.51725499156395e+01   4.99438018802368e+09
  10.00000   5.37431171474959e+01   4.57377648407210e+13
  10.00000   5.90877302270789e+01   2.74022745836000e+14
  10.00000   1.26151654012635e+02   1.76875695736671e+18
  10.00000   1.38697107567116e+02   1.66024664740570e+18
  10.00000   1.52490173815379e+02   6.07469904050515e+18
  10.00000   3.57941419636850e+02   2.84299000610673e+23
  10.00000   5.23009740255464e+02   1.75135750440801e+25
  10.00000   1.34975308566079e+03   1.11497762218599e+29
  10.00000   1.48398251593428e+03   0.00000000000000e+00
# orbitals: 1s2 2s2 2p6 3s2 3p6 3d10 4s2 4p6 4d10 4f14 5s2 5p6 5d10 5f14 6s2
CORE 94 30 Lv
   0.00000   6.07170108538022e+00   7.40312071896974e+01
   0.00000   6.67551595058764e+00   5.99650998970233e+01
   0.00000   3.04281901181233e+01   1.12414583256347e+04
   0.00000   3.34541944052776e+01   7.04522778027953e+03
   0.00000   1.04362395372380e+02   1.84891789043025e+05
   0.00000   4.75702377326203e+02   4.90932670572231e+06
   0.00000   5.23009740255464e+02   0.00000000000000e+00
   0.00000   1.22766499786140e+03   8.56576631177391e+06
   0.00000   1.34975308566079e+03   1.35154724981550e+06
   0.00000   2.88170798929644e+03   1.90652876604668e+07
   0.00000   3.16828634627680e+03   0.00000000000000e+00
   0.00000   5.59591561653052e+03   2.71076878725450e+07
   0.00000   2.32000000000000e+04   3.45704388218910e+08
   3.00000   2.32000000000000e+04   0.00000000000000e+00
   4.00000   2.32000000000000e+04   2.91226603172534e+23
   7.00000   1.42521531173730e+01   6.16232294748705e+05
   8.00000   1.56694926392746e+01   8.90411843866376e+05
   9.00000   1.14740963883638e+02   3.70701772511879e+16
   9.00000   3.57941419636850e+02   4.14848621397611e+21
  10.00000   1.72277828865718e+01   0.00000000000000e+00
  10.00000   2.51725499156395e+01   3.94429753863122e+09
  10.00000   2.76758944677679e+01   1.07717106695660e+09
  10.00000   5.37431171474959e+01   3.90328167109195e+13
  10.00000   5.90877302270789e+01   2.87442300304144e+14
  10.00000   1.26151654012635e+02   0.00000000000000e+00
  10.00000   1.38697107567116e+02   5.34967846038215e+18
  10.00000   3.57941419636850e+02   2.43782805007901e+23
  10.00000   5.23009740255464e+02   1.65526907037542e+25
  10.00000   1.34975308566079e+03   1.00304194498816e+29
  10.00000   1.48398251593428e+03   0.00000000000000e+00
# orbitals: 1s2 2s2 2p6 3s2 3p6 3d10 4s2 4p6 4d10 4f14 5s2 5p6 5d10 5f14 6s2 6p6
CORE 100 31 Lv
   0.00000   5.02298027096732e+00   5.18768190279395e+01
   0.00000   3.04281901181233e+01   1.53911296928151e+04
   0.00000   3.34541944052776e+01   2.40398789393116e+03
   0.00000   1.04362395372380e+02   1.88375703284091e+05
   0.00000   4.75702377326203e+02   3.64339918813293e+06
   0.00000   5.23009740255464e+02   1.66487911101953e+06
   0.00000   1.34975308566079e+03   1.12073168269436e+07
   0.00000   1.48398251593428e+03   0.00000000000000e+00
   0.00000   2.88170798929644e+03   0.00000000000000e+00
   0.00000   3.16828634627680e+03   1.96740879346781e+07
   0.00000   5.59591561653052e+03   2.41384038895922e+07
   0.00000   6.15241485557300e+03   0.00000000000000e+00
   0.00000   2.32000000000000e+04   3.46518468193382e+08
   3.00000   7.33937863210197e+00   8.15845778037384e+02
   3.00000   2.32000000000000e+04   2.96521299555024e+18
   4.00000   8.87172770001108e+00   3.27835562657662e+03
   4.00000   2.32000000000000e+04   2.80209040620789e+23
   9.00000   1.14740963883638e+02   3.59194054325700e+16
   9.00000   3.57941419636850e+02   4.28466931530812e+21
  10.00000   1.56694926392746e+01   0.00000000000000e+00
  10.00000   1.72277828865718e+01   4.21791162109331e+06
  10.00000   2.51725499156395e+01   2.64193748564932e+09
  10.00000   2.76758944677679e+01   6.97490134080691e+09
  10.00000   5.37431171474959e+01   3.80651795462565e+13
  10.00000   5.90877302270789e+01   3.09254166187940e+14
  10.00000   1.26151654012635e+02   0.00000000000000e+00
  10.00000   1.38697107567116e+02   5.49625178009099e+18
  10.00000   3.57941419636850e+02   2.40243644874791e+23
  10.00000   5.23009740255464e+02   1.60896261258725e+25
  10.00000   1.34975308566079e+03   1.94910060668175e+29
  10.00000   1.48398251593428e+03   0.00000000000000e+00
# orbitals: 1s2 2s2 2p6 3s2 3p6 3d10 4s2 4p6 4d10 4f14 5s2 5p6 5d10 5f14 6s2 6p6 6d10
CORE 110 32 Lv
   0.00000   3.12672147426128e+00   1.05466923212459e+01
   0.00000   3.43766578442637e+00   3.22936920870512e+01
   0.00000   3.04281901181233e+01   7.59031313512061e+03
   0.00000   3.34541944052776e+01   1.10063540341272e+04
   0.00000   1.04362395372380e+02   1.84789454912308e+05
   0.00000   4.75702377326203e+02   4.90735911556453e+06
   0.00000   5.23009740255464e+02   0.00000000000000e+00
   0.00000   1.22766499786140e+03   8.72380206390902e+06
   0.00000   1.34975308566079e+03   1.15370893212944e+06
   0.00000   2.88170798929644e+03   1.91848172843220e+07
   0.00000   5.08975293806221e+03   7.52912339735387e+05
   0.00000   5.59591561653052e+03   2.58408432199550e+07
   0.00000   2.32000000000000e+04   3.46877480085982e+08
   3.00000   5.52250258153636e+00   2.10804900625867e+01
   3.00000   2.32000000000000e+04   0.00000000000000e+00
   4.00000   6.67551595058764e+00   3.08288595180648e+02
   4.00000   2.32000000000000e+04   2.97729748789053e+23
   5.00000   7.33937863210197e+00   0.00000000000000e+00
   8.00000   3.25564843556442e+02   5.14331886482541e+19
   9.00000   1.14740963883638e+02   5.19857448282979e+16
   9.00000   3.57941419636850e+02   0.00000000000000e+00
  10.00000   1.42521531173730e+01   1.47296312694723e+05
  10.00000   2.51725499156395e+01   3.33567847460350e+09
  10.00000   2.76758944677679e+01   6.33941204008868e+09
  10.00000   5.37431171474959e+01   2.90869233833617e+13
  10.00000   5.90877302270789e+01   3.46197153002445e+14
  10.00000   1.38697107567116e+02   3.39462402412265e+18
  10.00000   1.52490173815379e+02   4.05148266334446e+18
  10.00000   3.57941419636850e+02   2.43215910394682e+23
  10.00000   5.23009740255464e+02   1.60213496448478e+25
  10.00000   1.34975308566079e+03   1.06785958684310e+29
  10.00000   1.48398251593428e+03   0.00000000000000e+00
# orbitals: 1s2 2s2 2p6 3s2 3p6 3d10 4s2 4p6 4d10 4f14 5s2 5p6 5d10 5f14 6s2 6p6 6d10 7s2
CORE 112 32 Lv
   0.00000   2.84390274991144e+00   4.35842587094862e+00
   0.00000   3.12672147426128e+00   3.89273443294520e+01
   0.00000   3.04281901181233e+01   7.39160717293119e+03
   0.00000   3.34541944052776e+01   1.12247486094990e+04
   0.00000   1.04362395372380e+02   1.84758282791634e+05
   0.00000   4.75702377326203e+02   4.90463996518900e+06
   0.00000   5.23009740255464e+02   0.00000000000000e+00
   0.00000   1.22766499786140e+03   9.47997207379837e+06
   0.00000   1.34975308566079e+03   0.00000000000000e+00
   0.00000   2.62105126493178e+03   1.09275631522001e+07
   0.00000   2.88170798929644e+03   5.11322233037053e+06
   0.00000   5.08975293806221e+03   2.80487652533478e+07
   0.00000   2.32000000000000e+04   3.50942136801074e+08
   3.00000   2.32000000000000e+04   4.38311236166283e+18
   4.00000   2.32000000000000e+04   2.94166257473536e+23
   8.00000   3.25564843556442e+02   5.13962472303171e+19
   9.00000   1.14740963883638e+02   5.19458965935674e+16
   9.00000   3.57941419636850e+02   0.00000000000000e+00
  10.00000   4.56864083447977e+00   2.78570994837143e-03
  10.00000   5.02298027096732e+00   3.91428646802966e-03
  10.00000   1.42521531173730e+01   6.31845375794876e+03
  10.00000   1.56694926392746e+01   6.72512183079606e+05
  10.00000   2.51725499156395e+01   3.18165679801847e+09
  10.00000   2.76758944677679e+01   6.36187185103628e+09
  10.00000   5.37431171474959e+01   2.78138148986478e+13
  10.00000   5.90877302270789e+01   3.48762926545137e+14
  10.00000   1.38697107567116e+02   3.39075876512040e+18
  10.00000   1.52490173815379e+02   4.10926058974854e+18
  10.00000   3.57941419636850e+02   2.43299308824657e+23
  10.00000   5.23009740255464e+02   1.60426914475819e+25
  10.00000   1.34975308566079e+03   1.08622043284733e+29
  10.00000   1.48398251593428e+03   0.00000000000000e+00
