# Free-atom, free-ion and frozen-core density fits -- Pm (Z = 61)
#
#   rho(r) = sum_i c_i r^n_i exp(-alpha_i r)      r in bohr, rho in e/bohr^3
#
# All-electron B86BPBE densities (scalar-relativistic, spin-restricted),
# fitted with rhofit.py (monotone decay imposed).  Two kinds of block:
#
#   STATE <N> <q> <nterm> <symbol>
#     the atom or ion with N electrons (charge q), in order of increasing N;
#   CORE <N_core> <nterm> <symbol>
#     the frozen core of the neutral atom with N_core electrons, for a
#     pseudopotential with Z - N_core valence electrons, in order of
#     increasing N_core, each preceded by a '# orbitals:' comment.
#
# Each block header is followed by nterm lines:   n   alpha   c
#
# Generated 2026-09-23 by combine_fits.py from
#   /home/alberto/doc/manuals/critic2/atomic_density_fits/15_rhofit/rho_b86bpbe_mono/fit_061_Pm.dat
#     recipe: --npow 0,1,2,3,4,5,6,7,8,9,10 --amin 0.2 --ratio 1.1 --mom 3 --cusp none --targetz 1e-3 --besteffort --monotone --stats
#   /home/alberto/doc/manuals/critic2/atomic_density_fits/15_rhofit/core_b86bpbe_mono/core_061_Pm.dat
#     recipe: --npow 0,1,2,3,4,5,6,7,8,9,10 --amin 0.2 --ratio 1.1 --mom 3 --cusp none --besteffort --monotone --stats --target 1e-3*N_core
#
STATE 58 +3 30 Pm
   0.00000   2.85831185790471e+00   7.23185609052309e-01
   0.00000   3.14313080036176e+00   1.39863689645132e+01
   0.00000   1.91058550740882e+01   0.00000000000000e+00
   0.00000   2.10096744288204e+01   2.75116360527372e+03
   0.00000   4.08497333851934e+01   9.23341887122275e+03
   0.00000   1.54429062169795e+02   1.16090239736326e+05
   0.00000   1.69817278836985e+02   1.20739810730888e+05
   0.00000   7.76296042060727e+02   1.13506025740329e+05
   0.00000   8.53650728576778e+02   0.00000000000000e+00
   0.00000   3.22715647104950e+03   1.28094362637987e+05
   0.00000   3.54872925209011e+03   0.00000000000000e+00
   0.00000   1.22000000000000e+04   1.38874818990710e+05
   6.00000   4.39046289830234e+02   2.93912750208467e+16
   8.00000   1.27709541946081e+02   3.92779874897701e+15
   9.00000   6.11128247724954e+00   7.79606327961036e+00
   9.00000   4.93963561409139e+01   1.93962813642903e+12
   9.00000   1.40435269049008e+02   0.00000000000000e+00
   9.00000   5.30904001020041e+02   8.75660524267792e+21
   9.00000   2.66878959773074e+03   0.00000000000000e+00
  10.00000   8.12626327427301e+00   7.74681318314311e+01
  10.00000   8.93601176462937e+00   1.19197328480641e+03
  10.00000   1.73745528208338e+01   6.94198441539470e+06
  10.00000   2.10096744288204e+01   9.18948384342683e+07
  10.00000   2.31032014999252e+01   6.62693121588533e+08
  10.00000   4.93963561409139e+01   7.55289049946601e+12
  10.00000   6.56830700078320e+01   2.10881792877874e+14
  10.00000   1.40435269049008e+02   6.58947535430349e+17
  10.00000   2.05346622589049e+02   9.41984035468471e+19
  10.00000   8.53650728576778e+02   0.00000000000000e+00
  10.00000   2.66878959773074e+03   2.63914690016115e+31
STATE 59 +2 28 Pm
   0.00000   2.59930215952144e+00   7.43062581469069e+00
   0.00000   2.85831185790471e+00   4.60528566518444e+00
   0.00000   1.73745528208338e+01   1.81502585263964e+03
   0.00000   4.08497333851934e+01   1.07812843612598e+04
   0.00000   4.49202401880978e+01   0.00000000000000e+00
   0.00000   1.54429062169795e+02   9.19841617583903e+04
   0.00000   1.69817278836985e+02   1.46836841350195e+05
   0.00000   8.53650728576778e+02   1.23373128225213e+05
   0.00000   3.54872925209011e+03   8.54460752584064e+04
   0.00000   3.90234542936323e+03   3.03275765986669e+04
   0.00000   1.22000000000000e+04   1.74691405811653e+05
   6.00000   4.39046289830234e+02   3.49109372444374e+16
   9.00000   1.73745528208338e+01   6.54282069558359e+06
   9.00000   4.93963561409139e+01   2.99227096120279e+12
   9.00000   1.40435269049008e+02   1.11846106634264e+17
   9.00000   5.30904001020041e+02   9.99907484475726e+21
  10.00000   2.00000000000000e-01   6.51677800108105e-27
  10.00000   6.11128247724954e+00   1.02065733901989e+00
  10.00000   7.38989121122058e+00   0.00000000000000e+00
  10.00000   8.12626327427301e+00   2.73035540985139e+02
  10.00000   2.10096744288204e+01   7.86710998791147e+07
  10.00000   2.31032014999252e+01   5.71319976642942e+08
  10.00000   4.93963561409139e+01   2.75392028128555e+12
  10.00000   6.56830700078320e+01   1.25801652115126e+14
  10.00000   1.40435269049008e+02   9.24468852764927e+17
  10.00000   2.05346622589049e+02   1.08034150852343e+20
  10.00000   9.38713489334858e+02   0.00000000000000e+00
  10.00000   2.93472343163481e+03   1.19987903045762e+32
STATE 60 +1 31 Pm
   0.00000   1.21572128477053e+00   1.02706822887307e-01
   0.00000   1.33686287738342e+00   1.38860815895989e-02
   0.00000   2.59930215952144e+00   9.58154965015607e+00
   0.00000   2.85831185790471e+00   0.00000000000000e+00
   0.00000   1.73745528208338e+01   1.79378247471827e+03
   0.00000   4.08497333851934e+01   1.07298387083018e+04
   0.00000   1.54429062169795e+02   1.03919563080154e+05
   0.00000   1.69817278836985e+02   1.33517408888251e+05
   0.00000   8.53650728576778e+02   1.29305731121132e+05
   0.00000   3.90234542936323e+03   9.60889562994536e+04
   0.00000   1.22000000000000e+04   3.03937287205780e+05
   6.00000   4.39046289830234e+02   3.09024792043501e+16
   9.00000   1.73745528208338e+01   0.00000000000000e+00
   9.00000   4.93963561409139e+01   2.54049611120974e+12
   9.00000   1.40435269049008e+02   1.00113216370096e+17
   9.00000   5.30904001020041e+02   8.30473952652118e+21
  10.00000   2.85831185790471e+00   2.85379904982404e-05
  10.00000   3.14313080036176e+00   1.12234337373997e-04
  10.00000   8.12626327427301e+00   1.82573662888872e+02
  10.00000   8.93601176462937e+00   3.70733779644115e+02
  10.00000   1.73745528208338e+01   7.62397626612805e+06
  10.00000   2.10096744288204e+01   9.73914870525253e+07
  10.00000   2.31032014999252e+01   6.61359184786718e+08
  10.00000   4.93963561409139e+01   4.42566904235353e+12
  10.00000   6.56830700078320e+01   1.50299628007565e+14
  10.00000   1.40435269049008e+02   1.09609168168239e+18
  10.00000   2.05346622589049e+02   1.14187376012540e+20
  10.00000   8.53650728576778e+02   0.00000000000000e+00
  10.00000   9.38713489334858e+02   0.00000000000000e+00
  10.00000   2.66878959773074e+03   4.65477254723370e+31
  10.00000   2.93472343163481e+03   6.92059098915194e+30
STATE 61 +0 33 Pm
   0.00000   1.00537558300676e+00   8.34699341903580e-02
   0.00000   1.10555709732691e+00   0.00000000000000e+00
   0.00000   2.59930215952144e+00   6.94393667351640e+00
   0.00000   2.85831185790471e+00   4.03249368786034e+00
   0.00000   1.73745528208338e+01   0.00000000000000e+00
   0.00000   1.91058550740882e+01   2.20179177817942e+03
   0.00000   4.08497333851934e+01   1.00244496191948e+04
   0.00000   1.54429062169795e+02   1.15772923567932e+05
   0.00000   1.69817278836985e+02   1.20658184121107e+05
   0.00000   7.76296042060727e+02   9.34666543198221e+04
   0.00000   8.53650728576778e+02   2.46906240703518e+04
   0.00000   3.90234542936323e+03   1.71472194627468e+05
   0.00000   4.29119799463514e+03   0.00000000000000e+00
   0.00000   1.22000000000000e+04   0.00000000000000e+00
   6.00000   4.39046289830234e+02   2.80575683967392e+16
   8.00000   2.14956746811656e+00   5.08955209648282e-05
   9.00000   1.73745528208338e+01   8.66913129894423e+06
   9.00000   4.93963561409139e+01   2.09759169173746e+12
   9.00000   1.40435269049008e+02   9.50341150788240e+16
   9.00000   5.30904001020041e+02   7.75001000481552e+21
   9.00000   2.66878959773074e+03   0.00000000000000e+00
  10.00000   2.85831185790471e+00   0.00000000000000e+00
  10.00000   3.14313080036176e+00   2.45845512907579e-04
  10.00000   8.12626327427301e+00   1.92514016376313e+02
  10.00000   8.93601176462937e+00   3.14018266484853e+02
  10.00000   2.10096744288204e+01   1.59970965985795e+07
  10.00000   2.31032014999252e+01   7.11392675846192e+08
  10.00000   4.93963561409139e+01   6.59786681071296e+12
  10.00000   6.56830700078320e+01   1.85104682063819e+14
  10.00000   1.40435269049008e+02   1.11517469874074e+18
  10.00000   2.05346622589049e+02   1.14326728563035e+20
  10.00000   8.53650728576778e+02   0.00000000000000e+00
  10.00000   2.66878959773074e+03   3.22453275810683e+31
STATE 62 -1 45 Pm
   0.00000   2.59930215952144e+00   7.69365758452470e+00
   0.00000   2.31032014999252e+01   9.69204465701238e+02
   0.00000   3.07206709174189e+01   9.05335934692598e+03
   0.00000   3.37818585824641e+01   0.00000000000000e+00
   0.00000   1.54429062169795e+02   8.71397387368179e+04
   0.00000   1.69817278836985e+02   1.55108380756811e+05
   0.00000   7.76296042060727e+02   1.04886621545081e+05
   0.00000   2.66878959773074e+03   9.74802343279373e+04
   0.00000   2.93472343163481e+03   0.00000000000000e+00
   0.00000   1.22000000000000e+04   2.25904311425351e+05
   2.00000   1.22000000000000e+04   6.90839742311112e+11
   3.00000   1.22000000000000e+04   6.20645168836296e+15
   4.00000   3.30180774013991e+02   3.02583755926718e+12
   5.00000   5.05390031453096e+00   1.34866770245209e+01
   5.00000   3.63081921106896e+02   0.00000000000000e+00
   6.00000   5.05390031453096e+00   0.00000000000000e+00
   6.00000   1.05613068388288e+02   2.79190225599133e+12
   7.00000   5.55750055636155e+00   0.00000000000000e+00
   7.00000   1.16136973386551e+02   6.15398065483346e+13
   8.00000   1.40435269049008e+02   2.03103487696492e+15
   9.00000   8.12626327427301e+00   3.07570946040279e+02
   9.00000   1.73745528208338e+01   7.22558150256495e+06
   9.00000   4.49202401880978e+01   2.12360543122308e+11
   9.00000   7.05950952474292e+02   1.90451933180969e+21
   9.00000   2.20703209802514e+03   5.25536950404841e+27
  10.00000   1.21572128477053e+00   1.08455685219643e-09
  10.00000   1.33686287738342e+00   8.77992833081801e-10
  10.00000   2.14956746811656e+00   1.71073076459300e-06
  10.00000   2.36376296652444e+00   9.51606332554414e-06
  10.00000   3.45633077120731e+00   1.88994335437657e-03
  10.00000   6.11128247724954e+00   1.45673718785465e+00
  10.00000   9.82644833947226e+00   9.08878621817860e+02
  10.00000   1.73745528208338e+01   4.30737780903886e+06
  10.00000   2.31032014999252e+01   7.48704663019810e+08
  10.00000   2.54053398758982e+01   2.26287144788689e+08
  10.00000   4.93963561409139e+01   1.15272922648698e+13
  10.00000   5.97311119999725e+01   3.42468212701878e+13
  10.00000   6.56830700078320e+01   2.67478408964814e+14
  10.00000   2.05346622589049e+02   3.31735863763802e+19
  10.00000   4.82795434841586e+02   3.00012959934238e+23
  10.00000   7.05950952474292e+02   1.05681373089238e+25
  10.00000   2.20703209802514e+03   7.64290881397522e+29
  10.00000   3.22715647104950e+03   1.25583898193811e+31
  10.00000   3.54872925209011e+03   1.35088191815696e+32
  10.00000   9.17489917641323e+03   0.00000000000000e+00
# orbitals: 1s2
CORE 2 6 Pm
   0.00000   1.16136973386551e+02   4.06236902248360e+04
   0.00000   1.27709541946081e+02   9.02457638516175e+04
   0.00000   1.86738867583686e+02   5.96021482136077e+04
   0.00000   3.00261007753073e+02   2.02458478568436e+04
   0.00000   3.30180774013991e+02   0.00000000000000e+00
   0.00000   5.83806386635721e+02   8.27713240555226e+04
# orbitals: 1s2 2s2
CORE 4 18 Pm
   0.00000   3.71480809241873e+01   9.20139420657116e+02
   0.00000   1.40435269049008e+02   1.57738810801392e+05
   0.00000   1.54429062169795e+02   6.27368045807510e+04
   0.00000   5.83806386635721e+02   1.08869679828581e+05
   0.00000   6.41980275947838e+02   0.00000000000000e+00
   0.00000   2.20703209802514e+03   3.29247482821858e+04
   0.00000   2.42695370888432e+03   7.51953922135501e+04
   0.00000   9.17489917641323e+03   1.82927470297335e+05
   4.00000   6.56830700078320e+01   6.99071967489444e+08
   5.00000   7.94253487028013e+01   0.00000000000000e+00
   6.00000   8.73397558586382e+01   0.00000000000000e+00
   7.00000   1.05613068388288e+02   1.15491132721278e+13
   8.00000   4.39046289830234e+02   0.00000000000000e+00
  10.00000   1.54429062169795e+02   1.23643033112051e+17
  10.00000   1.69817278836985e+02   1.98474114845471e+18
  10.00000   4.82795434841586e+02   2.76767144780579e+23
  10.00000   2.00703897395409e+03   1.67151728964343e+30
  10.00000   2.20703209802514e+03   0.00000000000000e+00
# orbitals: 1s2 2s2 2p6
CORE 10 16 Pm
   0.00000   3.71480809241873e+01   1.00495244207225e+03
   0.00000   4.08497333851934e+01   9.30583487687193e+03
   0.00000   1.54429062169795e+02   1.39983166017379e+05
   0.00000   1.69817278836985e+02   9.20742291939407e+04
   0.00000   7.76296042060727e+02   0.00000000000000e+00
   0.00000   8.53650728576778e+02   1.25157195606296e+05
   0.00000   4.71879810808173e+03   1.81542110415870e+05
   3.00000   5.97311119999725e+01   8.25811479868376e+07
   4.00000   7.22281159884609e+01   1.61590970654100e+09
   6.00000   4.39046289830234e+02   3.63819736100154e+16
   8.00000   1.27709541946081e+02   4.59781052309278e+14
   8.00000   4.82795434841586e+02   0.00000000000000e+00
   9.00000   5.30904001020041e+02   0.00000000000000e+00
  10.00000   1.69817278836985e+02   4.44140194787022e+18
  10.00000   5.30904001020041e+02   1.26798330291135e+24
  10.00000   2.93472343163481e+03   1.24564608362397e+32
# orbitals: 1s2 2s2 2p6 3s2
CORE 12 17 Pm
   0.00000   3.37818585824641e+01   7.28399966954922e+03
   0.00000   3.71480809241873e+01   3.21091744536928e+03
   0.00000   1.54429062169795e+02   4.82803321778469e+04
   0.00000   1.69817278836985e+02   1.97627006341457e+05
   0.00000   1.03225240201967e+03   1.39635241876026e+05
   0.00000   5.70606984642801e+03   1.83044823959512e+05
   5.00000   3.99261531287972e+02   6.24600897366706e+14
   8.00000   1.16136973386551e+02   1.46655243994971e+15
   9.00000   3.37818585824641e+01   0.00000000000000e+00
  10.00000   3.71480809241873e+01   1.42509012277934e+10
  10.00000   4.93963561409139e+01   2.09726560091405e+12
  10.00000   5.43184985160990e+01   1.41565880148428e+12
  10.00000   1.27709541946081e+02   2.08078666059883e+17
  10.00000   1.86738867583686e+02   3.58869117130147e+19
  10.00000   5.30904001020041e+02   1.31455290399828e+24
  10.00000   9.38713489334858e+02   7.45517703727813e+25
  10.00000   3.54872925209011e+03   1.74742448903141e+33
# orbitals: 1s2 2s2 2p6 3s2 3p6
CORE 18 20 Pm
   0.00000   1.43683847527805e+01   2.01424484601598e+01
   0.00000   1.58001348044011e+01   2.04136618778592e+02
   0.00000   3.71480809241873e+01   4.80646425293348e+03
   0.00000   4.08497333851934e+01   8.06163078715189e+03
   0.00000   1.54429062169795e+02   9.35492174951953e+04
   0.00000   1.69817278836985e+02   1.42672771440432e+05
   0.00000   8.53650728576778e+02   1.24518140359519e+05
   0.00000   9.38713489334858e+02   0.00000000000000e+00
   0.00000   4.29119799463514e+03   1.66669823715319e+05
   6.00000   4.39046289830234e+02   3.08985945217176e+16
   7.00000   3.37818585824641e+01   1.65109680359687e+09
   7.00000   1.16136973386551e+02   1.37614601849901e+14
   8.00000   3.37818585824641e+01   0.00000000000000e+00
   9.00000   1.27709541946081e+02   3.60004729825524e+16
   9.00000   5.30904001020041e+02   9.77919302192662e+21
  10.00000   5.43184985160990e+01   1.81546334350536e+13
  10.00000   1.40435269049008e+02   0.00000000000000e+00
  10.00000   2.05346622589049e+02   9.27543420932523e+19
  10.00000   2.93472343163481e+03   1.31321472390859e+32
  10.00000   3.22715647104950e+03   0.00000000000000e+00
# orbitals: 1s2 2s2 2p6 3s2 3p6 3d10
CORE 28 20 Pm
   0.00000   1.58001348044011e+01   1.05643674103433e+03
   0.00000   1.73745528208338e+01   5.68211372390795e+02
   0.00000   4.08497333851934e+01   1.12482746524409e+04
   0.00000   1.54429062169795e+02   1.48931103672661e+04
   0.00000   1.69817278836985e+02   2.30009956654827e+05
   0.00000   9.38713489334858e+02   1.19205086667583e+05
   0.00000   1.03225240201967e+03   0.00000000000000e+00
   0.00000   4.29119799463514e+03   1.65347229666431e+05
   0.00000   4.71879810808173e+03   0.00000000000000e+00
   5.00000   3.99261531287972e+02   1.34770735235264e+14
   7.00000   3.37818585824641e+01   2.30903606697389e+09
   8.00000   3.71480809241873e+01   3.38766376122749e+09
   8.00000   1.27709541946081e+02   5.56495952353566e+15
   9.00000   1.40435269049008e+02   0.00000000000000e+00
   9.00000   5.30904001020041e+02   6.18263194241111e+22
  10.00000   5.43184985160990e+01   1.87621837375281e+13
  10.00000   5.97311119999725e+01   3.27254189571974e+13
  10.00000   2.05346622589049e+02   5.43137618557671e+19
  10.00000   9.38713489334858e+02   8.51869421333315e+26
  10.00000   3.54872925209011e+03   6.85017551141642e+32
# orbitals: 1s2 2s2 2p6 3s2 3p6 3d10 4s2
CORE 30 22 Pm
   0.00000   6.11128247724954e+00   0.00000000000000e+00
   0.00000   6.72024647374728e+00   6.69691948160376e+00
   0.00000   1.30663746201980e+01   1.05303728288428e+03
   0.00000   4.08497333851934e+01   8.76724913103196e+03
   0.00000   4.49202401880978e+01   3.21000961573723e+03
   0.00000   1.54429062169795e+02   9.00656035761064e+04
   0.00000   1.69817278836985e+02   1.48581170179234e+05
   0.00000   9.38713489334858e+02   1.37869568368055e+05
   0.00000   4.71879810808173e+03   1.48205535926142e+05
   5.00000   3.99261531287972e+02   0.00000000000000e+00
   6.00000   4.39046289830234e+02   2.84768708853761e+16
   8.00000   1.27709541946081e+02   3.51981034706088e+15
   9.00000   4.49202401880978e+01   7.42282234045766e+11
  10.00000   1.91058550740882e+01   1.73976748871613e+06
  10.00000   2.10096744288204e+01   2.74469716499546e+07
  10.00000   5.43184985160990e+01   0.00000000000000e+00
  10.00000   5.97311119999725e+01   5.61976586257120e+13
  10.00000   1.40435269049008e+02   1.14049101446601e+18
  10.00000   2.05346622589049e+02   1.08291749539176e+20
  10.00000   5.83806386635721e+02   1.83997342306180e+24
  10.00000   9.38713489334858e+02   0.00000000000000e+00
  10.00000   3.22715647104950e+03   6.38436679808398e+32
# orbitals: 1s2 2s2 2p6 3s2 3p6 3d10 4s2 4p6
CORE 36 24 Pm
   0.00000   7.38989121122058e+00   1.35325977802387e+01
   0.00000   1.43683847527805e+01   1.27078983875906e+03
   0.00000   4.49202401880978e+01   1.33880077941095e+04
   0.00000   1.54429062169795e+02   6.61531998137233e+04
   0.00000   1.69817278836985e+02   1.71315311282333e+05
   0.00000   8.53650728576778e+02   1.21539357830899e+05
   0.00000   9.38713489334858e+02   0.00000000000000e+00
   0.00000   3.90234542936323e+03   1.43246243817267e+05
   0.00000   1.22000000000000e+04   6.51743248676022e+04
   6.00000   4.39046289830234e+02   4.06144421152384e+16
   9.00000   1.58001348044011e+01   2.58426539872304e+05
   9.00000   1.40435269049008e+02   9.15956733178427e+16
  10.00000   1.58001348044011e+01   6.28642791053760e+05
  10.00000   2.10096744288204e+01   9.26512983564343e+07
  10.00000   2.31032014999252e+01   2.24620493754499e+08
  10.00000   4.93963561409139e+01   9.70401427769459e+12
  10.00000   5.97311119999725e+01   5.51978855676791e+13
  10.00000   6.56830700078320e+01   5.31672366675294e+13
  10.00000   1.40435269049008e+02   1.53897387249766e+18
  10.00000   2.05346622589049e+02   1.34758873004472e+20
  10.00000   5.83806386635721e+02   4.71947571724701e+23
  10.00000   9.38713489334858e+02   0.00000000000000e+00
  10.00000   2.93472343163481e+03   1.09561064419835e+32
  10.00000   3.22715647104950e+03   0.00000000000000e+00
# orbitals: 1s2 2s2 2p6 3s2 3p6 3d10 4s2 4p6 4d10
CORE 46 27 Pm
   0.00000   5.55750055636155e+00   2.71872062000516e+01
   0.00000   1.73745528208338e+01   1.77496275028056e+03
   0.00000   4.08497333851934e+01   1.07055597132467e+04
   0.00000   4.49202401880978e+01   0.00000000000000e+00
   0.00000   1.54429062169795e+02   9.97587664386752e+04
   0.00000   1.69817278836985e+02   1.38209746284947e+05
   0.00000   8.53650728576778e+02   1.25099220656229e+05
   0.00000   9.38713489334858e+02   0.00000000000000e+00
   0.00000   3.90234542936323e+03   1.33192226465130e+05
   0.00000   1.22000000000000e+04   1.03611638529293e+05
   6.00000   1.08056132323503e+01   5.42164725133228e+03
   6.00000   4.39046289830234e+02   3.06685036727817e+16
   7.00000   1.30663746201980e+01   0.00000000000000e+00
   9.00000   1.43683847527805e+01   0.00000000000000e+00
   9.00000   4.93963561409139e+01   2.58682816374432e+12
   9.00000   1.40435269049008e+02   1.02553819731630e+17
   9.00000   5.30904001020041e+02   1.06162841007830e+22
  10.00000   1.58001348044011e+01   2.16597392640135e+06
  10.00000   2.10096744288204e+01   1.92127866611677e+08
  10.00000   2.31032014999252e+01   3.00516295446548e+08
  10.00000   4.93963561409139e+01   3.92806086524292e+12
  10.00000   6.56830700078320e+01   1.33513874867161e+14
  10.00000   1.40435269049008e+02   1.04770159976204e+18
  10.00000   2.05346622589049e+02   1.10905340180654e+20
  10.00000   9.38713489334858e+02   0.00000000000000e+00
  10.00000   2.93472343163481e+03   1.35064539231293e+32
  10.00000   3.22715647104950e+03   0.00000000000000e+00
# orbitals: 1s2 2s2 2p6 3s2 3p6 3d10 4s2 4p6 4d10 5s2
CORE 48 28 Pm
   0.00000   3.45633077120731e+00   5.06795993956536e+00
   0.00000   3.80073982241513e+00   1.02847672179369e+01
   0.00000   1.73745528208338e+01   0.00000000000000e+00
   0.00000   1.91058550740882e+01   2.21474091957922e+03
   0.00000   4.08497333851934e+01   9.99509377547681e+03
   0.00000   1.54429062169795e+02   1.07336130781664e+05
   0.00000   1.69817278836985e+02   1.30575733878906e+05
   0.00000   8.53650728576778e+02   1.25970079472787e+05
   0.00000   3.54872925209011e+03   1.05644624311183e+05
   0.00000   3.90234542936323e+03   0.00000000000000e+00
   0.00000   1.22000000000000e+04   2.07166185899135e+05
   6.00000   4.39046289830234e+02   2.75453897437220e+16
   9.00000   1.58001348044011e+01   1.55304717271866e+06
   9.00000   4.93963561409139e+01   2.18807595450234e+12
   9.00000   1.40435269049008e+02   9.90911562734529e+16
   9.00000   5.30904001020041e+02   1.15057284913051e+22
  10.00000   3.14313080036176e+00   9.86244290928578e-08
  10.00000   8.12626327427301e+00   4.18924138091916e+01
  10.00000   1.58001348044011e+01   2.33391512048295e+05
  10.00000   2.10096744288204e+01   1.24360661582071e+08
  10.00000   2.31032014999252e+01   4.40307289347721e+08
  10.00000   4.93963561409139e+01   6.11083868123010e+12
  10.00000   6.56830700078320e+01   1.71835343628495e+14
  10.00000   1.40435269049008e+02   1.05256446962144e+18
  10.00000   2.05346622589049e+02   1.10621242951191e+20
  10.00000   8.53650728576778e+02   0.00000000000000e+00
  10.00000   9.38713489334858e+02   0.00000000000000e+00
  10.00000   2.93472343163481e+03   1.49080651982276e+32
# orbitals: 1s2 2s2 2p6 3s2 3p6 3d10 4s2 4p6 4d10 4f4
CORE 50 30 Pm
   0.00000   1.33686287738342e+00   0.00000000000000e+00
   0.00000   1.47007572814126e+00   5.56761781985810e-02
   0.00000   4.17946780962931e+00   2.24232763359776e+01
   0.00000   4.59593447273322e+00   0.00000000000000e+00
   0.00000   1.73745528208338e+01   1.78989176265049e+03
   0.00000   4.08497333851934e+01   1.07105684972339e+04
   0.00000   4.49202401880978e+01   0.00000000000000e+00
   0.00000   1.54429062169795e+02   9.71346884763936e+04
   0.00000   1.69817278836985e+02   1.41094132153765e+05
   0.00000   8.53650728576778e+02   1.24579318996909e+05
   0.00000   9.38713489334858e+02   0.00000000000000e+00
   0.00000   3.90234542936323e+03   8.84976367168083e+04
   0.00000   4.29119799463514e+03   6.29497069638833e+04
   6.00000   4.39046289830234e+02   3.21452572273018e+16
   9.00000   4.93963561409139e+01   2.70150245360654e+12
   9.00000   1.40435269049008e+02   1.05965555363091e+17
   9.00000   5.30904001020041e+02   1.06127219563931e+22
  10.00000   1.95478157726577e+00   4.70928937800009e-11
  10.00000   6.11128247724954e+00   0.00000000000000e+00
  10.00000   6.72024647374728e+00   1.70350509578840e+00
  10.00000   1.58001348044011e+01   2.68068021093911e+06
  10.00000   2.10096744288204e+01   1.91353411547968e+08
  10.00000   2.31032014999252e+01   3.21960004663522e+08
  10.00000   4.93963561409139e+01   3.50437822110000e+12
  10.00000   6.56830700078320e+01   1.26743326941406e+14
  10.00000   1.40435269049008e+02   9.98019477110082e+17
  10.00000   2.05346622589049e+02   1.09223569186035e+20
  10.00000   9.38713489334858e+02   0.00000000000000e+00
  10.00000   2.93472343163481e+03   1.28026395005180e+32
  10.00000   3.22715647104950e+03   0.00000000000000e+00
# orbitals: 1s2 2s2 2p6 3s2 3p6 3d10 4s2 4p6 4d10 4f5
CORE 51 31 Pm
   0.00000   1.61656268793994e+00   0.00000000000000e+00
   0.00000   1.77764646678698e+00   2.12197262945567e-01
   0.00000   4.17946780962931e+00   2.37605338833538e+01
   0.00000   1.73745528208338e+01   1.78202294059451e+03
   0.00000   4.08497333851934e+01   1.07589490619908e+04
   0.00000   4.49202401880978e+01   0.00000000000000e+00
   0.00000   1.54429062169795e+02   9.13034873530904e+04
   0.00000   1.69817278836985e+02   1.47561456910570e+05
   0.00000   8.53650728576778e+02   1.22971759939229e+05
   0.00000   3.90234542936323e+03   1.38613935348750e+05
   0.00000   4.29119799463514e+03   0.00000000000000e+00
   0.00000   1.22000000000000e+04   8.55716125033210e+04
   6.00000   4.39046289830234e+02   1.77303629197443e+16
   9.00000   1.43683847527805e+01   1.37219920587388e+05
   9.00000   4.93963561409139e+01   2.72503198543480e+12
   9.00000   1.40435269049008e+02   1.06585315017734e+17
   9.00000   5.30904001020041e+02   2.19066336362029e+22
  10.00000   2.36376296652444e+00   1.11766932684096e-07
  10.00000   6.11128247724954e+00   0.00000000000000e+00
  10.00000   6.72024647374728e+00   1.03663475644148e+00
  10.00000   1.58001348044011e+01   2.16330777909908e+06
  10.00000   2.10096744288204e+01   1.97542270632246e+08
  10.00000   2.31032014999252e+01   3.07863096012988e+08
  10.00000   4.93963561409139e+01   3.37680939152629e+12
  10.00000   6.56830700078320e+01   1.25593058251272e+14
  10.00000   1.40435269049008e+02   9.89068361908474e+17
  10.00000   2.05346622589049e+02   1.08299873986922e+20
  10.00000   2.25808563339564e+02   0.00000000000000e+00
  10.00000   8.53650728576778e+02   7.82384049100443e+25
  10.00000   9.38713489334858e+02   0.00000000000000e+00
  10.00000   2.93472343163481e+03   1.12771854699745e+32
# orbitals: 1s2 2s2 2p6 3s2 3p6 3d10 4s2 4p6 4d10 4f4 5s2
CORE 52 30 Pm
   0.00000   1.33686287738342e+00   0.00000000000000e+00
   0.00000   1.47007572814126e+00   0.00000000000000e+00
   0.00000   3.14313080036176e+00   1.14522184791769e+01
   0.00000   3.45633077120731e+00   2.39604142509162e+00
   0.00000   1.73745528208338e+01   1.99409882189732e+03
   0.00000   4.49202401880978e+01   1.19100225036694e+04
   0.00000   1.54429062169795e+02   7.51527616566348e+04
   0.00000   1.69817278836985e+02   1.63042555890716e+05
   0.00000   8.53650728576778e+02   1.22195399021966e+05
   0.00000   9.38713489334858e+02   0.00000000000000e+00
   0.00000   3.90234542936323e+03   1.41061534038113e+05
   0.00000   1.22000000000000e+04   7.62064480196679e+04
   6.00000   4.39046289830234e+02   3.89902995148120e+16
   9.00000   1.58001348044011e+01   1.56515093046227e+06
   9.00000   4.93963561409139e+01   2.76600307790385e+12
   9.00000   1.40435269049008e+02   1.01164446601527e+17
   9.00000   5.30904001020041e+02   6.13937177632526e+21
  10.00000   1.61656268793994e+00   1.61856613885182e-10
  10.00000   3.80073982241513e+00   4.89658287309479e-04
  10.00000   7.38989121122058e+00   0.00000000000000e+00
  10.00000   1.58001348044011e+01   4.95066236456018e+05
  10.00000   2.10096744288204e+01   1.34978089484909e+08
  10.00000   2.31032014999252e+01   4.60488455598060e+08
  10.00000   4.93963561409139e+01   3.24071088338686e+12
  10.00000   6.56830700078320e+01   1.15619162604982e+14
  10.00000   1.40435269049008e+02   1.24171667977901e+18
  10.00000   2.05346622589049e+02   1.22429338809156e+20
  10.00000   2.25808563339564e+02   0.00000000000000e+00
  10.00000   9.38713489334858e+02   0.00000000000000e+00
  10.00000   2.93472343163481e+03   1.10224503205653e+32
# orbitals: 1s2 2s2 2p6 3s2 3p6 3d10 4s2 4p6 4d10 4f5 5s2
CORE 53 31 Pm
   0.00000   1.33686287738342e+00   0.00000000000000e+00
   0.00000   1.47007572814126e+00   0.00000000000000e+00
   0.00000   3.14313080036176e+00   1.39160950170987e+01
   0.00000   3.45633077120731e+00   2.66868402963453e-01
   0.00000   1.73745528208338e+01   1.98789466374718e+03
   0.00000   4.49202401880978e+01   1.19133821773268e+04
   0.00000   1.54429062169795e+02   7.60308355051272e+04
   0.00000   1.69817278836985e+02   1.62071695642683e+05
   0.00000   8.53650728576778e+02   1.21966397620136e+05
   0.00000   9.38713489334858e+02   0.00000000000000e+00
   0.00000   3.54872925209011e+03   1.13639765191263e+05
   0.00000   3.90234542936323e+03   0.00000000000000e+00
   0.00000   1.22000000000000e+04   1.80263993305668e+05
   6.00000   4.39046289830234e+02   3.84834009431836e+16
   9.00000   1.58001348044011e+01   1.52900854013576e+06
   9.00000   4.93963561409139e+01   2.71067011842917e+12
   9.00000   1.40435269049008e+02   9.97097869459673e+16
   9.00000   5.30904001020041e+02   6.13679391757161e+21
  10.00000   1.61656268793994e+00   1.87687488946718e-10
  10.00000   3.80073982241513e+00   6.40320775659281e-04
  10.00000   7.38989121122058e+00   0.00000000000000e+00
  10.00000   1.58001348044011e+01   6.34598526490427e+05
  10.00000   2.10096744288204e+01   1.34202006728485e+08
  10.00000   2.31032014999252e+01   4.75125747727229e+08
  10.00000   4.93963561409139e+01   3.42807302533181e+12
  10.00000   6.56830700078320e+01   1.18427487092699e+14
  10.00000   1.40435269049008e+02   1.26364059946323e+18
  10.00000   2.05346622589049e+02   1.23141272015674e+20
  10.00000   2.25808563339564e+02   0.00000000000000e+00
  10.00000   9.38713489334858e+02   0.00000000000000e+00
  10.00000   2.93472343163481e+03   1.14896293575342e+32
# orbitals: 1s2 2s2 2p6 3s2 3p6 3d10 4s2 4p6 4d10 5s2 5p6
CORE 54 29 Pm
   0.00000   2.59930215952144e+00   3.28778708912579e+00
   0.00000   2.85831185790471e+00   4.45468182755266e+00
   0.00000   1.73745528208338e+01   0.00000000000000e+00
   0.00000   1.91058550740882e+01   2.22037959733808e+03
   0.00000   4.08497333851934e+01   9.98994120809969e+03
   0.00000   1.54429062169795e+02   1.16870083347764e+05
   0.00000   1.69817278836985e+02   1.19452070892276e+05
   0.00000   7.76296042060727e+02   9.53169231070053e+04
   0.00000   8.53650728576778e+02   2.28137266255174e+04
   0.00000   3.90234542936323e+03   1.72059323225657e+05
   0.00000   1.22000000000000e+04   0.00000000000000e+00
   6.00000   4.39046289830234e+02   2.75775808877811e+16
   9.00000   5.55750055636155e+00   1.48592541390690e+00
   9.00000   1.73745528208338e+01   7.50674908357675e+06
   9.00000   4.93963561409139e+01   2.03460871309100e+12
   9.00000   1.40435269049008e+02   9.41022013917938e+16
   9.00000   5.30904001020041e+02   7.78514673783862e+21
   9.00000   2.66878959773074e+03   0.00000000000000e+00
  10.00000   5.55750055636155e+00   0.00000000000000e+00
  10.00000   8.12626327427301e+00   2.53529594832153e+02
  10.00000   8.93601176462937e+00   3.35458109282620e+02
  10.00000   2.10096744288204e+01   3.19304213043394e+07
  10.00000   2.31032014999252e+01   6.59628931921818e+08
  10.00000   4.93963561409139e+01   6.90360741833773e+12
  10.00000   6.56830700078320e+01   1.89123918314972e+14
  10.00000   1.40435269049008e+02   1.12365657495432e+18
  10.00000   2.05346622589049e+02   1.14529771728467e+20
  10.00000   8.53650728576778e+02   0.00000000000000e+00
  10.00000   2.66878959773074e+03   3.25387637110068e+31
# orbitals: 1s2 2s2 2p6 3s2 3p6 3d10 4s2 4p6 4d10 5s2 5p6 6s2
CORE 56 32 Pm
   0.00000   1.00537558300676e+00   8.91007808358508e-02
   0.00000   2.59930215952144e+00   5.94986738786328e+00
   0.00000   2.85831185790471e+00   7.77665217853976e-01
   0.00000   1.73745528208338e+01   2.22045657168636e+02
   0.00000   1.91058550740882e+01   1.94593526066882e+03
   0.00000   4.08497333851934e+01   1.00894429068690e+04
   0.00000   1.54429062169795e+02   1.13864918131762e+05
   0.00000   1.69817278836985e+02   1.22979415558221e+05
   0.00000   8.53650728576778e+02   1.31542017110679e+05
   0.00000   3.54872925209011e+03   0.00000000000000e+00
   0.00000   3.90234542936323e+03   8.67801351376249e+04
   0.00000   1.22000000000000e+04   3.45465331868482e+05
   6.00000   4.39046289830234e+02   2.67490873073276e+16
   7.00000   1.95478157726577e+00   0.00000000000000e+00
   9.00000   1.73745528208338e+01   7.64480653431401e+06
   9.00000   4.93963561409139e+01   2.03741003575119e+12
   9.00000   1.40435269049008e+02   9.39585849351414e+16
   9.00000   5.30904001020041e+02   8.96494272597509e+21
  10.00000   2.14956746811656e+00   4.10198316331704e-07
  10.00000   2.85831185790471e+00   1.04908237928947e-04
  10.00000   8.12626327427301e+00   2.18628687475705e+02
  10.00000   8.93601176462937e+00   3.57770507063126e+02
  10.00000   2.10096744288204e+01   2.68242933298364e+07
  10.00000   2.31032014999252e+01   6.79819773614128e+08
  10.00000   4.93963561409139e+01   6.84629672494763e+12
  10.00000   6.56830700078320e+01   1.88034705344666e+14
  10.00000   1.40435269049008e+02   1.13352479845392e+18
  10.00000   2.05346622589049e+02   1.14696317889707e+20
  10.00000   8.53650728576778e+02   0.00000000000000e+00
  10.00000   9.38713489334858e+02   0.00000000000000e+00
  10.00000   2.66878959773074e+03   5.49390358373223e+31
  10.00000   2.93472343163481e+03   0.00000000000000e+00
# orbitals: 1s2 2s2 2p6 3s2 3p6 3d10 4s2 4p6 4d10 4f5 5s2 5p6
CORE 59 30 Pm
   0.00000   2.36376296652444e+00   2.20633361504121e+00
   0.00000   2.59930215952144e+00   7.87154515575585e+00
   0.00000   5.05390031453096e+00   0.00000000000000e+00
   0.00000   1.73745528208338e+01   1.79661712569404e+03
   0.00000   4.08497333851934e+01   1.07651707208343e+04
   0.00000   4.49202401880978e+01   0.00000000000000e+00
   0.00000   1.54429062169795e+02   9.80862926586048e+04
   0.00000   1.69817278836985e+02   1.40136291169867e+05
   0.00000   8.53650728576778e+02   1.24598665085331e+05
   0.00000   3.54872925209011e+03   1.04296910340231e+05
   0.00000   3.90234542936323e+03   4.78006192989403e+03
   0.00000   1.22000000000000e+04   1.96231410062157e+05
   6.00000   4.39046289830234e+02   3.13639246328973e+16
   9.00000   1.73745528208338e+01   2.55267479983200e+06
   9.00000   4.93963561409139e+01   2.61480174668717e+12
   9.00000   1.40435269049008e+02   1.02617096622665e+17
   9.00000   5.30904001020041e+02   1.01363971609843e+22
  10.00000   2.59930215952144e+00   7.58913722395516e-07
  10.00000   2.85831185790471e+00   0.00000000000000e+00
  10.00000   7.38989121122058e+00   1.11664811405766e+00
  10.00000   8.12626327427301e+00   2.47473601735662e+02
  10.00000   1.73745528208338e+01   4.44424291388102e+06
  10.00000   2.10096744288204e+01   9.29143475149715e+07
  10.00000   2.31032014999252e+01   6.23378135902990e+08
  10.00000   4.93963561409139e+01   4.13938523178323e+12
  10.00000   6.56830700078320e+01   1.46198505449421e+14
  10.00000   1.40435269049008e+02   1.05882724425042e+18
  10.00000   2.05346622589049e+02   1.12365717236807e+20
  10.00000   9.38713489334858e+02   0.00000000000000e+00
  10.00000   2.93472343163481e+03   1.35834113651504e+32
