# Free-atom, free-ion and frozen-core density fits -- Mc (Z = 115)
#
#   rho(r) = sum_i c_i r^n_i exp(-alpha_i r)      r in bohr, rho in e/bohr^3
#
# All-electron B86BPBE densities (scalar-relativistic, spin-restricted),
# fitted with rhofit.py (monotone decay imposed).  Two kinds of block:
#
#   STATE <N> <q> <nterm> <symbol>
#     the atom or ion with N electrons (charge q), in order of increasing N;
#   CORE <N_core> <nterm> <symbol>
#     the frozen core of the neutral atom with N_core electrons, for a
#     pseudopotential with Z - N_core valence electrons, in order of
#     increasing N_core, each preceded by a '# orbitals:' comment.
#
# Each block header is followed by nterm lines:   n   alpha   c
#
# Generated 2026-09-23 by combine_fits.py from
#   /home/alberto/doc/manuals/critic2/atomic_density_fits/15_rhofit/rho_b86bpbe_mono/fit_115_Mc.dat
#     recipe: --npow 0,1,2,3,4,5,6,7,8,9,10 --amin 0.2 --ratio 1.1 --mom 3 --cusp none --targetz 1e-3 --besteffort --monotone --stats
#   /home/alberto/doc/manuals/critic2/atomic_density_fits/15_rhofit/core_b86bpbe_mono/core_115_Mc.dat
#     recipe: --npow 0,1,2,3,4,5,6,7,8,9,10 --amin 0.2 --ratio 1.1 --mom 3 --cusp none --besteffort --monotone --stats --target 1e-3*N_core
#
STATE 114 +1 33 Mc
   0.00000   1.60766465230997e+00   8.02568645475703e-01
   0.00000   3.12034530822854e+00   3.87051778672244e+01
   0.00000   3.43041404735192e+00   0.00000000000000e+00
   0.00000   3.03148828557949e+01   9.40898365353082e+03
   0.00000   3.33272730162627e+01   9.19875894121996e+03
   0.00000   1.03878674127781e+02   1.76284042843933e+05
   0.00000   4.30214130710839e+02   7.52404445707352e+05
   0.00000   4.72964512442886e+02   3.87197075413862e+06
   0.00000   1.21974038887177e+03   9.05467937282310e+06
   0.00000   1.34094600141663e+03   0.00000000000000e+00
   0.00000   2.86129323885458e+03   1.71268030231542e+07
   0.00000   5.05156188695548e+03   6.25413830368738e+06
   0.00000   5.55353563350255e+03   1.61688632956522e+07
   0.00000   2.30000000000000e+04   2.97918741752182e+08
   3.00000   2.09210728205410e+04   4.48380047607041e+18
   4.00000   2.30000000000000e+04   2.32168638482266e+23
   7.00000   2.94516161444418e+02   0.00000000000000e+00
   8.00000   3.12034530822854e+00   2.10213060852929e-03
   8.00000   3.23782234846523e+02   5.14832502190266e+19
   9.00000   1.14201098836249e+02   4.45083712409105e+16
  10.00000   4.55804067835690e+00   0.00000000000000e+00
  10.00000   5.01097321831786e+00   9.64497674957566e-02
  10.00000   1.42070796508662e+01   1.39459229851815e+04
  10.00000   1.56188372734450e+01   1.13168216147788e+06
  10.00000   2.50823442752014e+01   3.53721278195851e+09
  10.00000   2.75747770335763e+01   4.39417146767254e+09
  10.00000   5.35203818896791e+01   4.04672422117327e+13
  10.00000   5.88387026813469e+01   2.83279295580348e+14
  10.00000   1.25549262973494e+02   0.00000000000000e+00
  10.00000   1.38025094275051e+02   4.37748654175693e+18
  10.00000   3.55956478204995e+02   2.22739175626805e+23
  10.00000   5.19962999961733e+02   1.40027318343048e+25
  10.00000   1.34094600141663e+03   8.41319764485728e+28
STATE 115 +0 33 Mc
   0.00000   1.20993992723718e+00   1.48509588588658e-01
   0.00000   1.33017166782824e+00   2.99611155616982e-01
   0.00000   3.12034530822854e+00   3.92822362589989e+01
   0.00000   3.43041404735192e+00   0.00000000000000e+00
   0.00000   3.03148828557949e+01   9.60015663954311e+03
   0.00000   3.33272730162627e+01   8.92643126399211e+03
   0.00000   1.03878674127781e+02   1.77611983454834e+05
   0.00000   4.30214130710839e+02   7.02306457609432e+05
   0.00000   4.72964512442886e+02   3.93069005797567e+06
   0.00000   1.21974038887177e+03   8.96889899325790e+06
   0.00000   2.60266627004340e+03   4.78112770365612e+06
   0.00000   2.86129323885458e+03   1.05112114257120e+07
   0.00000   5.05156188695548e+03   2.28239912467012e+07
   0.00000   2.30000000000000e+04   3.00946974541243e+08
   3.00000   2.30000000000000e+04   6.68725657303788e+18
   4.00000   2.30000000000000e+04   2.46960938264746e+23
   7.00000   2.94516161444418e+02   0.00000000000000e+00
   8.00000   3.23782234846523e+02   6.66891183218232e+18
   9.00000   1.14201098836249e+02   4.42843190308510e+16
  10.00000   3.12034530822854e+00   8.41310266845604e-05
  10.00000   4.55804067835690e+00   2.07163754466823e-02
  10.00000   5.01097321831786e+00   5.59413712717955e-02
  10.00000   1.42070796508662e+01   4.48413221788470e+04
  10.00000   1.56188372734450e+01   1.07908149009536e+06
  10.00000   2.50823442752014e+01   3.53882449727111e+09
  10.00000   2.75747770335763e+01   4.38507999273166e+09
  10.00000   5.35203818896791e+01   4.04340566070412e+13
  10.00000   5.88387026813469e+01   2.83183171592569e+14
  10.00000   1.38025094275051e+02   4.40629400895079e+18
  10.00000   3.55956478204995e+02   3.08411764807486e+23
  10.00000   4.72964512442886e+02   1.85983670177326e+24
  10.00000   5.19962999961733e+02   1.21996350621568e+25
  10.00000   1.34094600141663e+03   7.29980478757785e+28
STATE 116 -1 37 Mc
   0.00000   1.20993992723718e+00   2.43059995989437e-01
   0.00000   1.33017166782824e+00   2.28729404158058e-01
   0.00000   3.12034530822854e+00   3.82064691149958e+01
   0.00000   3.43041404735192e+00   0.00000000000000e+00
   0.00000   3.03148828557949e+01   8.53690385379736e+03
   0.00000   3.33272730162627e+01   9.87761713441658e+03
   0.00000   1.03878674127781e+02   1.77806621159314e+05
   0.00000   4.30214130710839e+02   6.36009102184290e+05
   0.00000   4.72964512442886e+02   4.01114345989983e+06
   0.00000   1.21974038887177e+03   8.94168542832795e+06
   0.00000   1.34094600141663e+03   0.00000000000000e+00
   0.00000   2.60266627004340e+03   0.00000000000000e+00
   0.00000   2.86129323885458e+03   1.82483970138021e+07
   0.00000   5.05156188695548e+03   7.39653736952524e+06
   0.00000   2.30000000000000e+04   3.31918121612348e+08
   3.00000   2.30000000000000e+04   2.04440399152775e+19
   4.00000   2.30000000000000e+04   4.27704754095365e+23
   6.00000   9.72588826218856e+00   8.80617926856960e+02
   7.00000   2.94516161444418e+02   0.00000000000000e+00
   8.00000   3.23782234846523e+02   0.00000000000000e+00
   9.00000   1.14201098836249e+02   4.96185605315239e+16
  10.00000   3.12034530822854e+00   1.73891586678837e-04
  10.00000   4.55804067835690e+00   3.58564149869252e-02
  10.00000   5.01097321831786e+00   9.27037327184713e-02
  10.00000   1.42070796508662e+01   0.00000000000000e+00
  10.00000   1.56188372734450e+01   1.20146637805670e+06
  10.00000   2.50823442752014e+01   3.48882479444190e+09
  10.00000   2.75747770335763e+01   4.65778945361001e+09
  10.00000   5.35203818896791e+01   4.01713369359771e+13
  10.00000   5.88387026813469e+01   2.85820588056913e+14
  10.00000   1.38025094275051e+02   3.57294671491141e+18
  10.00000   1.51740649036375e+02   1.66038683048095e+18
  10.00000   3.55956478204995e+02   3.30709212979338e+23
  10.00000   4.72964512442886e+02   1.67070892821741e+24
  10.00000   5.19962999961733e+02   1.32037123562967e+25
  10.00000   1.34094600141663e+03   8.75270584876965e+28
  10.00000   2.30000000000000e+04   6.07813404675542e+43
# orbitals: 1s2
CORE 2 13 Mc
   0.00000   1.03878674127781e+02   0.00000000000000e+00
   0.00000   1.14201098836249e+02   2.13210514502105e+02
   0.00000   2.43680828030895e+02   1.42683914755643e+05
   0.00000   2.67895393930647e+02   7.17666342750219e+05
   0.00000   4.30214130710839e+02   1.13354297586430e+06
   0.00000   4.72964512442886e+02   1.10317603002680e+06
   0.00000   9.17985349269973e+02   4.60341521469611e+06
   0.00000   1.62068666719811e+03   0.00000000000000e+00
   0.00000   1.78173431474116e+03   6.06493279959753e+06
   0.00000   3.14561997169863e+03   1.46150642742318e+07
   0.00000   3.45820025434038e+03   0.00000000000000e+00
   0.00000   8.91844189585988e+03   0.00000000000000e+00
   0.00000   9.80466754091976e+03   8.55748177327987e+07
# orbitals: 1s2 2s2
CORE 4 17 Mc
   0.00000   9.44892741708068e+01   3.67124729223890e+04
   0.00000   1.03878674127781e+02   1.54833835803839e+04
   0.00000   3.55956478204995e+02   0.00000000000000e+00
   0.00000   3.91327876392487e+02   3.29098501233170e+06
   0.00000   9.17985349269973e+02   4.36678689183548e+06
   0.00000   1.00920556103028e+03   2.16650368541618e+06
   0.00000   2.15342977669478e+03   8.52033588803147e+06
   0.00000   2.36741611144103e+03   6.24417884835713e+06
   0.00000   5.55353563350255e+03   3.42818568048138e+07
   0.00000   2.30000000000000e+04   2.61693089484439e+08
   3.00000   2.30000000000000e+04   0.00000000000000e+00
   4.00000   2.30000000000000e+04   1.41148836037839e+23
   5.00000   1.83395935783721e+02   1.45197796815542e+13
  10.00000   2.21654971661047e+02   1.92420657911232e+19
  10.00000   3.55956478204995e+02   1.35859670838617e+22
  10.00000   3.91327876392487e+02   1.02115268545890e+23
  10.00000   1.10949032598875e+03   7.56627321368202e+27
# orbitals: 1s2 2s2 2p6
CORE 10 19 Mc
   0.00000   8.59485645951093e+01   1.07400516186693e+05
   0.00000   9.44892741708068e+01   1.83195389482576e+04
   0.00000   4.30214130710839e+02   2.80183886098950e+06
   0.00000   4.72964512442886e+02   1.53487423723862e+06
   0.00000   1.10949032598875e+03   0.00000000000000e+00
   0.00000   1.21974038887177e+03   8.80748941530237e+06
   0.00000   2.60266627004340e+03   2.51080066197140e+06
   0.00000   2.86129323885458e+03   1.29623387009345e+07
   0.00000   5.55353563350255e+03   2.48978880127490e+07
   0.00000   6.10539051540166e+03   0.00000000000000e+00
   0.00000   2.30000000000000e+04   2.75381391657493e+08
   3.00000   1.38025094275051e+02   1.55616792913650e+10
   3.00000   2.30000000000000e+04   2.28323439033242e+18
   4.00000   2.30000000000000e+04   2.01876956245854e+23
   9.00000   3.23782234846523e+02   2.71888972752458e+20
   9.00000   3.55956478204995e+02   1.95904007807498e+21
  10.00000   2.01619991441553e+02   5.13766034687746e+18
  10.00000   3.91327876392487e+02   0.00000000000000e+00
  10.00000   1.21974038887177e+03   9.12242924619840e+28
# orbitals: 1s2 2s2 2p6 3s2
CORE 12 21 Mc
   0.00000   4.42824288875842e+01   3.79565764234038e+03
   0.00000   7.81798338571849e+01   1.23139205880194e+05
   0.00000   4.30214130710839e+02   2.26274249787210e+06
   0.00000   4.72964512442886e+02   2.25660104880385e+06
   0.00000   1.21974038887177e+03   7.82684130743592e+06
   0.00000   1.34094600141663e+03   1.89106904606446e+06
   0.00000   3.14561997169863e+03   2.09402158692894e+07
   0.00000   6.10539051540166e+03   1.84363872006052e+07
   0.00000   6.71208322148592e+03   0.00000000000000e+00
   0.00000   2.30000000000000e+04   2.92480333912072e+08
   4.00000   2.30000000000000e+04   2.57417567016597e+23
   7.00000   2.67895393930647e+02   3.80788335405951e+17
   8.00000   8.59485645951093e+01   0.00000000000000e+00
   8.00000   2.67895393930647e+02   5.64881611328977e+18
   9.00000   9.44892741708068e+01   3.93396976372175e+14
   9.00000   2.94516161444418e+02   0.00000000000000e+00
  10.00000   1.14201098836249e+02   0.00000000000000e+00
  10.00000   1.25549262973494e+02   2.98211925846090e+17
  10.00000   4.72964512442886e+02   2.58640058178772e+24
  10.00000   1.21974038887177e+03   5.13654423569561e+28
  10.00000   1.34094600141663e+03   9.61978350215383e+27
# orbitals: 1s2 2s2 2p6 3s2 3p6
CORE 18 22 Mc
   0.00000   3.66390044119267e+01   1.07260829661524e+03
   0.00000   4.02798225838077e+01   5.66617440645061e+03
   0.00000   8.59485645951093e+01   0.00000000000000e+00
   0.00000   9.44892741708068e+01   1.78180192009109e+05
   0.00000   4.72964512442886e+02   4.83858000968633e+06
   0.00000   1.21974038887177e+03   2.04311453184767e+06
   0.00000   1.34094600141663e+03   8.10526755786987e+06
   0.00000   3.14561997169863e+03   8.59380152037789e+06
   0.00000   3.45820025434038e+03   1.41597256239825e+07
   0.00000   6.71208322148592e+03   1.80299571856977e+07
   0.00000   7.37906298679879e+03   0.00000000000000e+00
   0.00000   2.30000000000000e+04   2.86484267304073e+08
   4.00000   2.30000000000000e+04   2.41517266589138e+23
   7.00000   7.81798338571849e+01   5.75317143682601e+12
   8.00000   8.59485645951093e+01   2.22979156800930e+13
   8.00000   2.94516161444418e+02   2.04559599768483e+19
  10.00000   1.25549262973494e+02   9.08169017684653e+17
  10.00000   3.23782234846523e+02   6.88176549179555e+22
  10.00000   4.72964512442886e+02   5.91404805027141e+24
  10.00000   5.19962999961733e+02   0.00000000000000e+00
  10.00000   1.34094600141663e+03   1.32956657182895e+29
  10.00000   1.47419581668398e+03   1.24657915472800e+29
# orbitals: 1s2 2s2 2p6 3s2 3p6 3d10
CORE 28 21 Mc
   0.00000   3.66390044119267e+01   1.09925438271330e+04
   0.00000   4.02798225838077e+01   8.72658657534927e+03
   0.00000   9.44892741708068e+01   1.51021644724553e+05
   0.00000   4.72964512442886e+02   4.90906053616026e+06
   0.00000   1.21974038887177e+03   8.82720879782160e+05
   0.00000   1.34094600141663e+03   9.30588428461401e+06
   0.00000   3.14561997169863e+03   1.36766583487638e+07
   0.00000   3.45820025434038e+03   6.37100298411694e+06
   0.00000   6.10539051540166e+03   1.99042500434087e+07
   0.00000   6.71208322148592e+03   0.00000000000000e+00
   0.00000   2.30000000000000e+04   2.88395532403930e+08
   4.00000   2.30000000000000e+04   2.36180674056129e+23
   7.00000   7.81798338571849e+01   9.16694727102861e+12
   7.00000   2.94516161444418e+02   0.00000000000000e+00
   8.00000   8.59485645951093e+01   8.04750658495066e+13
   9.00000   3.23782234846523e+02   3.14277290334734e+21
  10.00000   1.25549262973494e+02   8.72681002027398e+17
  10.00000   1.38025094275051e+02   2.26142353888508e+18
  10.00000   4.72964512442886e+02   2.84458035166675e+24
  10.00000   5.19962999961733e+02   3.11201027384704e+24
  10.00000   1.34094600141663e+03   2.49606820779376e+29
# orbitals: 1s2 2s2 2p6 3s2 3p6 3d10 4s2
CORE 30 22 Mc
   0.00000   2.75747770335763e+01   9.64146427273288e+03
   0.00000   3.03148828557949e+01   3.61962922821637e+03
   0.00000   1.03878674127781e+02   1.78266307927101e+05
   0.00000   4.72964512442886e+02   4.83153841759650e+06
   0.00000   1.21974038887177e+03   4.25361061369700e+06
   0.00000   1.34094600141663e+03   5.46440633842624e+06
   0.00000   3.14561997169863e+03   2.12209954262815e+07
   0.00000   6.71208322148592e+03   2.38384282973690e+07
   0.00000   7.37906298679879e+03   0.00000000000000e+00
   0.00000   2.30000000000000e+04   2.80152237676805e+08
   4.00000   2.30000000000000e+04   2.16375863444087e+23
   7.00000   2.94516161444418e+02   3.70450814308550e+17
   9.00000   1.03878674127781e+02   1.21160412212738e+16
   9.00000   3.23782234846523e+02   3.72815500677152e+21
  10.00000   5.35203818896791e+01   1.90267362152659e+12
  10.00000   5.88387026813469e+01   6.22171701496565e+12
  10.00000   1.25549262973494e+02   3.20429913855719e+17
  10.00000   1.38025094275051e+02   2.32465701022502e+18
  10.00000   3.55956478204995e+02   0.00000000000000e+00
  10.00000   5.19962999961733e+02   1.31040587204254e+25
  10.00000   1.34094600141663e+03   2.01330590526370e+29
  10.00000   1.47419581668398e+03   0.00000000000000e+00
# orbitals: 1s2 2s2 2p6 3s2 3p6 3d10 4s2 4p6
CORE 36 26 Mc
   0.00000   2.28151978735377e+01   1.92662686988655e+03
   0.00000   3.33272730162627e+01   1.23811701073575e+04
   0.00000   1.03878674127781e+02   1.86971576274741e+05
   0.00000   4.72964512442886e+02   4.79193819182047e+06
   0.00000   1.21974038887177e+03   5.12996765050710e+06
   0.00000   1.34094600141663e+03   4.30455265972847e+06
   0.00000   2.86129323885458e+03   1.51143073603832e+07
   0.00000   4.59496061280284e+03   1.29903392789675e+07
   0.00000   5.05156188695548e+03   0.00000000000000e+00
   0.00000   2.30000000000000e+04   3.18002831145405e+08
   3.00000   2.30000000000000e+04   3.24462689320114e+19
   4.00000   2.30000000000000e+04   2.82686364334725e+23
   7.00000   2.94516161444418e+02   0.00000000000000e+00
   9.00000   4.02798225838077e+01   4.70149335569501e+10
   9.00000   1.14201098836249e+02   7.63321296830346e+16
   9.00000   3.23782234846523e+02   4.30255377934669e+21
   9.00000   2.30000000000000e+04   2.13271098646994e+40
  10.00000   4.02798225838077e+01   0.00000000000000e+00
  10.00000   5.35203818896791e+01   2.55500173247111e+13
  10.00000   5.88387026813469e+01   1.11463322681557e+13
  10.00000   1.38025094275051e+02   0.00000000000000e+00
  10.00000   1.51740649036375e+02   3.51676643272172e+18
  10.00000   4.72964512442886e+02   1.94166813349062e+24
  10.00000   5.19962999961733e+02   1.12252436589154e+25
  10.00000   1.34094600141663e+03   1.36696806414017e+29
  10.00000   1.47419581668398e+03   0.00000000000000e+00
# orbitals: 1s2 2s2 2p6 3s2 3p6 3d10 4s2 4p6 4d10
CORE 46 29 Mc
   0.00000   1.88771518759646e+01   0.00000000000000e+00
   0.00000   3.66390044119267e+01   2.15682501775270e+04
   0.00000   1.03878674127781e+02   1.70723226240451e+05
   0.00000   4.30214130710839e+02   7.69975115047448e+05
   0.00000   4.72964512442886e+02   3.85239502579951e+06
   0.00000   1.10949032598875e+03   0.00000000000000e+00
   0.00000   1.21974038887177e+03   8.93027616104115e+06
   0.00000   2.60266627004340e+03   0.00000000000000e+00
   0.00000   2.86129323885458e+03   1.79590797271226e+07
   0.00000   4.59496061280284e+03   5.94347926658296e+06
   0.00000   5.05156188695548e+03   0.00000000000000e+00
   0.00000   2.30000000000000e+04   3.31734619849844e+08
   3.00000   2.30000000000000e+04   3.24563073987904e+19
   4.00000   2.30000000000000e+04   3.86322305836932e+23
   9.00000   4.02798225838077e+01   9.19814040590741e+10
   9.00000   1.14201098836249e+02   7.32678265511138e+16
   9.00000   3.23782234846523e+02   3.78565560291199e+21
   9.00000   2.30000000000000e+04   1.55330718098658e+40
  10.00000   8.84678332946487e+00   4.53172240675001e-02
  10.00000   4.02798225838077e+01   2.84663494646010e+11
  10.00000   5.35203818896791e+01   5.48803478668444e+13
  10.00000   5.88387026813469e+01   3.37832413361501e+13
  10.00000   1.25549262973494e+02   2.03179890111069e+17
  10.00000   1.51740649036375e+02   6.52313010307011e+18
  10.00000   3.55956478204995e+02   0.00000000000000e+00
  10.00000   4.72964512442886e+02   2.54136216692517e+24
  10.00000   5.19962999961733e+02   8.87557707483883e+24
  10.00000   1.34094600141663e+03   8.06464708156220e+28
  10.00000   2.30000000000000e+04   3.54839250719107e+43
# orbitals: 1s2 2s2 2p6 3s2 3p6 3d10 4s2 4p6 4d10 4f14
CORE 60 24 Mc
   0.00000   1.71708812626725e+01   2.70757933095629e+03
   0.00000   1.88771518759646e+01   2.61757774434799e+02
   0.00000   4.02798225838077e+01   1.90976965301107e+04
   0.00000   1.03878674127781e+02   1.63434974047058e+05
   0.00000   4.30214130710839e+02   2.19124410528196e+06
   0.00000   4.72964512442886e+02   2.03605096351693e+06
   0.00000   1.10949032598875e+03   7.17769641647715e+06
   0.00000   1.21974038887177e+03   9.20333966842412e+05
   0.00000   2.60266627004340e+03   1.57170909478544e+07
   0.00000   5.05156188695548e+03   2.29759207032207e+07
   0.00000   2.30000000000000e+04   3.02154737246591e+08
   3.00000   2.30000000000000e+04   3.59944079571872e+18
   4.00000   2.30000000000000e+04   2.72062010398384e+23
   8.00000   3.23782234846523e+02   3.19358096644009e+19
   9.00000   4.02798225838077e+01   8.47089245883427e+10
   9.00000   1.25549262973494e+02   1.05277140199533e+17
  10.00000   4.02798225838077e+01   5.40370322453192e+11
  10.00000   5.35203818896791e+01   7.15987836888843e+13
  10.00000   5.88387026813469e+01   3.57219714843808e+13
  10.00000   1.25549262973494e+02   1.40899571081840e+18
  10.00000   1.38025094275051e+02   0.00000000000000e+00
  10.00000   3.55956478204995e+02   2.70389651976904e+23
  10.00000   5.19962999961733e+02   1.54827101766854e+25
  10.00000   1.34094600141663e+03   0.00000000000000e+00
# orbitals: 1s2 2s2 2p6 3s2 3p6 3d10 4s2 4p6 4d10 4f14 5s2
CORE 62 30 Mc
   0.00000   1.42070796508662e+01   1.70409971908151e+03
   0.00000   1.56188372734450e+01   3.11421624521928e+02
   0.00000   4.42824288875842e+01   2.56647432789070e+04
   0.00000   1.03878674127781e+02   1.55623074798075e+05
   0.00000   4.30214130710839e+02   2.09250640834822e+06
   0.00000   4.72964512442886e+02   2.17734404618089e+06
   0.00000   1.10949032598875e+03   7.00679433845006e+06
   0.00000   1.21974038887177e+03   1.02466951092794e+06
   0.00000   2.36741611144103e+03   0.00000000000000e+00
   0.00000   2.60266627004340e+03   1.65088689037478e+07
   0.00000   4.59496061280284e+03   9.79904814894888e+06
   0.00000   5.05156188695548e+03   0.00000000000000e+00
   0.00000   2.30000000000000e+04   3.30915473869543e+08
   3.00000   2.30000000000000e+04   2.91850622556976e+19
   4.00000   2.30000000000000e+04   3.91319797354352e+23
   5.00000   2.50823442752014e+01   1.38948937006360e+07
   6.00000   2.75747770335763e+01   0.00000000000000e+00
   8.00000   3.23782234846523e+02   0.00000000000000e+00
   9.00000   1.25549262973494e+02   0.00000000000000e+00
   9.00000   2.30000000000000e+04   1.16683890872523e+40
  10.00000   4.02798225838077e+01   2.30991738033858e+11
  10.00000   5.35203818896791e+01   5.65891755878369e+13
  10.00000   5.88387026813469e+01   5.44050358005780e+13
  10.00000   1.25549262973494e+02   2.18371788697821e+18
  10.00000   1.51740649036375e+02   6.82202403327780e+18
  10.00000   3.55956478204995e+02   3.14652411259499e+23
  10.00000   4.72964512442886e+02   1.59118259115391e+24
  10.00000   5.19962999961733e+02   1.31188905039669e+25
  10.00000   1.34094600141663e+03   0.00000000000000e+00
  10.00000   2.30000000000000e+04   4.28721394342851e+43
# orbitals: 1s2 2s2 2p6 3s2 3p6 3d10 4s2 4p6 4d10 4f14 5s2 5p6
CORE 68 28 Mc
   0.00000   1.06923498593583e+01   2.39080173552081e+02
   0.00000   1.17548487534437e+01   8.89399672018381e+02
   0.00000   4.02798225838077e+01   2.30956141974189e+04
   0.00000   4.42824288875842e+01   0.00000000000000e+00
   0.00000   1.03878674127781e+02   1.69489832732705e+05
   0.00000   4.72964512442886e+02   4.83000504309992e+06
   0.00000   1.21974038887177e+03   4.83144192033068e+06
   0.00000   1.34094600141663e+03   4.66076135657728e+06
   0.00000   2.86129323885458e+03   1.36295526206388e+07
   0.00000   3.14561997169863e+03   2.82632056031223e+06
   0.00000   5.55353563350255e+03   2.46236158666418e+07
   0.00000   2.30000000000000e+04   2.92174349124399e+08
   3.00000   2.09210728205410e+04   2.84229470930084e+18
   4.00000   2.30000000000000e+04   2.14306237716991e+23
   8.00000   2.28151978735377e+01   1.02445594406175e+08
   8.00000   3.23782234846523e+02   0.00000000000000e+00
   9.00000   2.50823442752014e+01   0.00000000000000e+00
   9.00000   1.25549262973494e+02   1.46174729072827e+17
   9.00000   3.55956478204995e+02   3.91302020008211e+21
  10.00000   2.75747770335763e+01   0.00000000000000e+00
  10.00000   3.03148828557949e+01   4.04443468611582e+09
  10.00000   5.35203818896791e+01   5.79482764325364e+13
  10.00000   5.88387026813469e+01   1.04782907847663e+14
  10.00000   1.25549262973494e+02   1.29821619085984e+18
  10.00000   3.55956478204995e+02   2.21414039652865e+23
  10.00000   5.19962999961733e+02   1.34742351618516e+25
  10.00000   1.34094600141663e+03   1.70351954149852e+29
  10.00000   1.47419581668398e+03   0.00000000000000e+00
# orbitals: 1s2 2s2 2p6 3s2 3p6 3d10 4s2 4p6 4d10 4f14 5s2 5p6 5d10
CORE 78 29 Mc
   0.00000   8.84678332946487e+00   1.93634133758766e+01
   0.00000   9.72588826218856e+00   3.54982050735369e+02
   0.00000   3.33272730162627e+01   1.89633397037951e+04
   0.00000   9.44892741708068e+01   5.33896602690778e+04
   0.00000   1.03878674127781e+02   1.24854738612441e+05
   0.00000   4.72964512442886e+02   2.11493767602990e+06
   0.00000   5.19962999961733e+02   3.45452439957638e+06
   0.00000   1.34094600141663e+03   0.00000000000000e+00
   0.00000   1.47419581668398e+03   1.14296627446984e+07
   0.00000   3.14561997169863e+03   0.00000000000000e+00
   0.00000   3.45820025434038e+03   2.00468829534980e+07
   0.00000   6.71208322148592e+03   2.49327964372574e+07
   0.00000   7.37906298679879e+03   0.00000000000000e+00
   0.00000   2.30000000000000e+04   2.75117493628039e+08
   4.00000   2.30000000000000e+04   1.82686576945124e+23
   7.00000   3.23782234846523e+02   0.00000000000000e+00
   8.00000   3.23782234846523e+02   1.29336136742883e+20
   9.00000   1.88771518759646e+01   4.08612962523986e+06
   9.00000   3.55956478204995e+02   0.00000000000000e+00
  10.00000   1.88771518759646e+01   1.32527151069336e+07
  10.00000   2.50823442752014e+01   2.56012669057087e+09
  10.00000   2.75747770335763e+01   3.32165854134043e+09
  10.00000   5.35203818896791e+01   6.13723709860354e+13
  10.00000   5.88387026813469e+01   1.71219755624278e+14
  10.00000   1.25549262973494e+02   1.39218285254562e+18
  10.00000   1.38025094275051e+02   4.10749006359400e+18
  10.00000   5.19962999961733e+02   4.34227115632142e+24
  10.00000   1.34094600141663e+03   1.32306307386509e+29
  10.00000   1.47419581668398e+03   7.96831172662059e+29
# orbitals: 1s2 2s2 2p6 3s2 3p6 3d10 4s2 4p6 4d10 4f14 5s2 5p6 5d10 6s2
CORE 80 28 Mc
   0.00000   6.65815247138494e+00   8.70348999024703e+01
   0.00000   7.31977313761358e+00   1.40067158957582e+02
   0.00000   3.33272730162627e+01   2.00087177746030e+04
   0.00000   3.66390044119267e+01   0.00000000000000e+00
   0.00000   9.44892741708068e+01   0.00000000000000e+00
   0.00000   1.03878674127781e+02   1.76434950543208e+05
   0.00000   4.72964512442886e+02   4.35824579544741e+06
   0.00000   5.19962999961733e+02   6.29434001237663e+05
   0.00000   1.34094600141663e+03   1.06345500908220e+07
   0.00000   1.47419581668398e+03   0.00000000000000e+00
   0.00000   3.45820025434038e+03   2.43189826840250e+07
   0.00000   6.71208322148592e+03   1.41191928420619e+07
   0.00000   7.37906298679879e+03   0.00000000000000e+00
   0.00000   2.30000000000000e+04   2.97939437578726e+08
   4.00000   2.30000000000000e+04   2.67946118451279e+23
   8.00000   3.23782234846523e+02   8.62301813526963e+19
  10.00000   1.56188372734450e+01   8.82007552691607e+03
  10.00000   1.71708812626725e+01   3.94176004258309e+06
  10.00000   2.50823442752014e+01   2.09514924653028e+09
  10.00000   2.75747770335763e+01   2.16205843557022e+09
  10.00000   5.35203818896791e+01   5.20285023162135e+13
  10.00000   5.88387026813469e+01   1.97011799811778e+14
  10.00000   1.25549262973494e+02   1.38604095049681e+18
  10.00000   1.38025094275051e+02   4.06155514978831e+18
  10.00000   3.55956478204995e+02   1.22752102557749e+23
  10.00000   5.19962999961733e+02   1.02488359924155e+25
  10.00000   1.34094600141663e+03   1.77966857790075e+29
  10.00000   1.47419581668398e+03   0.00000000000000e+00
# orbitals: 1s2 2s2 2p6 3s2 3p6 3d10 4s2 4p6 4d10 4f14 5s2 5p6 5d10 5f14
CORE 92 28 Mc
   0.00000   6.05633446539606e+00   8.19852948329874e+01
   0.00000   2.75747770335763e+01   1.49212812381877e+03
   0.00000   3.03148828557949e+01   1.58015478115555e+04
   0.00000   1.03878674127781e+02   1.80357629074940e+05
   0.00000   4.72964512442886e+02   4.81462742449400e+06
   0.00000   1.21974038887177e+03   4.96526272622917e+06
   0.00000   1.34094600141663e+03   4.55325855121446e+06
   0.00000   2.86129323885458e+03   1.25200669867631e+07
   0.00000   3.14561997169863e+03   4.23882794414027e+06
   0.00000   5.55353563350255e+03   2.39741184523971e+07
   0.00000   6.10539051540166e+03   0.00000000000000e+00
   0.00000   2.30000000000000e+04   2.92963572556633e+08
   3.00000   2.09210728205410e+04   3.18406876719720e+18
   4.00000   2.30000000000000e+04   2.16166404831656e+23
   6.00000   1.29229281714347e+01   1.04569957021975e+05
   7.00000   1.42070796508662e+01   1.15013167964090e+05
   8.00000   1.71708812626725e+01   3.72552749970043e+06
   8.00000   3.23782234846523e+02   6.12919042235506e+19
  10.00000   2.28151978735377e+01   0.00000000000000e+00
  10.00000   2.50823442752014e+01   4.18966025926418e+09
  10.00000   5.35203818896791e+01   5.81623809246535e+13
  10.00000   5.88387026813469e+01   2.11253959019492e+14
  10.00000   1.25549262973494e+02   1.29934649403172e+18
  10.00000   1.38025094275051e+02   3.85815099399322e+18
  10.00000   3.55956478204995e+02   1.97654260092174e+23
  10.00000   5.19962999961733e+02   1.26909771221126e+25
  10.00000   1.34094600141663e+03   1.55572022061023e+29
  10.00000   1.47419581668398e+03   0.00000000000000e+00
# orbitals: 1s2 2s2 2p6 3s2 3p6 3d10 4s2 4p6 4d10 4f14 5s2 5p6 5d10 5f14 6s2
CORE 94 28 Mc
   0.00000   6.05633446539606e+00   1.13368485262037e+02
   0.00000   6.65815247138494e+00   5.40402809333689e+00
   0.00000   3.03148828557949e+01   9.86389676669784e+03
   0.00000   3.33272730162627e+01   8.26190825407198e+03
   0.00000   1.03878674127781e+02   1.78685623994961e+05
   0.00000   4.72964512442886e+02   4.81531476513583e+06
   0.00000   1.21974038887177e+03   5.47557706119692e+06
   0.00000   1.34094600141663e+03   3.86908927392614e+06
   0.00000   2.86129323885458e+03   1.62058891802294e+07
   0.00000   3.14561997169863e+03   0.00000000000000e+00
   0.00000   5.55353563350255e+03   2.53941375963722e+07
   0.00000   2.30000000000000e+04   2.91652181871570e+08
   3.00000   2.30000000000000e+04   2.20759158099594e+18
   4.00000   2.30000000000000e+04   2.21434726714412e+23
   6.00000   1.29229281714347e+01   2.07909198088382e+05
   7.00000   1.56188372734450e+01   1.46288357834353e+05
   8.00000   3.23782234846523e+02   4.75576821416997e+19
   9.00000   1.71708812626725e+01   1.72296251770101e+06
   9.00000   1.14201098836249e+02   4.35226616450143e+16
  10.00000   2.50823442752014e+01   3.66206692510384e+09
  10.00000   5.35203818896791e+01   4.70835119309213e+13
  10.00000   5.88387026813469e+01   2.41206152038063e+14
  10.00000   1.25549262973494e+02   0.00000000000000e+00
  10.00000   1.38025094275051e+02   4.28638729361684e+18
  10.00000   3.55956478204995e+02   2.32916942287599e+23
  10.00000   5.19962999961733e+02   1.37326081572728e+25
  10.00000   1.34094600141663e+03   1.65307298691896e+29
  10.00000   1.47419581668398e+03   0.00000000000000e+00
# orbitals: 1s2 2s2 2p6 3s2 3p6 3d10 4s2 4p6 4d10 4f14 5s2 5p6 5d10 5f14 6s2 6p6
CORE 100 30 Mc
   0.00000   5.01097321831786e+00   5.33875551327487e+01
   0.00000   3.03148828557949e+01   1.16464466446859e+04
   0.00000   3.33272730162627e+01   6.38080929237372e+03
   0.00000   1.03878674127781e+02   1.79523526244268e+05
   0.00000   4.72964512442886e+02   4.81286956248953e+06
   0.00000   5.19962999961733e+02   0.00000000000000e+00
   0.00000   1.21974038887177e+03   5.48324762242220e+06
   0.00000   1.34094600141663e+03   3.86767038503035e+06
   0.00000   2.86129323885458e+03   1.61818818679373e+07
   0.00000   3.14561997169863e+03   0.00000000000000e+00
   0.00000   5.55353563350255e+03   2.54723916625043e+07
   0.00000   6.10539051540166e+03   0.00000000000000e+00
   0.00000   2.30000000000000e+04   2.91468615466801e+08
   3.00000   7.31977313761358e+00   1.51854600891087e+03
   3.00000   2.30000000000000e+04   2.27187835195031e+18
   4.00000   2.30000000000000e+04   2.20194477808633e+23
   8.00000   3.23782234846523e+02   4.99195897895350e+19
   9.00000   1.14201098836249e+02   4.38107375922707e+16
  10.00000   1.56188372734450e+01   0.00000000000000e+00
  10.00000   1.71708812626725e+01   4.70133212451701e+06
  10.00000   2.50823442752014e+01   2.90460921503467e+09
  10.00000   2.75747770335763e+01   4.74452255488540e+09
  10.00000   5.35203818896791e+01   4.48266613301898e+13
  10.00000   5.88387026813469e+01   2.64446288373914e+14
  10.00000   1.25549262973494e+02   0.00000000000000e+00
  10.00000   1.38025094275051e+02   4.35795610550116e+18
  10.00000   3.55956478204995e+02   2.27470957610676e+23
  10.00000   5.19962999961733e+02   1.36490069181135e+25
  10.00000   1.34094600141663e+03   1.61594066957000e+29
  10.00000   1.47419581668398e+03   0.00000000000000e+00
# orbitals: 1s2 2s2 2p6 3s2 3p6 3d10 4s2 4p6 4d10 4f14 5s2 5p6 5d10 5f14 6s2 6p6 6d10
CORE 110 31 Mc
   0.00000   3.12034530822854e+00   3.19418058942216e+01
   0.00000   3.43041404735192e+00   2.71385504995371e+00
   0.00000   3.03148828557949e+01   1.10652396740853e+04
   0.00000   3.33272730162627e+01   7.21967496107803e+03
   0.00000   1.03878674127781e+02   1.78156953517983e+05
   0.00000   4.30214130710839e+02   6.71590561461707e+05
   0.00000   4.72964512442886e+02   3.96654503614366e+06
   0.00000   1.21974038887177e+03   8.96848223988490e+06
   0.00000   2.60266627004340e+03   0.00000000000000e+00
   0.00000   2.86129323885458e+03   1.81082300826380e+07
   0.00000   5.05156188695548e+03   8.00844614934264e+06
   0.00000   2.30000000000000e+04   3.30567677202702e+08
   3.00000   6.05633446539606e+00   2.08048625644726e+02
   3.00000   2.30000000000000e+04   2.01492108096571e+19
   4.00000   7.31977313761358e+00   0.00000000000000e+00
   4.00000   2.30000000000000e+04   4.19421195652979e+23
   7.00000   2.94516161444418e+02   0.00000000000000e+00
   8.00000   3.23782234846523e+02   0.00000000000000e+00
   9.00000   1.14201098836249e+02   4.37203047834744e+16
  10.00000   4.55804067835690e+00   1.43299440723596e-03
  10.00000   1.56188372734450e+01   4.01813216221860e+05
  10.00000   2.50823442752014e+01   3.60416879455810e+09
  10.00000   2.75747770335763e+01   4.47467098915953e+09
  10.00000   5.35203818896791e+01   4.29448660718536e+13
  10.00000   5.88387026813469e+01   2.77037244230596e+14
  10.00000   1.38025094275051e+02   4.40948263563640e+18
  10.00000   3.55956478204995e+02   3.23710621822629e+23
  10.00000   4.72964512442886e+02   2.02610415738833e+24
  10.00000   5.19962999961733e+02   1.22433189537700e+25
  10.00000   1.34094600141663e+03   7.68537949245802e+28
  10.00000   2.30000000000000e+04   5.87309512440954e+43
# orbitals: 1s2 2s2 2p6 3s2 3p6 3d10 4s2 4p6 4d10 4f14 5s2 5p6 5d10 5f14 6s2 6p6 6d10 7s2
CORE 112 32 Mc
   0.00000   2.58175417173141e+00   8.24489842060744e+00
   0.00000   2.83830310516011e+00   7.69798217254958e+00
   0.00000   3.43041404735192e+00   2.56392097856228e+01
   0.00000   3.77129431965019e+00   0.00000000000000e+00
   0.00000   3.03148828557949e+01   8.98344380852310e+03
   0.00000   3.33272730162627e+01   9.66503623118996e+03
   0.00000   1.03878674127781e+02   1.78498292533294e+05
   0.00000   4.72964512442886e+02   4.81613521786050e+06
   0.00000   5.19962999961733e+02   0.00000000000000e+00
   0.00000   1.21974038887177e+03   5.34730424984795e+06
   0.00000   1.34094600141663e+03   4.03657978762502e+06
   0.00000   2.86129323885458e+03   1.60703518073906e+07
   0.00000   5.55353563350255e+03   2.57543151580567e+07
   0.00000   6.10539051540166e+03   0.00000000000000e+00
   0.00000   2.30000000000000e+04   2.90909211946882e+08
   3.00000   2.30000000000000e+04   2.41594258129070e+18
   4.00000   2.30000000000000e+04   2.16459166895125e+23
   8.00000   3.23782234846523e+02   5.67385875161510e+19
   9.00000   1.14201098836249e+02   4.48554955450657e+16
  10.00000   5.50891366852622e+00   0.00000000000000e+00
  10.00000   1.56188372734450e+01   8.11153056219021e+05
  10.00000   1.71708812626725e+01   4.05432144121481e+05
  10.00000   2.50823442752014e+01   3.56070109551061e+09
  10.00000   2.75747770335763e+01   4.10972300654806e+09
  10.00000   5.35203818896791e+01   3.99799429754542e+13
  10.00000   5.88387026813469e+01   2.84102235570805e+14
  10.00000   1.25549262973494e+02   0.00000000000000e+00
  10.00000   1.38025094275051e+02   4.36424665054905e+18
  10.00000   3.55956478204995e+02   2.07250337797307e+23
  10.00000   5.19962999961733e+02   1.30335575627675e+25
  10.00000   1.34094600141663e+03   1.59521877469456e+29
  10.00000   1.47419581668398e+03   0.00000000000000e+00
