# Free-atom, free-ion and frozen-core density fits -- Ge (Z = 32)
#
#   rho(r) = sum_i c_i r^n_i exp(-alpha_i r)      r in bohr, rho in e/bohr^3
#
# All-electron B86BPBE densities (scalar-relativistic, spin-restricted),
# fitted with rhofit.py (monotone decay imposed).  Two kinds of block:
#
#   STATE <N> <q> <nterm> <symbol>
#     the atom or ion with N electrons (charge q), in order of increasing N;
#   CORE <N_core> <nterm> <symbol>
#     the frozen core of the neutral atom with N_core electrons, for a
#     pseudopotential with Z - N_core valence electrons, in order of
#     increasing N_core, each preceded by a '# orbitals:' comment.
#
# Each block header is followed by nterm lines:   n   alpha   c
#
# Generated 2026-09-23 by combine_fits.py from
#   /home/alberto/doc/manuals/critic2/atomic_density_fits/15_rhofit/rho_b86bpbe_mono/fit_032_Ge.dat
#     recipe: --npow 0,1,2,3,4,5,6,7,8,9,10 --amin 0.2 --ratio 1.1 --mom 3 --cusp none --targetz 1e-3 --besteffort --monotone --stats
#   /home/alberto/doc/manuals/critic2/atomic_density_fits/15_rhofit/core_b86bpbe_mono/core_032_Ge.dat
#     recipe: --npow 0,1,2,3,4,5,6,7,8,9,10 --amin 0.2 --ratio 1.1 --mom 3 --cusp none --besteffort --monotone --stats --target 1e-3*N_core
#
STATE 28 +4 17 Ge
   0.00000   4.62353856581819e+00   5.21615500762641e+01
   0.00000   1.92729969276487e+01   3.45588316468931e+02
   0.00000   2.11973174262575e+01   1.00675494211603e+03
   0.00000   7.30453154012513e+01   1.15319359991883e+04
   0.00000   8.03385556939597e+01   1.32956157770664e+04
   0.00000   8.67391774212243e+02   1.59916361983656e+03
   1.00000   1.15401180851274e+03   3.29808244313746e+06
   3.00000   1.56403179694961e+02   7.33587858807545e+08
   7.00000   1.31711182077472e+01   0.00000000000000e+00
   7.00000   5.49031693232318e+01   4.91618427638321e+10
   8.00000   1.44861940546388e+01   3.87102278041215e+05
   9.00000   6.03849993968785e+01   7.13057195293652e+12
  10.00000   5.08517772197603e+00   2.62365591652678e-04
  10.00000   2.33137725158314e+01   3.15859287598788e+08
  10.00000   2.56415459555583e+01   5.56304163587858e+07
  10.00000   9.71823333304468e+01   7.41936896921909e+15
  10.00000   2.76844235595446e+02   1.17378070001406e+20
STATE 29 +3 22 Ge
   0.00000   2.15934121971639e+00   8.45674696127143e-02
   0.00000   4.20380762253896e+00   2.37353900254874e+01
   0.00000   4.62353856581819e+00   1.85726378186082e+01
   0.00000   1.92729969276487e+01   1.19591152613933e+03
   0.00000   7.30453154012513e+01   1.68157697952952e+04
   0.00000   8.03385556939597e+01   8.06116781094070e+03
   0.00000   7.17054221409610e+02   3.10599994324066e+03
   1.00000   9.53996871370058e+02   0.00000000000000e+00
   3.00000   1.56403179694961e+02   2.60803082714695e+08
   4.00000   1.72019321069572e+02   1.64181724715639e+10
   5.00000   1.85724205286578e+03   1.09758044124579e+17
   6.00000   4.99189870305982e+01   4.03110021604258e+09
   7.00000   1.44861940546388e+01   3.51519866531907e+05
   7.00000   5.49031693232318e+01   0.00000000000000e+00
   8.00000   4.62353856581819e+00   5.70691477481631e-02
   9.00000   6.03849993968785e+01   6.57437279825110e+12
  10.00000   6.15133583312343e+00   0.00000000000000e+00
  10.00000   6.76551855114820e+00   5.61090767182965e+00
  10.00000   2.33137725158314e+01   1.55154529165079e+08
  10.00000   2.56415459555583e+01   3.77187441030851e+08
  10.00000   9.71823333304468e+01   6.61761541164154e+15
  10.00000   2.76844235595446e+02   2.84493935437699e+19
STATE 30 +2 22 Ge
   0.00000   2.15934121971639e+00   0.00000000000000e+00
   0.00000   2.37494155360272e+00   1.51694104835179e+00
   0.00000   4.62353856581819e+00   4.04924673066542e+01
   0.00000   1.92729969276487e+01   1.17115995719671e+03
   0.00000   7.30453154012513e+01   1.72765631807288e+04
   0.00000   8.03385556939597e+01   7.59389294916170e+03
   0.00000   6.51959091251147e+02   3.06486649132052e+03
   3.00000   1.56403179694961e+02   3.56834015119160e+08
   4.00000   1.72019321069572e+02   1.09608644822576e+10
   6.00000   4.99189870305982e+01   8.82584127952606e+09
   7.00000   1.44861940546388e+01   3.85812426714932e+05
   8.00000   4.62353856581819e+00   1.44068519055891e-01
   9.00000   5.08517772197603e+00   0.00000000000000e+00
   9.00000   6.03849993968785e+01   0.00000000000000e+00
   9.00000   2.71765994459968e+03   0.00000000000000e+00
  10.00000   6.76551855114820e+00   6.36073593884995e+00
  10.00000   2.33137725158314e+01   1.28025696919979e+08
  10.00000   2.56415459555583e+01   5.07293576116019e+08
  10.00000   6.03849993968785e+01   1.19807975682516e+13
  10.00000   9.71823333304468e+01   4.03456987751764e+15
  10.00000   2.76844235595446e+02   7.33005721306598e+19
  10.00000   2.71765994459968e+03   2.73683202690356e+30
STATE 31 +1 22 Ge
   0.00000   1.62302915609962e+00   0.00000000000000e+00
   0.00000   1.78508118602765e+00   8.47998183594026e-01
   0.00000   4.62353856581819e+00   3.47327470261428e+01
   0.00000   5.08517772197603e+00   9.00024457905477e+00
   0.00000   1.92729969276487e+01   1.20205436561538e+03
   0.00000   7.30453154012513e+01   1.55528567680782e+04
   0.00000   8.03385556939597e+01   9.30521753258222e+03
   0.00000   7.17054221409610e+02   3.79547984790124e+03
   0.00000   7.88648802265534e+02   0.00000000000000e+00
   1.00000   1.04924909094326e+03   4.93694705791918e+05
   3.00000   1.56403179694961e+02   6.11682724228715e+08
   6.00000   3.47519781874007e+00   1.23793477649209e-02
   6.00000   4.99189870305982e+01   4.29921285982799e+09
   7.00000   1.44861940546388e+01   3.90713998375407e+05
   7.00000   5.49031693232318e+01   0.00000000000000e+00
   9.00000   6.03849993968785e+01   6.27672645844139e+12
  10.00000   4.20380762253896e+00   2.26025436361304e-03
  10.00000   6.15133583312343e+00   1.96793147486936e+00
  10.00000   2.33137725158314e+01   1.38422251719489e+08
  10.00000   2.56415459555583e+01   4.53427787164888e+08
  10.00000   9.71823333304468e+01   6.31130019151873e+15
  10.00000   2.76844235595446e+02   1.18844961214704e+20
STATE 32 +0 21 Ge
   0.00000   1.34172347773192e+00   1.57490783430035e-01
   0.00000   1.47568842367970e+00   4.43079338622580e-01
   0.00000   4.62353856581819e+00   2.54775389916502e+01
   0.00000   5.08517772197603e+00   2.17349906063500e+01
   0.00000   1.92729969276487e+01   1.22605621821245e+03
   0.00000   7.30453154012513e+01   1.38046361857221e+04
   0.00000   8.03385556939597e+01   1.10988809707951e+04
   0.00000   7.17054221409610e+02   3.91577812974916e+03
   3.00000   1.56403179694961e+02   6.85452039975026e+08
   7.00000   1.44861940546388e+01   1.16956750925989e+05
   7.00000   5.49031693232318e+01   5.43638498466735e+10
   9.00000   1.59325742035494e+01   1.21728769725939e+06
   9.00000   6.03849993968785e+01   6.09533512254979e+12
  10.00000   1.47568842367970e+00   0.00000000000000e+00
  10.00000   1.62302915609962e+00   4.27612747217975e-10
  10.00000   5.59290943418469e+00   6.89463039624734e-02
  10.00000   6.15133583312343e+00   1.07488164704536e+00
  10.00000   2.33137725158314e+01   2.44811115334767e+08
  10.00000   2.56415459555583e+01   3.69502093239112e+08
  10.00000   9.71823333304468e+01   6.75864404624258e+15
  10.00000   2.76844235595446e+02   1.22904456872613e+20
STATE 33 -1 23 Ge
   0.00000   1.34172347773192e+00   4.38108810030678e-01
   0.00000   1.47568842367970e+00   2.26425399000097e-01
   0.00000   4.62353856581819e+00   1.46439493384155e+01
   0.00000   5.08517772197603e+00   3.39319173795778e+01
   0.00000   1.92729969276487e+01   1.22572263846647e+03
   0.00000   7.30453154012513e+01   1.36107441424194e+04
   0.00000   8.03385556939597e+01   1.13063420426879e+04
   0.00000   7.88648802265534e+02   1.24509282747270e+03
   1.00000   1.04924909094326e+03   2.88096557898888e+06
   3.00000   1.56403179694961e+02   6.92041661232718e+08
   7.00000   1.44861940546388e+01   8.12077009771949e+04
   7.00000   5.49031693232318e+01   5.62810377608581e+10
   8.00000   4.20380762253896e+00   0.00000000000000e+00
   9.00000   1.59325742035494e+01   1.44220820124285e+06
   9.00000   6.03849993968785e+01   5.91014915285130e+12
  10.00000   1.21992004667766e+00   0.00000000000000e+00
  10.00000   1.34172347773192e+00   1.56206906926893e-11
  10.00000   5.59290943418469e+00   2.49624268277849e-01
  10.00000   6.15133583312343e+00   5.49340136618810e-01
  10.00000   2.33137725158314e+01   2.56414232113684e+08
  10.00000   2.56415459555583e+01   3.85822546137738e+08
  10.00000   9.71823333304468e+01   6.65218818987206e+15
  10.00000   2.76844235595446e+02   1.27141906931168e+20
STATE 34 -2 24 Ge
   0.00000   1.34172347773192e+00   7.16169277602639e-01
   0.00000   4.62353856581819e+00   9.72481116873246e+00
   0.00000   5.08517772197603e+00   3.62527306105791e+01
   0.00000   1.92729969276487e+01   1.16790150269985e+03
   0.00000   7.30453154012513e+01   1.70600960219250e+04
   0.00000   8.03385556939597e+01   7.80863738002384e+03
   0.00000   6.51959091251147e+02   3.05293578466985e+03
   3.00000   1.56403179694961e+02   3.79386191444506e+08
   4.00000   1.72019321069572e+02   1.02506605184750e+10
   6.00000   4.99189870305982e+01   8.87140925004556e+09
   7.00000   3.82218040917096e+00   7.33136787280403e-03
   7.00000   1.44861940546388e+01   2.86118100708066e+05
   8.00000   1.44861940546388e+01   6.28151464808193e+04
   9.00000   1.59325742035494e+01   4.82218877239704e+05
   9.00000   6.03849993968785e+01   0.00000000000000e+00
  10.00000   1.47568842367970e+00   0.00000000000000e+00
  10.00000   1.62302915609962e+00   3.32817231770660e-10
  10.00000   5.59290943418469e+00   4.37264004896684e-01
  10.00000   2.33137725158314e+01   1.54425836118495e+08
  10.00000   2.56415459555583e+01   5.70799323847781e+08
  10.00000   6.03849993968785e+01   1.09912111391095e+13
  10.00000   9.71823333304468e+01   3.89861296397140e+15
  10.00000   2.76844235595446e+02   7.95322190221621e+19
  10.00000   2.71765994459968e+03   2.74464570068240e+30
STATE 35 -3 24 Ge
   0.00000   1.21992004667766e+00   1.15013583019327e-01
   0.00000   1.34172347773192e+00   6.35789871763202e-01
   0.00000   5.08517772197603e+00   5.02635211331631e+01
   0.00000   1.92729969276487e+01   1.22644492295322e+03
   0.00000   7.30453154012513e+01   1.33276344077881e+04
   0.00000   8.03385556939597e+01   1.16038751662957e+04
   0.00000   7.88648802265534e+02   4.29220359050919e+03
   0.00000   8.67391774212243e+02   0.00000000000000e+00
   1.00000   1.15401180851274e+03   2.40269426804106e+05
   3.00000   1.56403179694961e+02   7.03038149219092e+08
   6.00000   3.15971476657619e+00   2.19390034920767e-02
   7.00000   1.44861940546388e+01   6.17721016896493e+04
   7.00000   5.49031693232318e+01   5.86991316894173e+10
   8.00000   1.44861940546388e+01   0.00000000000000e+00
   9.00000   1.59325742035494e+01   1.61981997524919e+06
   9.00000   6.03849993968785e+01   5.67806357418735e+12
  10.00000   8.33690328448167e-01   0.00000000000000e+00
  10.00000   9.16930490554105e-01   1.66084587017893e-14
  10.00000   5.59290943418469e+00   3.69257408191759e-01
  10.00000   6.15133583312343e+00   4.86443582768498e-01
  10.00000   2.33137725158314e+01   2.63061969432086e+08
  10.00000   2.56415459555583e+01   4.16740241328392e+08
  10.00000   9.71823333304468e+01   6.52012100825357e+15
  10.00000   2.76844235595446e+02   1.32366598605955e+20
# orbitals: 1s2
CORE 2 6 Ge
   0.00000   6.03849993968785e+01   1.05449198925771e+04
   0.00000   6.64141651039096e+01   7.57388297721485e+03
   0.00000   8.83599926365833e+01   3.84075054875263e+03
   0.00000   9.71823333304468e+01   0.00000000000000e+00
   0.00000   1.72019321069572e+02   0.00000000000000e+00
   0.00000   1.89194662659342e+02   1.79026101546138e+03
# orbitals: 1s2 2s2
CORE 4 16 Ge
   0.00000   1.59325742035494e+01   2.77891627725348e+01
   0.00000   1.75233687878371e+01   5.10929160956221e+01
   0.00000   6.64141651039096e+01   9.63959089409277e+03
   0.00000   7.30453154012513e+01   1.56370027569331e+04
   0.00000   4.90033073060958e+02   0.00000000000000e+00
   0.00000   5.38960631708294e+02   3.08470120678097e+03
   4.00000   3.10175512197861e+01   3.69035186056699e+06
   4.00000   1.56403179694961e+02   1.36772262347452e+10
   7.00000   4.99189870305982e+01   5.48266661019944e+09
  10.00000   7.30453154012513e+01   1.70114199705965e+13
  10.00000   8.03385556939597e+01   1.30206908420602e+14
  10.00000   2.28861206329652e+02   2.31777861201908e+19
  10.00000   4.05099856968098e+02   5.90361773584231e+21
  10.00000   4.45547222869396e+02   0.00000000000000e+00
  10.00000   1.85724205286578e+03   0.00000000000000e+00
  10.00000   2.04267916815327e+03   2.23782013350228e+28
# orbitals: 1s2 2s2 2p6
CORE 10 14 Ge
   0.00000   1.75233687878371e+01   2.53944548817415e+02
   0.00000   1.92729969276487e+01   7.70360589038177e+02
   0.00000   7.30453154012513e+01   1.57718141604704e+04
   0.00000   8.03385556939597e+01   9.02958325347974e+03
   0.00000   7.17054221409610e+02   3.53545853320239e+03
   3.00000   2.82017369151446e+01   1.04496132139202e+06
   3.00000   1.56403179694961e+02   5.87709907741332e+08
   4.00000   3.41145116900727e+01   3.52258750977230e+06
   4.00000   1.72019321069572e+02   1.26576001530740e+10
   7.00000   5.49031693232318e+01   3.36840913729659e+10
  10.00000   8.03385556939597e+01   0.00000000000000e+00
  10.00000   8.83599926365833e+01   6.47469968176020e+14
  10.00000   2.51711949902630e+02   8.51300723512923e+19
  10.00000   2.76844235595446e+02   0.00000000000000e+00
# orbitals: 1s2 2s2 2p6 3s2
CORE 12 18 Ge
   0.00000   5.59290943418469e+00   1.38559407133849e+00
   0.00000   6.15133583312343e+00   0.00000000000000e+00
   0.00000   1.59325742035494e+01   5.89256875417545e+02
   0.00000   1.75233687878371e+01   5.00783109943772e+02
   0.00000   7.30453154012513e+01   5.40796346056621e+03
   0.00000   8.03385556939597e+01   2.01021833110855e+04
   0.00000   8.67391774212243e+02   3.02986738339138e+03
   2.00000   1.29295162320407e+02   0.00000000000000e+00
   3.00000   1.56403179694961e+02   1.29667198357572e+09
   6.00000   1.19754266847542e+01   0.00000000000000e+00
   7.00000   1.31711182077472e+01   2.39491331789409e+04
   7.00000   4.99189870305982e+01   2.74759673331774e+10
  10.00000   2.11973174262575e+01   1.14635284223085e+07
  10.00000   2.33137725158314e+01   6.19202890478434e+07
  10.00000   6.03849993968785e+01   1.49144041192584e+13
  10.00000   8.83599926365833e+01   2.17856872163300e+15
  10.00000   2.51711949902630e+02   9.71151295075210e+19
  10.00000   2.76844235595446e+02   4.75863890160655e+19
# orbitals: 1s2 2s2 2p6 3s2 3p6
CORE 18 20 Ge
   0.00000   5.08517772197603e+00   0.00000000000000e+00
   0.00000   5.59290943418469e+00   1.73910725346059e+01
   0.00000   1.92729969276487e+01   1.34698413963884e+03
   0.00000   7.30453154012513e+01   7.35538739065413e+03
   0.00000   8.03385556939597e+01   1.77565466750805e+04
   0.00000   6.51959091251147e+02   0.00000000000000e+00
   0.00000   7.17054221409610e+02   2.18767205810749e+03
   3.00000   1.56403179694961e+02   8.81497847530174e+08
   4.00000   9.00110945348514e+00   2.58663756842214e+02
   5.00000   1.08882816189114e+01   4.60688332293912e+03
   6.00000   4.99189870305982e+01   5.82932674543209e+09
   7.00000   1.44861940546388e+01   1.79877932988781e+05
  10.00000   2.33137725158314e+01   1.63249109494098e+08
  10.00000   2.56415459555583e+01   1.72823704366795e+08
  10.00000   6.03849993968785e+01   2.44181420955943e+13
  10.00000   8.83599926365833e+01   1.61703358416665e+15
  10.00000   9.71823333304468e+01   1.62917805662999e+15
  10.00000   2.76844235595446e+02   2.51157947481755e+20
  10.00000   4.90033073060958e+02   4.69798346919184e+22
  10.00000   2.71765994459968e+03   0.00000000000000e+00
# orbitals: 1s2 2s2 2p6 3s2 3p6 3d10
CORE 28 21 Ge
   0.00000   4.20380762253896e+00   1.43956115534306e+01
   0.00000   4.62353856581819e+00   3.00692394448312e+01
   0.00000   1.92729969276487e+01   1.23186443422879e+03
   0.00000   2.11973174262575e+01   0.00000000000000e+00
   0.00000   7.30453154012513e+01   1.37195215419046e+04
   0.00000   8.03385556939597e+01   1.11765735388151e+04
   0.00000   9.53996871370058e+02   2.47968100330093e+03
   1.00000   1.26923460375804e+03   4.26104837072094e+06
   2.00000   1.29295162320407e+02   0.00000000000000e+00
   3.00000   1.56403179694961e+02   6.75129545523938e+08
   7.00000   1.44861940546388e+01   1.66114774042972e+05
   7.00000   5.49031693232318e+01   4.92856950152707e+10
   8.00000   1.44861940546388e+01   2.31946835282786e+05
   9.00000   6.03849993968785e+01   6.50022849814049e+12
  10.00000   6.15133583312343e+00   1.15433134507448e-01
  10.00000   6.76551855114820e+00   2.01322422815048e-01
  10.00000   2.33137725158314e+01   2.22273031879607e+08
  10.00000   2.56415459555583e+01   2.81079252332036e+08
  10.00000   6.64141651039096e+01   0.00000000000000e+00
  10.00000   9.71823333304468e+01   6.90329629510352e+15
  10.00000   2.76844235595446e+02   1.31341623352492e+20
# orbitals: 1s2 2s2 2p6 3s2 3p6 3d10 4s2
CORE 30 22 Ge
   0.00000   1.78508118602765e+00   0.00000000000000e+00
   0.00000   1.96331336916187e+00   7.16734774156604e-01
   0.00000   4.62353856581819e+00   4.44396520840592e+01
   0.00000   1.92729969276487e+01   1.22866359758023e+03
   0.00000   7.30453154012513e+01   1.38706918496274e+04
   0.00000   8.03385556939597e+01   1.10375191026259e+04
   0.00000   7.88648802265534e+02   2.13493233735463e+03
   1.00000   1.15401180851274e+03   0.00000000000000e+00
   2.00000   1.39596186754188e+03   2.26656902110710e+09
   3.00000   1.56403179694961e+02   6.77803794265396e+08
   7.00000   3.82218040917096e+00   4.83920118760137e-02
   7.00000   1.44861940546388e+01   1.71748344752065e+05
   7.00000   5.49031693232318e+01   5.11402609343792e+10
   9.00000   4.20380762253896e+00   0.00000000000000e+00
   9.00000   1.59325742035494e+01   8.45066957385752e+05
   9.00000   6.03849993968785e+01   6.40571754043726e+12
  10.00000   6.15133583312343e+00   2.27242413502098e-01
  10.00000   6.76551855114820e+00   4.34205502431247e+00
  10.00000   2.33137725158314e+01   2.26735467517321e+08
  10.00000   2.56415459555583e+01   3.36991129466971e+08
  10.00000   9.71823333304468e+01   6.91198738836102e+15
  10.00000   2.76844235595446e+02   1.23818355843093e+20
