# Free-atom, free-ion and frozen-core density fits -- Md (Z = 101)
#
#   rho(r) = sum_i c_i r^n_i exp(-alpha_i r)      r in bohr, rho in e/bohr^3
#
# All-electron B86BPBE densities (scalar-relativistic, spin-restricted),
# fitted with rhofit.py (monotone decay imposed).  Two kinds of block:
#
#   STATE <N> <q> <nterm> <symbol>
#     the atom or ion with N electrons (charge q), in order of increasing N;
#   CORE <N_core> <nterm> <symbol>
#     the frozen core of the neutral atom with N_core electrons, for a
#     pseudopotential with Z - N_core valence electrons, in order of
#     increasing N_core, each preceded by a '# orbitals:' comment.
#
# Each block header is followed by nterm lines:   n   alpha   c
#
# Generated 2026-09-23 by combine_fits.py from
#   /home/alberto/doc/manuals/critic2/atomic_density_fits/15_rhofit/rho_b86bpbe_mono/fit_101_Md.dat
#     recipe: --npow 0,1,2,3,4,5,6,7,8,9,10 --amin 0.2 --ratio 1.1 --mom 3 --cusp none --targetz 1e-3 --besteffort --monotone --stats
#   /home/alberto/doc/manuals/critic2/atomic_density_fits/15_rhofit/core_b86bpbe_mono/core_101_Md.dat
#     recipe: --npow 0,1,2,3,4,5,6,7,8,9,10 --amin 0.2 --ratio 1.1 --mom 3 --cusp none --besteffort --monotone --stats --target 1e-3*N_core
#
STATE 98 +3 27 Md
   0.00000   3.16528488759731e+00   1.87472400424978e+01
   0.00000   3.48153553411741e+00   2.66074926546913e+01
   0.00000   2.33846777635151e+01   2.57110973604809e+03
   0.00000   2.57210928806357e+01   6.32901347738053e+03
   0.00000   7.33208893933382e+01   3.83350584932516e+04
   0.00000   8.06465423748217e+01   5.34297776700958e+04
   0.00000   3.70095835630936e+02   2.40446358196002e+06
   0.00000   1.27634640907999e+03   3.90240703450105e+06
   0.00000   4.00188768193108e+03   7.70596978132531e+06
   0.00000   4.40172517260074e+03   0.00000000000000e+00
   0.00000   1.14078342414577e+04   7.57640724324118e+06
   0.00000   2.02000000000000e+04   2.35894047919038e+07
   5.00000   6.16480011022538e+00   6.96007007356516e+01
   7.00000   6.78073898769112e+00   5.94164567653144e+01
   7.00000   2.52861137246247e+02   0.00000000000000e+00
   9.00000   2.78125055336930e+02   5.71231771850165e+20
  10.00000   9.92451148948573e+00   0.00000000000000e+00
  10.00000   1.93292647256017e+01   2.96587582256846e+07
  10.00000   2.12604945148008e+01   2.16653444796893e+08
  10.00000   4.55446726514190e+01   1.12809958925137e+13
  10.00000   5.00951420982595e+01   8.65052386478647e+12
  10.00000   1.07314853222403e+02   2.70713600067207e+17
  10.00000   1.18036918666110e+02   2.27611926570507e+17
  10.00000   4.07072932937815e+02   3.79875049007403e+23
  10.00000   1.05500011042144e+03   6.45408174332429e+27
  10.00000   1.16040751570964e+03   3.21877434159911e+28
  10.00000   4.40172517260074e+03   2.41817423603578e+34
STATE 99 +2 27 Md
   0.00000   2.87776135600804e+00   1.02753315791574e+01
   0.00000   3.16528488759731e+00   2.93536225580277e+01
   0.00000   1.93292647256017e+01   2.13583912569867e+03
   0.00000   2.82909444237236e+01   6.47556827012022e+03
   0.00000   3.11175555448028e+01   0.00000000000000e+00
   0.00000   7.33208893933382e+01   8.55151193600342e+04
   0.00000   3.70095835630936e+02   2.42569056150871e+06
   0.00000   1.16040751570964e+03   0.00000000000000e+00
   0.00000   1.27634640907999e+03   3.88064964885042e+06
   0.00000   4.00188768193108e+03   7.62656450067680e+06
   0.00000   1.14078342414577e+04   8.67875914053237e+06
   0.00000   1.25476163092240e+04   0.00000000000000e+00
   0.00000   2.02000000000000e+04   2.13186767592101e+07
   7.00000   2.52861137246247e+02   2.24182923075056e+17
   8.00000   2.78125055336930e+02   0.00000000000000e+00
   9.00000   2.78125055336930e+02   2.24984457400216e+20
  10.00000   2.37869478595820e+00   1.33101065719210e-08
  10.00000   8.20338478864331e+00   4.91875111849231e+00
  10.00000   9.02300319115332e+00   2.31760129484548e+02
  10.00000   1.93292647256017e+01   3.13474150396054e+07
  10.00000   2.12604945148008e+01   2.13869474949533e+08
  10.00000   4.55446726514190e+01   1.13328541460235e+13
  10.00000   5.00951420982595e+01   7.45831193921515e+12
  10.00000   1.07314853222403e+02   2.74429436683205e+17
  10.00000   1.18036918666110e+02   2.56462552114027e+17
  10.00000   1.05500011042144e+03   8.70388840118011e+27
  10.00000   1.16040751570964e+03   3.57725750886586e+28
STATE 100 +1 32 Md
   0.00000   1.11038732973908e+00   0.00000000000000e+00
   0.00000   1.22132859518210e+00   5.18016949291988e-02
   0.00000   2.87776135600804e+00   1.03226533512763e+01
   0.00000   3.16528488759731e+00   2.95081059963869e+01
   0.00000   1.93292647256017e+01   0.00000000000000e+00
   0.00000   2.12604945148008e+01   3.55911911961671e+03
   0.00000   2.82909444237236e+01   4.59109874999530e+03
   0.00000   7.33208893933382e+01   8.53976920935960e+04
   0.00000   3.36477609952722e+02   5.44071708145952e+05
   0.00000   3.70095835630936e+02   1.76541010311616e+06
   0.00000   1.16040751570964e+03   2.99330803540447e+06
   0.00000   1.27634640907999e+03   5.63146070233987e+05
   0.00000   3.63837004601749e+03   7.38400252003144e+06
   0.00000   4.00188768193108e+03   0.00000000000000e+00
   0.00000   1.03715860346246e+04   0.00000000000000e+00
   0.00000   1.14078342414577e+04   1.03184605864810e+07
   0.00000   2.02000000000000e+04   2.02348416360794e+07
   7.00000   2.52861137246247e+02   0.00000000000000e+00
   8.00000   2.61635546758622e+00   9.51978113360091e-05
   9.00000   2.78125055336930e+02   5.36416575779941e+20
  10.00000   3.82938348545398e+00   3.54395109550525e-03
  10.00000   9.92451148948573e+00   2.87547854303104e+02
  10.00000   1.93292647256017e+01   2.86765066834422e+07
  10.00000   2.12604945148008e+01   2.19404634392961e+08
  10.00000   4.55446726514190e+01   1.14901311078215e+13
  10.00000   5.00951420982595e+01   7.24486732322865e+12
  10.00000   1.07314853222403e+02   2.66336882057747e+17
  10.00000   1.18036918666110e+02   2.74945315034552e+17
  10.00000   4.07072932937815e+02   3.97763031915568e+23
  10.00000   1.05500011042144e+03   7.08005908389138e+27
  10.00000   1.16040751570964e+03   1.66210187269280e+28
  10.00000   4.40172517260074e+03   2.70270094611260e+33
STATE 101 +0 32 Md
   0.00000   1.00952358514233e+00   0.00000000000000e+00
   0.00000   1.11038732973908e+00   1.07113109495948e-01
   0.00000   2.87776135600804e+00   3.55450239873870e+00
   0.00000   3.16528488759731e+00   3.77216878242999e+01
   0.00000   2.12604945148008e+01   3.35276305185528e+03
   0.00000   2.82909444237236e+01   4.99113162530900e+03
   0.00000   7.33208893933382e+01   8.58348222099794e+04
   0.00000   3.36477609952722e+02   4.86698362424970e+04
   0.00000   3.70095835630936e+02   2.36737316955283e+06
   0.00000   1.27634640907999e+03   3.89196302875501e+06
   0.00000   4.00188768193108e+03   7.70235412727578e+06
   0.00000   4.40172517260074e+03   0.00000000000000e+00
   0.00000   1.03715860346246e+04   0.00000000000000e+00
   0.00000   1.14078342414577e+04   7.75107729139854e+06
   0.00000   2.02000000000000e+04   2.32099798474225e+07
   7.00000   2.16262237866508e+00   1.27811161632515e-04
   7.00000   2.37869478595820e+00   3.35370837128767e-04
   7.00000   2.52861137246247e+02   2.25114053279753e+17
   8.00000   2.78125055336930e+02   0.00000000000000e+00
   9.00000   2.78125055336930e+02   2.27286604262418e+20
  10.00000   3.48153553411741e+00   0.00000000000000e+00
  10.00000   3.82938348545398e+00   3.49089789025905e-03
  10.00000   9.92451148948573e+00   5.82175819430789e+02
  10.00000   1.93292647256017e+01   2.94568004425254e+07
  10.00000   2.12604945148008e+01   2.13112950167569e+08
  10.00000   4.55446726514190e+01   1.13591823490412e+13
  10.00000   5.00951420982595e+01   7.72505739306219e+12
  10.00000   1.07314853222403e+02   2.72608648536635e+17
  10.00000   1.18036918666110e+02   2.55354254797563e+17
  10.00000   1.05500011042144e+03   8.06904857667088e+27
  10.00000   1.16040751570964e+03   3.49197076882342e+28
  10.00000   4.40172517260074e+03   1.45567811903811e+34
STATE 102 -1 30 Md
   0.00000   7.58651613852899e-01   0.00000000000000e+00
   0.00000   8.34450182349720e-01   4.52081001736133e-02
   0.00000   2.87776135600804e+00   7.43365738545721e+00
   0.00000   3.16528488759731e+00   3.29077214506194e+01
   0.00000   1.93292647256017e+01   2.56992078736936e+03
   0.00000   3.11175555448028e+01   6.95130431525650e+03
   0.00000   7.33208893933382e+01   8.60345689079317e+04
   0.00000   3.70095835630936e+02   2.41129790327725e+06
   0.00000   1.16040751570964e+03   8.32220630217252e+05
   0.00000   1.27634640907999e+03   2.88361079120743e+06
   0.00000   3.63837004601749e+03   4.50067076848743e+06
   0.00000   4.00188768193108e+03   2.60607502932272e+06
   0.00000   1.03715860346246e+04   8.62466099233317e+06
   0.00000   1.14078342414577e+04   0.00000000000000e+00
   0.00000   2.02000000000000e+04   2.20626678931956e+07
   8.00000   2.78125055336930e+02   1.49602402531176e+19
   9.00000   2.78125055336930e+02   2.00529684820463e+20
  10.00000   1.47757175697799e+00   2.51627402060238e-09
  10.00000   1.62519923444616e+00   6.84555627384802e-08
  10.00000   3.48153553411741e+00   1.50205949949628e-03
  10.00000   9.92451148948573e+00   4.97126475672826e+02
  10.00000   1.93292647256017e+01   3.06852978885615e+07
  10.00000   2.12604945148008e+01   2.11766851434979e+08
  10.00000   4.55446726514190e+01   1.11639117789907e+13
  10.00000   5.00951420982595e+01   7.66217136893937e+12
  10.00000   1.07314853222403e+02   2.83777894121662e+17
  10.00000   1.18036918666110e+02   2.41273997917525e+17
  10.00000   3.05913147621574e+02   0.00000000000000e+00
  10.00000   1.05500011042144e+03   1.97084934081993e+27
  10.00000   1.16040751570964e+03   5.09803188881325e+28
# orbitals: 1s2
CORE 2 11 Md
   0.00000   1.18036918666110e+02   0.00000000000000e+00
   0.00000   1.29830249493191e+02   9.14213022484212e+02
   0.00000   2.09009502293639e+02   1.72824666361266e+05
   0.00000   2.29892106095972e+02   4.61344675423733e+05
   0.00000   3.70095835630936e+02   6.95542529091122e+05
   0.00000   4.07072932937815e+02   3.24357628802810e+05
   0.00000   7.20809320270515e+02   0.00000000000000e+00
   0.00000   7.92826981128302e+02   1.49999544944311e+06
   0.00000   1.40386901490823e+03   1.55866598706291e+06
   0.00000   3.30787309487145e+03   0.00000000000000e+00
   0.00000   3.63837004601749e+03   7.60448695783351e+06
# orbitals: 1s2 2s2
CORE 4 18 Md
   0.00000   7.33208893933382e+01   8.52824194728721e+03
   0.00000   8.06465423748217e+01   1.36937486074464e+04
   0.00000   3.05913147621574e+02   1.75254918465142e+06
   0.00000   7.92826981128302e+02   7.86191340818742e+05
   0.00000   8.72040086508756e+02   1.70470888367686e+06
   0.00000   2.26004313506937e+03   4.48999528666046e+06
   0.00000   2.48584906660798e+03   0.00000000000000e+00
   0.00000   6.44250901388988e+03   9.29331819486414e+06
   0.00000   7.08619440500197e+03   0.00000000000000e+00
   0.00000   1.83651018646502e+04   0.00000000000000e+00
   0.00000   2.02000000000000e+04   2.45440958354687e+07
   5.00000   1.42801878208499e+02   2.33735932897574e+12
   6.00000   1.57069531172275e+02   0.00000000000000e+00
   6.00000   1.72762697047005e+02   1.28448501571008e+13
  10.00000   2.78125055336930e+02   1.59077008023887e+20
  10.00000   3.05913147621574e+02   6.89533629032159e+21
  10.00000   8.72040086508756e+02   6.41925954641427e+26
  10.00000   9.59167549262726e+02   1.98191500708627e+26
# orbitals: 1s2 2s2 2p6
CORE 10 17 Md
   0.00000   7.33208893933382e+01   6.68790350018747e+04
   0.00000   3.36477609952722e+02   2.02698234193268e+06
   0.00000   3.70095835630936e+02   0.00000000000000e+00
   0.00000   9.59167549262726e+02   0.00000000000000e+00
   0.00000   1.05500011042144e+03   3.11482017032658e+06
   0.00000   2.73421577051719e+03   0.00000000000000e+00
   0.00000   3.00739734369555e+03   5.25976848601600e+06
   0.00000   7.08619440500197e+03   7.13830411811902e+06
   0.00000   2.02000000000000e+04   2.67773736118984e+07
   3.00000   1.07314853222403e+02   6.48426219554272e+08
   3.00000   1.18036918666110e+02   5.67495579433759e+09
   4.00000   1.29830249493191e+02   1.26032757472004e+10
  10.00000   1.72762697047005e+02   7.45048032442192e+17
  10.00000   3.05913147621574e+02   8.65271423156144e+21
  10.00000   3.36477609952722e+02   0.00000000000000e+00
  10.00000   9.59167549262726e+02   4.38670937891006e+27
  10.00000   1.05500011042144e+03   1.03206657528241e+27
# orbitals: 1s2 2s2 2p6 3s2
CORE 12 19 Md
   0.00000   3.42265796638416e+01   0.00000000000000e+00
   0.00000   3.76462332910000e+01   2.35678125192407e+03
   0.00000   6.66606733918519e+01   7.00411853677767e+04
   0.00000   3.36477609952722e+02   1.48031452231900e+06
   0.00000   3.70095835630936e+02   6.75503584014617e+05
   0.00000   1.05500011042144e+03   2.47407887099667e+06
   0.00000   1.16040751570964e+03   7.79097432404056e+05
   0.00000   3.30787309487145e+03   6.89954596146627e+06
   0.00000   3.63837004601749e+03   0.00000000000000e+00
   0.00000   9.42946703088435e+03   7.49908745994854e+06
   0.00000   2.02000000000000e+04   2.59811016854900e+07
   7.00000   2.09009502293639e+02   4.10881869433346e+16
   9.00000   7.33208893933382e+01   1.53696357745046e+13
  10.00000   9.75667431197731e+01   1.05408997475457e+16
  10.00000   1.07314853222403e+02   1.01927101098141e+16
  10.00000   2.52861137246247e+02   1.41591098795097e+21
  10.00000   3.70095835630936e+02   1.73305641908305e+23
  10.00000   1.05500011042144e+03   9.58354131171795e+27
  10.00000   1.16040751570964e+03   0.00000000000000e+00
# orbitals: 1s2 2s2 2p6 3s2 3p6
CORE 18 20 Md
   0.00000   3.11175555448028e+01   1.63339772420824e+03
   0.00000   6.66606733918519e+01   0.00000000000000e+00
   0.00000   7.33208893933382e+01   9.23311971733219e+04
   0.00000   3.36477609952722e+02   7.49690598452762e+05
   0.00000   3.70095835630936e+02   1.50118009545175e+06
   0.00000   1.16040751570964e+03   3.15752827920433e+06
   0.00000   1.27634640907999e+03   4.70516760463446e+05
   0.00000   4.00188768193108e+03   8.86305024160586e+06
   0.00000   4.40172517260074e+03   0.00000000000000e+00
   0.00000   1.51801927417753e+04   4.71258878848274e+06
   0.00000   2.02000000000000e+04   2.91865992941158e+07
   7.00000   6.66606733918519e+01   1.13767243736036e+12
   7.00000   2.29892106095972e+02   8.93335852073423e+16
   8.00000   6.66606733918519e+01   1.86163024290983e+12
   8.00000   2.29892106095972e+02   2.29689268346765e+18
  10.00000   9.75667431197731e+01   1.23138929110833e+16
  10.00000   1.07314853222403e+02   9.45793027666269e+16
  10.00000   4.07072932937815e+02   4.20108908618983e+23
  10.00000   1.05500011042144e+03   1.14429923125040e+28
  10.00000   1.16040751570964e+03   0.00000000000000e+00
# orbitals: 1s2 2s2 2p6 3s2 3p6 3d10
CORE 28 21 Md
   0.00000   3.11175555448028e+01   6.40183273717378e+03
   0.00000   3.42265796638416e+01   6.66959163114057e+03
   0.00000   8.06465423748217e+01   8.05386892844000e+04
   0.00000   3.36477609952722e+02   7.76344213690576e+05
   0.00000   3.70095835630936e+02   1.47131498135921e+06
   0.00000   1.16040751570964e+03   3.50821374512108e+06
   0.00000   1.27634640907999e+03   0.00000000000000e+00
   0.00000   3.63837004601749e+03   7.31244815404638e+06
   0.00000   9.42946703088435e+03   0.00000000000000e+00
   0.00000   1.03715860346246e+04   7.74951851651038e+06
   0.00000   2.02000000000000e+04   2.37602105934236e+07
   7.00000   6.66606733918519e+01   2.63865478296318e+12
   8.00000   2.52861137246247e+02   5.31242659921888e+18
   9.00000   7.33208893933382e+01   0.00000000000000e+00
  10.00000   7.33208893933382e+01   3.52839028182647e+13
  10.00000   1.07314853222403e+02   1.62140727880818e+17
  10.00000   1.18036918666110e+02   6.79263975860692e+16
  10.00000   2.78125055336930e+02   6.05220170782409e+21
  10.00000   4.07072932937815e+02   4.74188977145761e+23
  10.00000   1.05500011042144e+03   1.17087309668746e+28
  10.00000   1.16040751570964e+03   0.00000000000000e+00
# orbitals: 1s2 2s2 2p6 3s2 3p6 3d10 4s2
CORE 30 23 Md
   0.00000   2.33846777635151e+01   5.23966873960051e+03
   0.00000   2.57210928806357e+01   2.15985820821468e+03
   0.00000   8.06465423748217e+01   8.77006303150554e+04
   0.00000   3.36477609952722e+02   1.55785471118662e+06
   0.00000   3.70095835630936e+02   4.91138345216134e+05
   0.00000   9.59167549262726e+02   2.21903661231497e+06
   0.00000   1.05500011042144e+03   6.47796644458874e+05
   0.00000   2.73421577051719e+03   5.51167546409323e+06
   0.00000   3.00739734369555e+03   0.00000000000000e+00
   0.00000   6.44250901388988e+03   0.00000000000000e+00
   0.00000   7.08619440500197e+03   7.81783074185787e+06
   0.00000   2.02000000000000e+04   2.87758645878048e+07
   8.00000   2.52861137246247e+02   3.24222769199007e+18
   9.00000   8.87041176236037e+01   2.35856680361714e+15
  10.00000   3.54142593106590e-01   6.60862290586746e-25
  10.00000   4.14075521106663e+01   8.29387691496925e+10
  10.00000   4.55446726514190e+01   3.38855081284274e+11
  10.00000   1.07314853222403e+02   4.96161746473174e+16
  10.00000   1.18036918666110e+02   2.17461686475374e+17
  10.00000   2.78125055336930e+02   1.12866497903565e+22
  10.00000   4.07072932937815e+02   7.40318859293363e+23
  10.00000   1.05500011042144e+03   2.34813145155521e+27
  10.00000   1.16040751570964e+03   0.00000000000000e+00
# orbitals: 1s2 2s2 2p6 3s2 3p6 3d10 4s2 4p6
CORE 36 26 Md
   0.00000   2.57210928806357e+01   5.27532384527771e+03
   0.00000   2.82909444237236e+01   3.02978815034209e+03
   0.00000   8.06465423748217e+01   9.23122072263935e+04
   0.00000   3.36477609952722e+02   1.02286518610082e+06
   0.00000   3.70095835630936e+02   1.14295769489947e+06
   0.00000   1.05500011042144e+03   3.04183295786790e+06
   0.00000   1.16040751570964e+03   0.00000000000000e+00
   0.00000   2.73421577051719e+03   1.83194836372679e+06
   0.00000   3.00739734369555e+03   3.76115936820353e+06
   0.00000   6.44250901388988e+03   0.00000000000000e+00
   0.00000   7.08619440500197e+03   4.48778110848644e+06
   0.00000   2.02000000000000e+04   3.56376391407863e+07
   4.00000   2.02000000000000e+04   1.91129936195192e+22
   8.00000   2.52861137246247e+02   4.09239334937366e+18
   9.00000   3.11175555448028e+01   0.00000000000000e+00
   9.00000   9.75667431197731e+01   0.00000000000000e+00
   9.00000   2.78125055336930e+02   8.13356658515209e+19
  10.00000   3.42265796638416e+01   1.64720204471322e+10
  10.00000   4.14075521106663e+01   2.50990822092018e+11
  10.00000   4.55446726514190e+01   3.17269900576498e+12
  10.00000   9.75667431197731e+01   6.99427476011486e+16
  10.00000   1.18036918666110e+02   4.82775206599101e+17
  10.00000   2.78125055336930e+02   7.52852599798464e+21
  10.00000   4.07072932937815e+02   6.52154584928011e+23
  10.00000   1.05500011042144e+03   4.70981804478458e+27
  10.00000   1.16040751570964e+03   3.01731817100224e+27
# orbitals: 1s2 2s2 2p6 3s2 3p6 3d10 4s2 4p6 4d10
CORE 46 25 Md
   0.00000   1.20067424413995e+01   2.90779600157618e+01
   0.00000   1.32063627582219e+01   0.00000000000000e+00
   0.00000   3.11175555448028e+01   1.42127116310959e+04
   0.00000   8.06465423748217e+01   0.00000000000000e+00
   0.00000   8.87041176236037e+01   9.38110921519441e+04
   0.00000   3.36477609952722e+02   7.33523371117029e+05
   0.00000   3.70095835630936e+02   1.47245660042058e+06
   0.00000   1.05500011042144e+03   2.15640691802957e+06
   0.00000   1.16040751570964e+03   9.67774163603369e+05
   0.00000   3.00739734369555e+03   5.76521487188896e+06
   0.00000   7.08619440500197e+03   0.00000000000000e+00
   0.00000   7.79419183383691e+03   4.47480477554416e+06
   0.00000   2.02000000000000e+04   3.51534526704344e+07
   4.00000   2.02000000000000e+04   2.02314342204274e+22
   8.00000   3.11175555448028e+01   2.44016945221673e+09
   9.00000   3.11175555448028e+01   2.62494840799120e+09
   9.00000   9.75667431197731e+01   1.26427336301386e+16
   9.00000   2.78125055336930e+02   3.63107814261879e+20
  10.00000   4.14075521106663e+01   2.98012600652864e+11
  10.00000   4.55446726514190e+01   6.19472518607226e+12
  10.00000   1.18036918666110e+02   1.01238840649909e+17
  10.00000   2.78125055336930e+02   6.95661027672066e+21
  10.00000   4.07072932937815e+02   6.73634247726637e+23
  10.00000   1.05500011042144e+03   3.13941466186163e+27
  10.00000   1.16040751570964e+03   1.21136475341566e+28
# orbitals: 1s2 2s2 2p6 3s2 3p6 3d10 4s2 4p6 4d10 4f14
CORE 60 27 Md
   0.00000   1.32063627582219e+01   1.19382980380151e+03
   0.00000   1.45258398065065e+01   0.00000000000000e+00
   0.00000   3.42265796638416e+01   1.13930761045290e+04
   0.00000   8.06465423748217e+01   8.31759163356443e+04
   0.00000   3.36477609952722e+02   1.53368472485208e+06
   0.00000   3.70095835630936e+02   5.13620081555675e+05
   0.00000   9.59167549262726e+02   2.68993041794072e+06
   0.00000   1.05500011042144e+03   0.00000000000000e+00
   0.00000   2.48584906660798e+03   4.81106889784102e+06
   0.00000   2.73421577051719e+03   0.00000000000000e+00
   0.00000   6.44250901388988e+03   7.33123570182586e+06
   0.00000   7.08619440500197e+03   0.00000000000000e+00
   0.00000   2.02000000000000e+04   3.08328489724301e+07
   4.00000   2.02000000000000e+04   1.00559384403677e+22
   7.00000   2.82909444237236e+01   3.69601050328692e+07
   8.00000   3.11175555448028e+01   3.45113081996390e+09
   9.00000   3.11175555448028e+01   4.77610519373987e+09
   9.00000   9.75667431197731e+01   1.04242125384421e+16
   9.00000   2.78125055336930e+02   2.74493782652901e+20
  10.00000   4.55446726514190e+01   8.49443040386501e+12
  10.00000   1.07314853222403e+02   5.39193124935975e+16
  10.00000   1.18036918666110e+02   0.00000000000000e+00
  10.00000   1.29830249493191e+02   3.57831539645920e+17
  10.00000   2.78125055336930e+02   8.35106202851528e+21
  10.00000   4.07072932937815e+02   7.01607018783251e+23
  10.00000   1.05500011042144e+03   1.53964714172442e+27
  10.00000   1.16040751570964e+03   2.35592425187209e+27
# orbitals: 1s2 2s2 2p6 3s2 3p6 3d10 4s2 4p6 4d10 4f14 5s2
CORE 62 27 Md
   0.00000   1.09160914850951e+01   9.04227619482077e+02
   0.00000   3.76462332910000e+01   1.49639761915831e+04
   0.00000   8.06465423748217e+01   7.94983170902837e+04
   0.00000   3.36477609952722e+02   1.10306550975991e+06
   0.00000   3.70095835630936e+02   1.07228225720126e+06
   0.00000   1.05500011042144e+03   2.41466767432935e+06
   0.00000   1.16040751570964e+03   7.87268178652753e+05
   0.00000   3.00739734369555e+03   5.72065853444718e+06
   0.00000   7.08619440500197e+03   0.00000000000000e+00
   0.00000   7.79419183383691e+03   4.43147714042062e+06
   0.00000   2.02000000000000e+04   3.54539041921151e+07
   4.00000   2.02000000000000e+04   2.12220455432479e+22
   5.00000   1.93292647256017e+01   5.10452489002744e+05
   8.00000   3.11175555448028e+01   0.00000000000000e+00
   9.00000   9.75667431197731e+01   9.26083265201727e+15
   9.00000   2.78125055336930e+02   3.27896563089748e+20
  10.00000   2.33846777635151e+01   6.02718423486828e+07
  10.00000   3.42265796638416e+01   5.74859988971176e+10
  10.00000   4.55446726514190e+01   8.92290573962729e+12
  10.00000   1.07314853222403e+02   9.65645820121135e+16
  10.00000   1.29830249493191e+02   4.60382805460449e+17
  10.00000   2.78125055336930e+02   6.51071869825116e+21
  10.00000   4.07072932937815e+02   6.26740085741950e+23
  10.00000   4.47744494201337e+02   0.00000000000000e+00
  10.00000   1.05500011042144e+03   5.93465877806491e+27
  10.00000   1.16040751570964e+03   0.00000000000000e+00
  10.00000   3.63837004601749e+03   2.06664489133915e+33
# orbitals: 1s2 2s2 2p6 3s2 3p6 3d10 4s2 4p6 4d10 4f14 5s2 5p6
CORE 68 29 Md
   0.00000   8.20338478864331e+00   1.34834899527174e+02
   0.00000   9.02300319115332e+00   4.24017375704963e+02
   0.00000   3.76462332910000e+01   1.58783309455507e+04
   0.00000   8.06465423748217e+01   7.96606135328615e+04
   0.00000   3.36477609952722e+02   1.12994448440620e+06
   0.00000   3.70095835630936e+02   1.03306876463072e+06
   0.00000   1.05500011042144e+03   3.03499883681698e+06
   0.00000   2.73421577051719e+03   4.80836550154091e+06
   0.00000   3.00739734369555e+03   0.00000000000000e+00
   0.00000   6.44250901388988e+03   6.10746197688459e+06
   0.00000   7.08619440500197e+03   0.00000000000000e+00
   0.00000   2.02000000000000e+04   3.32139423498968e+07
   4.00000   2.02000000000000e+04   1.35562527099704e+22
   6.00000   1.59771487386204e+01   3.03776521334595e+05
   8.00000   1.75734611710131e+01   0.00000000000000e+00
   9.00000   1.93292647256017e+01   1.73429884588410e+07
   9.00000   9.75667431197731e+01   1.05918067045898e+16
   9.00000   2.78125055336930e+02   3.31886758126003e+20
  10.00000   2.33846777635151e+01   0.00000000000000e+00
  10.00000   4.55446726514190e+01   9.66012932706269e+12
  10.00000   5.00951420982595e+01   2.29212993745857e+12
  10.00000   1.07314853222403e+02   8.11765147043128e+16
  10.00000   1.29830249493191e+02   5.70050186055636e+17
  10.00000   2.78125055336930e+02   6.35591368635639e+21
  10.00000   4.07072932937815e+02   6.33034915605137e+23
  10.00000   4.47744494201337e+02   0.00000000000000e+00
  10.00000   1.05500011042144e+03   5.02099723412853e+27
  10.00000   1.16040751570964e+03   1.54522578485479e+27
  10.00000   3.63837004601749e+03   2.05055165289619e+33
# orbitals: 1s2 2s2 2p6 3s2 3p6 3d10 4s2 4p6 4d10 4f14 5s2 5p6 5d10
CORE 78 28 Md
   0.00000   6.16480011022538e+00   1.87783768675176e+01
   0.00000   6.78073898769112e+00   1.59314851807516e+02
   0.00000   1.93292647256017e+01   4.76354930021677e+02
   0.00000   2.82909444237236e+01   1.03191558290966e+04
   0.00000   3.11175555448028e+01   0.00000000000000e+00
   0.00000   7.33208893933382e+01   0.00000000000000e+00
   0.00000   8.06465423748217e+01   9.20670918271193e+04
   0.00000   3.70095835630936e+02   2.39861546565911e+06
   0.00000   1.16040751570964e+03   0.00000000000000e+00
   0.00000   1.27634640907999e+03   3.85412096391254e+06
   0.00000   3.63837004601749e+03   5.32638158777356e+06
   0.00000   4.00188768193108e+03   1.00164283223990e+06
   0.00000   9.42946703088435e+03   8.81741456816190e+06
   0.00000   2.02000000000000e+04   2.19727759269874e+07
   9.00000   2.78125055336930e+02   5.11996445239804e+20
  10.00000   1.45258398065065e+01   4.63884112142963e+05
  10.00000   1.93292647256017e+01   5.63311945782959e+07
  10.00000   2.12604945148008e+01   1.45623179159875e+08
  10.00000   4.55446726514190e+01   1.14267575901508e+13
  10.00000   5.00951420982595e+01   4.36191472165366e+12
  10.00000   1.07314853222403e+02   2.76520929627187e+17
  10.00000   1.18036918666110e+02   2.09057954613729e+17
  10.00000   2.78125055336930e+02   1.82915545525753e+21
  10.00000   4.07072932937815e+02   4.56437796417179e+23
  10.00000   1.05500011042144e+03   8.06398717084023e+27
  10.00000   1.16040751570964e+03   2.62440651814549e+28
  10.00000   4.00188768193108e+03   0.00000000000000e+00
  10.00000   4.40172517260074e+03   3.65922353845791e+34
# orbitals: 1s2 2s2 2p6 3s2 3p6 3d10 4s2 4p6 4d10 4f14 5s2 5p6 5d10 6s2
CORE 80 29 Md
   0.00000   4.63281454889796e+00   3.81849786537345e+01
   0.00000   5.09568934479314e+00   5.83399301286030e+01
   0.00000   1.75734611710131e+01   0.00000000000000e+00
   0.00000   1.93292647256017e+01   8.99159402898953e+02
   0.00000   2.82909444237236e+01   9.82020218947500e+03
   0.00000   3.11175555448028e+01   0.00000000000000e+00
   0.00000   8.06465423748217e+01   9.23367578689034e+04
   0.00000   3.70095835630936e+02   2.39913945448708e+06
   0.00000   1.16040751570964e+03   0.00000000000000e+00
   0.00000   1.27634640907999e+03   3.85666086700291e+06
   0.00000   3.63837004601749e+03   5.37321139772989e+06
   0.00000   4.00188768193108e+03   9.47697707217172e+05
   0.00000   9.42946703088435e+03   8.84909728466423e+06
   0.00000   2.02000000000000e+04   2.19489110890990e+07
   9.00000   2.78125055336930e+02   5.10570741510692e+20
  10.00000   6.78073898769112e+00   1.65705693497758e-02
  10.00000   7.45821768704735e+00   1.35734474640522e+00
  10.00000   1.93292647256017e+01   2.91504971501291e+07
  10.00000   2.12604945148008e+01   1.49361357059967e+08
  10.00000   4.55446726514190e+01   1.11859999308490e+13
  10.00000   5.00951420982595e+01   5.83658389335151e+12
  10.00000   1.07314853222403e+02   2.74674902531284e+17
  10.00000   1.18036918666110e+02   2.15532122972950e+17
  10.00000   2.78125055336930e+02   1.92471954889970e+21
  10.00000   4.07072932937815e+02   4.62258003511604e+23
  10.00000   1.05500011042144e+03   8.02628297446282e+27
  10.00000   1.16040751570964e+03   2.60492744269985e+28
  10.00000   4.00188768193108e+03   0.00000000000000e+00
  10.00000   4.40172517260074e+03   3.74348040805311e+34
# orbitals: 1s2 2s2 2p6 3s2 3p6 3d10 4s2 4p6 4d10 4f14 5s2 5p6 5d10 6s2 6p6
CORE 86 28 Md
   0.00000   2.87776135600804e+00   1.01157479003505e+01
   0.00000   3.16528488759731e+00   5.67103391472845e+00
   0.00000   7.45821768704735e+00   1.26051025723419e+02
   0.00000   1.59771487386204e+01   7.57445597633193e+02
   0.00000   3.11175555448028e+01   1.16924880337301e+04
   0.00000   7.33208893933382e+01   0.00000000000000e+00
   0.00000   8.06465423748217e+01   8.99045726699276e+04
   0.00000   3.70095835630936e+02   2.39993982732086e+06
   0.00000   1.16040751570964e+03   0.00000000000000e+00
   0.00000   1.27634640907999e+03   3.86228636635844e+06
   0.00000   3.63837004601749e+03   4.28477960216048e+06
   0.00000   4.00188768193108e+03   2.42097636343609e+06
   0.00000   1.03715860346246e+04   9.84350759766209e+06
   0.00000   2.02000000000000e+04   2.00329348012897e+07
   7.00000   2.52861137246247e+02   0.00000000000000e+00
   8.00000   6.16480011022538e+00   4.26724231495870e+00
   9.00000   2.78125055336930e+02   5.73140522172237e+20
  10.00000   8.20338478864331e+00   6.93214482947898e+01
  10.00000   9.02300319115332e+00   3.62198633210600e+02
  10.00000   2.12604945148008e+01   3.10503564049722e+08
  10.00000   4.55446726514190e+01   1.09560792769396e+13
  10.00000   5.00951420982595e+01   6.01300578156396e+12
  10.00000   1.07314853222403e+02   2.87347271019755e+17
  10.00000   1.18036918666110e+02   2.14981284628372e+17
  10.00000   4.07072932937815e+02   3.98816216958190e+23
  10.00000   1.05500011042144e+03   6.55499913321462e+27
  10.00000   1.16040751570964e+03   3.03078135637006e+28
  10.00000   4.40172517260074e+03   3.78889107491447e+34
# orbitals: 1s2 2s2 2p6 3s2 3p6 3d10 4s2 4p6 4d10 4f14 5s2 5p6 5d10 5f12
CORE 90 35 Md
   0.00000   1.78757650122284e+00   0.00000000000000e+00
   0.00000   1.96617724153250e+00   3.99316293624770e-01
   0.00000   3.82938348545398e+00   1.24274388095710e+01
   0.00000   4.21198569854181e+00   4.73418062415101e+01
   0.00000   1.93292647256017e+01   1.37860568838543e+03
   0.00000   2.82909444237236e+01   1.00540011507289e+04
   0.00000   8.06465423748217e+01   0.00000000000000e+00
   0.00000   8.87041176236037e+01   1.00060020880941e+05
   0.00000   3.36477609952722e+02   5.65370333887365e+05
   0.00000   3.70095835630936e+02   1.68245588491559e+06
   0.00000   1.16040751570964e+03   3.49679473257931e+06
   0.00000   3.00739734369555e+03   2.08806254692376e+06
   0.00000   3.30787309487145e+03   3.17577344111581e+06
   0.00000   7.08619440500197e+03   5.38002231781797e+06
   0.00000   7.79419183383691e+03   0.00000000000000e+00
   0.00000   2.02000000000000e+04   3.26341616213336e+07
   4.00000   2.02000000000000e+04   1.31168228209978e+22
   9.00000   1.32063627582219e+01   1.39697296634586e+05
   9.00000   2.78125055336930e+02   4.17378951148330e+20
  10.00000   3.82938348545398e+00   1.24607191815145e-04
  10.00000   6.16480011022538e+00   0.00000000000000e+00
  10.00000   6.78073898769112e+00   4.05757979409418e+00
  10.00000   1.45258398065065e+01   0.00000000000000e+00
  10.00000   1.93292647256017e+01   7.68666754967153e+07
  10.00000   2.12604945148008e+01   7.79150885550106e+07
  10.00000   4.55446726514190e+01   1.18244316975434e+13
  10.00000   5.00951420982595e+01   5.55006006588573e+12
  10.00000   1.07314853222403e+02   2.66805027322499e+17
  10.00000   1.18036918666110e+02   1.79228858247608e+17
  10.00000   2.78125055336930e+02   6.33932341160119e+21
  10.00000   4.07072932937815e+02   6.45281203175136e+23
  10.00000   4.47744494201337e+02   1.77981960442388e+23
  10.00000   1.05500011042144e+03   5.06801538416932e+27
  10.00000   1.16040751570964e+03   6.78667278377718e+27
  10.00000   3.63837004601749e+03   5.06905271595952e+33
# orbitals: 1s2 2s2 2p6 3s2 3p6 3d10 4s2 4p6 4d10 4f14 5s2 5p6 5d10 5f13
CORE 91 34 Md
   0.00000   1.78757650122284e+00   9.09374873253358e-02
   0.00000   1.96617724153250e+00   3.14700125412367e-01
   0.00000   3.82938348545398e+00   2.31713444794648e+01
   0.00000   4.21198569854181e+00   3.29294262742133e+01
   0.00000   1.75734611710131e+01   9.93528710841127e+02
   0.00000   1.93292647256017e+01   0.00000000000000e+00
   0.00000   2.82909444237236e+01   1.05248127829423e+04
   0.00000   8.06465423748217e+01   0.00000000000000e+00
   0.00000   8.87041176236037e+01   1.01014304916611e+05
   0.00000   3.36477609952722e+02   4.44691974089302e+05
   0.00000   3.70095835630936e+02   1.82249213642293e+06
   0.00000   1.16040751570964e+03   3.44291652181750e+06
   0.00000   3.00739734369555e+03   2.32825837530644e+06
   0.00000   3.30787309487145e+03   2.99527280163238e+06
   0.00000   7.08619440500197e+03   5.22595554084879e+06
   0.00000   7.79419183383691e+03   0.00000000000000e+00
   0.00000   2.02000000000000e+04   3.30150198963868e+07
   4.00000   2.02000000000000e+04   1.35304604352143e+22
   9.00000   1.32063627582219e+01   1.38278042293178e+05
   9.00000   2.78125055336930e+02   3.95942244875087e+20
  10.00000   6.16480011022538e+00   0.00000000000000e+00
  10.00000   6.78073898769112e+00   3.78536957198408e+00
  10.00000   1.32063627582219e+01   2.13095295391557e+04
  10.00000   1.93292647256017e+01   8.05653288923562e+07
  10.00000   2.12604945148008e+01   7.63609285922438e+07
  10.00000   4.55446726514190e+01   1.17754741715238e+13
  10.00000   5.00951420982595e+01   5.54884123622903e+12
  10.00000   1.07314853222403e+02   2.67551494404539e+17
  10.00000   1.18036918666110e+02   1.80960581975782e+17
  10.00000   2.78125055336930e+02   6.58935670393457e+21
  10.00000   4.07072932937815e+02   6.93962263371967e+23
  10.00000   1.05500011042144e+03   3.74104417308602e+27
  10.00000   1.16040751570964e+03   1.39074572529034e+28
  10.00000   3.63837004601749e+03   3.70071797353709e+33
# orbitals: 1s2 2s2 2p6 3s2 3p6 3d10 4s2 4p6 4d10 4f14 5s2 5p6 5d10 5f12 6s2
CORE 92 31 Md
   0.00000   1.62519923444616e+00   0.00000000000000e+00
   0.00000   1.78757650122284e+00   1.81121152779762e-01
   0.00000   3.82938348545398e+00   5.90495931884821e+01
   0.00000   2.33846777635151e+01   1.48259166743586e+03
   0.00000   2.57210928806357e+01   8.03110678568984e+03
   0.00000   8.06465423748217e+01   9.24694836076729e+04
   0.00000   3.36477609952722e+02   4.94204965536552e+05
   0.00000   3.70095835630936e+02   1.80054330313921e+06
   0.00000   1.16040751570964e+03   2.78269299996116e+06
   0.00000   1.27634640907999e+03   7.68268314494314e+05
   0.00000   3.30787309487145e+03   5.68139514234639e+06
   0.00000   3.63837004601749e+03   0.00000000000000e+00
   0.00000   7.79419183383691e+03   5.74054550702795e+06
   0.00000   8.57292685898772e+03   2.35796274299623e+06
   0.00000   2.02000000000000e+04   2.51628019072439e+07
   9.00000   1.32063627582219e+01   6.49947218484152e+04
   9.00000   2.78125055336930e+02   4.45261679328776e+20
  10.00000   3.82938348545398e+00   0.00000000000000e+00
  10.00000   5.60481099007407e+00   1.61698866964753e-01
  10.00000   1.32063627582219e+01   5.06828720150153e+04
  10.00000   1.93292647256017e+01   5.73824769354610e+07
  10.00000   2.12604945148008e+01   1.02921450077552e+08
  10.00000   4.55446726514190e+01   1.14490371689668e+13
  10.00000   5.00951420982595e+01   7.11097212431074e+12
  10.00000   1.07314853222403e+02   2.62149227869872e+17
  10.00000   1.18036918666110e+02   2.22673290095570e+17
  10.00000   2.78125055336930e+02   3.96190302329589e+21
  10.00000   4.07072932937815e+02   5.61755676978870e+23
  10.00000   1.05500011042144e+03   6.44293074721448e+27
  10.00000   1.16040751570964e+03   1.23758486082114e+28
  10.00000   4.00188768193108e+03   1.09048617352954e+34
# orbitals: 1s2 2s2 2p6 3s2 3p6 3d10 4s2 4p6 4d10 4f14 5s2 5p6 5d10 5f13 6s2
CORE 93 30 Md
   0.00000   1.62519923444616e+00   0.00000000000000e+00
   0.00000   1.78757650122284e+00   2.03113191647012e-01
   0.00000   3.48153553411741e+00   7.61704402052204e+00
   0.00000   3.82938348545398e+00   4.88134127858306e+01
   0.00000   2.33846777635151e+01   2.04518212912767e+03
   0.00000   2.57210928806357e+01   7.36704808737041e+03
   0.00000   8.06465423748217e+01   9.28955520309813e+04
   0.00000   3.36477609952722e+02   3.97647016308596e+05
   0.00000   3.70095835630936e+02   1.92223755373745e+06
   0.00000   1.16040751570964e+03   1.23565862560863e+06
   0.00000   1.27634640907999e+03   2.61199109414001e+06
   0.00000   3.63837004601749e+03   6.22172719810436e+06
   0.00000   4.00188768193108e+03   0.00000000000000e+00
   0.00000   8.57292685898772e+03   7.36085240946724e+06
   0.00000   2.02000000000000e+04   2.52073088137407e+07
   9.00000   1.32063627582219e+01   8.97680732899761e+04
   9.00000   2.78125055336930e+02   4.40195376910476e+20
  10.00000   5.60481099007407e+00   1.29351566671954e-01
  10.00000   1.32063627582219e+01   5.49726528724323e+04
  10.00000   1.93292647256017e+01   5.76761923708262e+07
  10.00000   2.12604945148008e+01   1.10340105729965e+08
  10.00000   4.55446726514190e+01   1.15459393296909e+13
  10.00000   5.00951420982595e+01   6.92687720674674e+12
  10.00000   1.07314853222403e+02   2.59730799505792e+17
  10.00000   1.18036918666110e+02   2.27759404231070e+17
  10.00000   2.78125055336930e+02   4.10272378062943e+21
  10.00000   4.07072932937815e+02   5.61138733779819e+23
  10.00000   1.05500011042144e+03   7.83171804280809e+27
  10.00000   1.16040751570964e+03   1.07357127345795e+28
  10.00000   4.00188768193108e+03   1.83036575891112e+34
# orbitals: 1s2 2s2 2p6 3s2 3p6 3d10 4s2 4p6 4d10 4f14 5s2 5p6 5d10 5f13 6s2 6p6
CORE 99 26 Md
   0.00000   2.87776135600804e+00   1.29288874752308e+01
   0.00000   3.16528488759731e+00   2.59767398803299e+01
   0.00000   1.75734611710131e+01   0.00000000000000e+00
   0.00000   1.93292647256017e+01   2.63755890267463e+03
   0.00000   3.11175555448028e+01   6.77781446913937e+03
   0.00000   7.33208893933382e+01   8.63939236616543e+04
   0.00000   3.70095835630936e+02   2.40637435610397e+06
   0.00000   1.16040751570964e+03   1.24751157781259e+06
   0.00000   1.27634640907999e+03   2.37305706966834e+06
   0.00000   3.63837004601749e+03   6.94856547000757e+06
   0.00000   4.00188768193108e+03   0.00000000000000e+00
   0.00000   1.14078342414577e+04   1.24417913963394e+07
   0.00000   2.02000000000000e+04   1.64353954275673e+07
   8.00000   2.78125055336930e+02   1.46546399809467e+19
   9.00000   2.78125055336930e+02   2.08380264217185e+20
  10.00000   3.48153553411741e+00   8.91128569426601e-06
  10.00000   3.82938348545398e+00   5.04322505159856e-04
  10.00000   9.02300319115332e+00   1.19173959236379e+02
  10.00000   1.93292647256017e+01   3.07882223328323e+07
  10.00000   2.12604945148008e+01   2.16738685219336e+08
  10.00000   4.55446726514190e+01   1.12958220419063e+13
  10.00000   5.00951420982595e+01   7.24478848205727e+12
  10.00000   1.07314853222403e+02   2.81204486300333e+17
  10.00000   1.18036918666110e+02   2.47202339184728e+17
  10.00000   3.05913147621574e+02   0.00000000000000e+00
  10.00000   1.16040751570964e+03   5.72733624561978e+28
