# Free-atom, free-ion and frozen-core density fits -- Ra (Z = 88)
#
#   rho(r) = sum_i c_i r^n_i exp(-alpha_i r)      r in bohr, rho in e/bohr^3
#
# All-electron B86BPBE densities (scalar-relativistic, spin-restricted),
# fitted with rhofit.py (monotone decay imposed).  Two kinds of block:
#
#   STATE <N> <q> <nterm> <symbol>
#     the atom or ion with N electrons (charge q), in order of increasing N;
#   CORE <N_core> <nterm> <symbol>
#     the frozen core of the neutral atom with N_core electrons, for a
#     pseudopotential with Z - N_core valence electrons, in order of
#     increasing N_core, each preceded by a '# orbitals:' comment.
#
# Each block header is followed by nterm lines:   n   alpha   c
#
# Generated 2026-09-23 by combine_fits.py from
#   /home/alberto/doc/manuals/critic2/atomic_density_fits/15_rhofit/rho_b86bpbe_mono/fit_088_Ra.dat
#     recipe: --npow 0,1,2,3,4,5,6,7,8,9,10 --amin 0.2 --ratio 1.1 --mom 3 --cusp none --targetz 1e-3 --besteffort --monotone --stats
#   /home/alberto/doc/manuals/critic2/atomic_density_fits/15_rhofit/core_b86bpbe_mono/core_088_Ra.dat
#     recipe: --npow 0,1,2,3,4,5,6,7,8,9,10 --amin 0.2 --ratio 1.1 --mom 3 --cusp none --besteffort --monotone --stats --target 1e-3*N_core
#
STATE 86 +2 31 Ra
   0.00000   2.35686428123614e+00   4.37456732229032e+00
   0.00000   2.59142471788075e+00   4.19174429863702e+00
   0.00000   6.69235267719057e+00   1.59897096028503e+02
   0.00000   9.78126237418005e+00   7.84204839352688e+01
   0.00000   2.52601038280131e+01   0.00000000000000e+00
   0.00000   2.77740462008337e+01   8.65363849746991e+03
   0.00000   7.17264565572912e+01   4.67281095687432e+04
   0.00000   2.70729566603361e+02   1.02591561290780e+06
   0.00000   2.97673182262801e+02   1.56322302914150e+04
   0.00000   8.45247617397575e+02   1.00034030989414e+06
   0.00000   9.29368562242820e+02   0.00000000000000e+00
   0.00000   2.40009371783290e+03   1.42804114668257e+06
   0.00000   6.19824049188776e+03   1.76246348221994e+06
   0.00000   6.81510333281595e+03   1.39670242784024e+05
   0.00000   1.76000000000000e+04   4.69027303455924e+06
   8.00000   5.03462064991268e+00   2.52516501142336e+00
   9.00000   8.67136407422352e+01   1.50321329068269e+15
   9.00000   2.23937921779499e+02   5.34523994330495e+19
  10.00000   6.69235267719057e+00   0.00000000000000e+00
  10.00000   7.35839067464294e+00   4.39995383473041e+01
  10.00000   1.57186418987400e+01   4.50530190434171e+06
  10.00000   1.72829965103238e+01   1.47271939365756e+06
  10.00000   3.69191097747927e+01   6.01595930292862e+11
  10.00000   4.05933826543340e+01   4.09892608544303e+11
  10.00000   8.67136407422352e+01   1.23920173087167e+16
  10.00000   9.53435773904646e+01   0.00000000000000e+00
  10.00000   2.46224727656304e+02   0.00000000000000e+00
  10.00000   3.27298287180736e+02   1.73254854847895e+22
  10.00000   3.59871749202012e+02   7.06457353159733e+22
  10.00000   8.45247617397575e+02   1.97021204696474e+26
  10.00000   9.29368562242820e+02   7.38545102347044e+25
STATE 87 +1 33 Ra
   0.00000   1.00345609270288e+00   2.30997529883680e-02
   0.00000   2.14353486784267e+00   6.12934808705995e+00
   0.00000   6.69235267719057e+00   1.55872666980017e+02
   0.00000   7.35839067464294e+00   4.59451281821793e+01
   0.00000   8.89592036227726e+00   0.00000000000000e+00
   0.00000   2.77740462008337e+01   8.51414026484962e+03
   0.00000   7.17264565572912e+01   4.86443705250072e+04
   0.00000   2.70729566603361e+02   8.93768416832989e+05
   0.00000   2.97673182262801e+02   1.68596297036671e+05
   0.00000   8.45247617397575e+02   6.82019169356070e+05
   0.00000   9.29368562242820e+02   3.22097210481054e+05
   0.00000   2.18285143154983e+03   0.00000000000000e+00
   0.00000   2.40009371783290e+03   1.37366420595529e+06
   0.00000   6.19824049188776e+03   1.95403725888360e+06
   0.00000   1.76000000000000e+04   4.59591280988320e+06
   9.00000   2.14353486784267e+00   1.76320425381629e-07
   9.00000   8.67136407422352e+01   0.00000000000000e+00
   9.00000   2.23937921779499e+02   3.86757604489584e+19
  10.00000   2.14353486784267e+00   0.00000000000000e+00
  10.00000   2.84932913698414e+00   7.61462640838704e-05
  10.00000   6.69235267719057e+00   8.08565984751431e+00
  10.00000   7.35839067464294e+00   1.70615880471854e+01
  10.00000   1.57186418987400e+01   4.61569552404040e+06
  10.00000   1.72829965103238e+01   1.17288287743419e+06
  10.00000   3.69191097747927e+01   5.90115257409377e+11
  10.00000   4.05933826543340e+01   4.60359457804002e+11
  10.00000   8.67136407422352e+01   1.93009127118288e+16
  10.00000   1.04832384752863e+02   5.56586787905944e+16
  10.00000   2.23937921779499e+02   2.41346205109665e+20
  10.00000   3.27298287180736e+02   3.57039490064216e+22
  10.00000   3.59871749202012e+02   2.67970744027942e+22
  10.00000   8.45247617397575e+02   0.00000000000000e+00
  10.00000   9.29368562242820e+02   8.32289227792983e+26
STATE 88 +0 34 Ra
   0.00000   8.30023387604647e-01   0.00000000000000e+00
   0.00000   9.12629182843595e-01   2.67285515786679e-02
   0.00000   2.14353486784267e+00   6.09395388923492e+00
   0.00000   6.08660049951385e+00   0.00000000000000e+00
   0.00000   6.69235267719057e+00   1.88380260531487e+02
   0.00000   2.52601038280131e+01   2.30912179554362e+03
   0.00000   2.77740462008337e+01   6.02755237180816e+03
   0.00000   7.17264565572912e+01   4.72522029653345e+04
   0.00000   2.70729566603361e+02   1.02871797380533e+06
   0.00000   2.97673182262801e+02   1.20514389705647e+04
   0.00000   8.45247617397575e+02   1.00215759375561e+06
   0.00000   9.29368562242820e+02   0.00000000000000e+00
   0.00000   2.40009371783290e+03   1.42188793391369e+06
   0.00000   6.19824049188776e+03   1.89505043929576e+06
   0.00000   6.81510333281595e+03   0.00000000000000e+00
   0.00000   1.76000000000000e+04   4.70048959198057e+06
   7.00000   1.77305622577176e+00   3.46935627988460e-05
   9.00000   8.67136407422352e+01   1.47692460881301e+15
   9.00000   2.23937921779499e+02   5.41943712051879e+19
  10.00000   2.59142471788075e+00   6.18282640841563e-07
  10.00000   2.84932913698414e+00   1.19295177390364e-04
  10.00000   6.69235267719057e+00   5.13352939011826e+00
  10.00000   7.35839067464294e+00   2.43457558608952e+01
  10.00000   1.57186418987400e+01   4.56025569274335e+06
  10.00000   1.72829965103238e+01   1.14024799935846e+06
  10.00000   3.69191097747927e+01   5.98076955761558e+11
  10.00000   4.05933826543340e+01   4.42530287593773e+11
  10.00000   8.67136407422352e+01   1.23539158792314e+16
  10.00000   9.53435773904646e+01   0.00000000000000e+00
  10.00000   2.46224727656304e+02   0.00000000000000e+00
  10.00000   3.27298287180736e+02   1.62302869505739e+22
  10.00000   3.59871749202012e+02   7.50675191435359e+22
  10.00000   8.45247617397575e+02   2.19123048063998e+26
  10.00000   9.29368562242820e+02   0.00000000000000e+00
STATE 89 -1 45 Ra
   0.00000   1.94951477106158e+00   3.23162906213298e+00
   0.00000   4.16446012688884e+00   2.42358354104369e+01
   0.00000   4.57891656951429e+00   1.19840300305847e+01
   0.00000   3.05381817754279e+01   0.00000000000000e+00
   0.00000   3.35774103422166e+01   1.00180198629488e+04
   0.00000   5.93295878967653e+01   3.75080369944522e+04
   0.00000   6.52342019866827e+01   0.00000000000000e+00
   0.00000   2.70729566603361e+02   7.88952736792199e+05
   0.00000   2.97673182262801e+02   3.21733061676655e+05
   0.00000   8.45247617397575e+02   1.04554580829330e+05
   0.00000   9.29368562242820e+02   9.10667122485753e+05
   0.00000   2.40009371783290e+03   1.24265792463499e+06
   0.00000   2.63895644528176e+03   0.00000000000000e+00
   0.00000   4.66290273074537e+03   5.63228685533451e+05
   0.00000   5.12696530289370e+03   0.00000000000000e+00
   0.00000   1.76000000000000e+04   7.49430967420705e+06
   3.00000   1.76000000000000e+04   1.24265031573226e+18
   7.00000   1.85233528203411e+02   1.68899696533225e+16
   7.00000   1.76000000000000e+04   8.63142150842606e+30
   8.00000   1.76000000000000e+04   2.71134466470896e+34
   9.00000   2.35686428123614e+00   2.34434005272694e-06
   9.00000   7.88648349115274e+01   6.81910942612237e+14
   9.00000   7.68740802886781e+02   3.19939548073331e+24
  10.00000   1.21312741908201e+00   5.06689073845837e-10
  10.00000   1.33386058958778e+00   4.35894792744692e-09
  10.00000   2.35686428123614e+00   1.63055892190207e-05
  10.00000   3.44469411985347e+00   7.12304436078794e-04
  10.00000   3.78751782985351e+00   2.41822507009650e-04
  10.00000   6.69235267719057e+00   1.39384749502334e+01
  10.00000   7.35839067464294e+00   2.85299089005987e+01
  10.00000   1.42958834131129e+01   3.61532274111035e+05
  10.00000   1.57186418987400e+01   6.36197721030096e+05
  10.00000   1.72829965103238e+01   1.21246814742796e+07
  10.00000   3.35774103422166e+01   1.31857414444792e+11
  10.00000   4.05933826543340e+01   1.40111053516934e+12
  10.00000   4.46333274386337e+01   1.16600466248298e+12
  10.00000   7.88648349115274e+01   2.70947472566648e+15
  10.00000   1.04832384752863e+02   1.15160612765018e+17
  10.00000   2.97673182262801e+02   9.86409597034605e+20
  10.00000   3.27298287180736e+02   1.77704327605394e+22
  10.00000   8.45247617397575e+02   0.00000000000000e+00
  10.00000   1.12355935998430e+03   4.00435959307902e+27
  10.00000   1.23537851570413e+03   1.15791507126533e+28
  10.00000   2.63895644528176e+03   5.52963390465299e+30
  10.00000   8.23911357660591e+03   0.00000000000000e+00
# orbitals: 1s2
CORE 2 9 Ra
   0.00000   1.39350179396190e+02   0.00000000000000e+00
   0.00000   1.53218622813106e+02   2.87257730881659e+04
   0.00000   1.85233528203411e+02   1.18859267600874e+05
   0.00000   2.03668385739555e+02   3.49972479454341e+05
   0.00000   3.59871749202012e+02   4.63052325711656e+05
   0.00000   3.95686995459896e+02   0.00000000000000e+00
   0.00000   7.68740802886781e+02   6.25855774906353e+05
   0.00000   1.98527263198765e+03   0.00000000000000e+00
   0.00000   2.18285143154983e+03   1.57891535178124e+06
# orbitals: 1s2 2s2
CORE 4 18 Ra
   0.00000   5.93295878967653e+01   2.44661215590338e+03
   0.00000   6.52342019866827e+01   6.33786491901744e+03
   0.00000   2.23937921779499e+02   1.32745353034613e+05
   0.00000   2.46224727656304e+02   8.11951389000555e+05
   0.00000   7.68740802886781e+02   9.92284666847378e+05
   0.00000   2.18285143154983e+03   1.18526050973281e+06
   0.00000   2.40009371783290e+03   9.71178481835134e+04
   0.00000   6.19824049188776e+03   2.22484800415334e+06
   0.00000   6.81510333281595e+03   0.00000000000000e+00
   0.00000   1.76000000000000e+04   3.70714701608764e+06
   4.00000   1.04832384752863e+02   1.47288576212856e+10
   5.00000   1.15265539575520e+02   0.00000000000000e+00
   6.00000   1.39350179396190e+02   9.07980254675641e+12
  10.00000   2.46224727656304e+02   3.45987610258324e+20
  10.00000   2.70729566603361e+02   1.05273530672155e+20
  10.00000   6.99158932671730e+02   3.97901820416920e+25
  10.00000   7.68740802886781e+02   4.25389970094616e+25
  10.00000   2.63895644528176e+03   6.01560348129441e+31
# orbitals: 1s2 2s2 2p6
CORE 10 18 Ra
   0.00000   5.93295878967653e+01   1.39392369812129e+04
   0.00000   6.52342019866827e+01   2.89027168216771e+04
   0.00000   2.70729566603361e+02   1.05665712075443e+06
   0.00000   9.29368562242820e+02   4.58610788136906e+03
   0.00000   1.02186141280658e+03   1.24430687154941e+06
   0.00000   3.19036422701001e+03   7.95042074607227e+05
   0.00000   3.50787645378546e+03   9.41321192763422e+05
   0.00000   1.20419433210867e+04   4.41620149462235e+06
   0.00000   1.32403846169776e+04   0.00000000000000e+00
   3.00000   9.53435773904646e+01   1.22866665398740e+09
   4.00000   1.04832384752863e+02   1.94014251035865e+10
   4.00000   1.15265539575520e+02   1.18046622191977e+09
   8.00000   2.03668385739555e+02   1.88341989016406e+17
   9.00000   2.23937921779499e+02   0.00000000000000e+00
   9.00000   8.45247617397575e+02   0.00000000000000e+00
  10.00000   2.70729566603361e+02   1.24429905501199e+21
  10.00000   8.45247617397575e+02   8.59769475039527e+26
  10.00000   3.50787645378546e+03   2.79605554216709e+33
# orbitals: 1s2 2s2 2p6 3s2
CORE 12 19 Ra
   0.00000   2.77740462008337e+01   1.60285263387507e+02
   0.00000   5.39594245472427e+01   4.07105259671916e+04
   0.00000   2.70729566603361e+02   8.86111011499906e+05
   0.00000   2.97673182262801e+02   2.30880990063934e+05
   0.00000   1.02186141280658e+03   1.26247880038427e+06
   0.00000   1.12355935998430e+03   0.00000000000000e+00
   0.00000   3.50787645378546e+03   1.29062530137204e+05
   0.00000   3.85698821183022e+03   2.21012489891848e+06
   0.00000   1.32403846169776e+04   3.32133706420504e+06
   8.00000   1.85233528203411e+02   2.12443974552054e+17
   9.00000   5.93295878967653e+01   1.41596880761738e+12
  10.00000   5.93295878967653e+01   0.00000000000000e+00
  10.00000   7.88648349115274e+01   5.72425811274820e+14
  10.00000   8.67136407422352e+01   1.45174065550067e+15
  10.00000   2.03668385739555e+02   9.11893025078064e+19
  10.00000   2.97673182262801e+02   1.36832087966559e+22
  10.00000   3.27298287180736e+02   0.00000000000000e+00
  10.00000   8.45247617397575e+02   3.88735888721820e+26
  10.00000   9.29368562242820e+02   1.24705806691287e+27
# orbitals: 1s2 2s2 2p6 3s2 3p6
CORE 18 21 Ra
   0.00000   2.52601038280131e+01   7.28416088511799e+02
   0.00000   5.93295878967653e+01   4.97002661779655e+04
   0.00000   6.52342019866827e+01   0.00000000000000e+00
   0.00000   2.70729566603361e+02   1.04378247855243e+06
   0.00000   2.97673182262801e+02   0.00000000000000e+00
   0.00000   8.45247617397575e+02   7.35640476841681e+05
   0.00000   9.29368562242820e+02   2.97061985031682e+05
   0.00000   2.63895644528176e+03   1.67334021610642e+06
   0.00000   2.90159132885119e+03   0.00000000000000e+00
   0.00000   9.05908869926323e+03   2.96095297971837e+06
   0.00000   9.96066959122147e+03   0.00000000000000e+00
   0.00000   1.76000000000000e+04   2.28338671350584e+06
   7.00000   5.39594245472427e+01   1.17353005496178e+11
   7.00000   1.85233528203411e+02   1.12902911971783e+16
   8.00000   5.93295878967653e+01   8.13964698976333e+11
   9.00000   2.03668385739555e+02   2.24433882591370e+18
  10.00000   8.67136407422352e+01   8.71491475355040e+15
  10.00000   2.23937921779499e+02   4.05084551824127e+20
  10.00000   3.27298287180736e+02   3.72134338558865e+22
  10.00000   8.45247617397575e+02   1.70099981110296e+26
  10.00000   9.29368562242820e+02   4.01544961130095e+26
# orbitals: 1s2 2s2 2p6 3s2 3p6 3d10
CORE 28 19 Ra
   0.00000   2.52601038280131e+01   1.84296155852269e+03
   0.00000   2.77740462008337e+01   5.63226674328409e+03
   0.00000   6.52342019866827e+01   4.46510077638816e+04
   0.00000   2.70729566603361e+02   5.80769548398178e+05
   0.00000   2.97673182262801e+02   5.59554945734411e+05
   0.00000   1.12355935998430e+03   1.36655442093422e+06
   0.00000   3.85698821183022e+03   2.02245689569763e+06
   0.00000   4.24084435760096e+03   0.00000000000000e+00
   0.00000   1.45580974873479e+04   4.85835927091025e+06
   7.00000   5.39594245472427e+01   9.21632847159893e+10
   8.00000   5.93295878967653e+01   2.86604086341110e+12
   8.00000   2.03668385739555e+02   8.64221490832645e+17
   9.00000   2.23937921779499e+02   0.00000000000000e+00
   9.00000   9.29368562242820e+02   0.00000000000000e+00
  10.00000   8.67136407422352e+01   8.28473893814139e+15
  10.00000   9.53435773904646e+01   1.83417346149939e+16
  10.00000   3.27298287180736e+02   2.02484723749691e+22
  10.00000   9.29368562242820e+02   2.60256896041646e+27
  10.00000   3.85698821183022e+03   1.03008851071309e+34
# orbitals: 1s2 2s2 2p6 3s2 3p6 3d10 4s2
CORE 30 24 Ra
   0.00000   1.90030392129365e+01   0.00000000000000e+00
   0.00000   2.08942644357241e+01   4.78781977278042e+03
   0.00000   6.52342019866827e+01   1.54793994543495e+04
   0.00000   7.17264565572912e+01   3.73098645013577e+04
   0.00000   2.70729566603361e+02   6.86035420283064e+05
   0.00000   2.97673182262801e+02   4.23464581286134e+05
   0.00000   1.02186141280658e+03   1.23439216240270e+06
   0.00000   3.19036422701001e+03   1.71962880655907e+06
   0.00000   3.50787645378546e+03   0.00000000000000e+00
   0.00000   9.05908869926323e+03   0.00000000000000e+00
   0.00000   9.96066959122147e+03   2.62241380775124e+06
   0.00000   1.76000000000000e+04   2.72621728399723e+06
   9.00000   7.17264565572912e+01   1.54009891382770e+14
   9.00000   2.23937921779499e+02   2.38186435344193e+19
  10.00000   1.72829965103238e+01   0.00000000000000e+00
  10.00000   1.90030392129365e+01   4.18431500293845e+04
  10.00000   3.35774103422166e+01   7.66826250742044e+09
  10.00000   3.69191097747927e+01   2.63277982299037e+10
  10.00000   8.67136407422352e+01   4.11578300205568e+15
  10.00000   9.53435773904646e+01   1.89603760673010e+16
  10.00000   2.23937921779499e+02   5.87920872984457e+20
  10.00000   3.27298287180736e+02   4.77191747995069e+22
  10.00000   9.29368562242820e+02   1.47473816508643e+27
  10.00000   3.50787645378546e+03   2.64455341406285e+33
# orbitals: 1s2 2s2 2p6 3s2 3p6 3d10 4s2 4p6
CORE 36 26 Ra
   0.00000   1.30019046096914e+01   0.00000000000000e+00
   0.00000   2.08942644357241e+01   0.00000000000000e+00
   0.00000   2.29737086482865e+01   5.58022791273166e+03
   0.00000   7.17264565572912e+01   5.60615429046944e+04
   0.00000   2.70729566603361e+02   6.15851615500977e+05
   0.00000   2.97673182262801e+02   4.93130170421571e+05
   0.00000   1.02186141280658e+03   1.24172973340406e+06
   0.00000   2.90159132885119e+03   0.00000000000000e+00
   0.00000   3.19036422701001e+03   1.57248403020528e+06
   0.00000   7.49335775172760e+03   1.72799775091593e+06
   0.00000   8.23911357660591e+03   0.00000000000000e+00
   0.00000   1.76000000000000e+04   4.03132388144878e+06
   9.00000   7.88648349115274e+01   2.05475725893646e+14
   9.00000   2.23937921779499e+02   2.87365433727975e+19
   9.00000   9.29368562242820e+02   2.99261737767858e+24
  10.00000   2.77740462008337e+01   1.34323617844294e+09
  10.00000   3.35774103422166e+01   4.69472664064053e+09
  10.00000   3.69191097747927e+01   2.40763166327924e+11
  10.00000   7.88648349115274e+01   2.82160929397041e+15
  10.00000   9.53435773904646e+01   3.17521430652594e+16
  10.00000   2.23937921779499e+02   4.94839300464991e+20
  10.00000   3.27298287180736e+02   4.96339483403908e+22
  10.00000   3.59871749202012e+02   0.00000000000000e+00
  10.00000   9.29368562242820e+02   1.10708637067602e+27
  10.00000   3.19036422701001e+03   7.16604062985336e+32
  10.00000   3.50787645378546e+03   0.00000000000000e+00
# orbitals: 1s2 2s2 2p6 3s2 3p6 3d10 4s2 4p6 4d10
CORE 46 27 Ra
   0.00000   9.78126237418005e+00   4.16546171710394e+01
   0.00000   1.07547156152890e+01   4.69536189126537e+01
   0.00000   2.77740462008337e+01   9.29586662065399e+03
   0.00000   7.17264565572912e+01   4.50148839749637e+04
   0.00000   2.70729566603361e+02   1.04141075538130e+06
   0.00000   2.97673182262801e+02   0.00000000000000e+00
   0.00000   8.45247617397575e+02   8.75429796583729e+05
   0.00000   9.29368562242820e+02   1.59181174233008e+05
   0.00000   2.63895644528176e+03   1.70321819183288e+06
   0.00000   2.90159132885119e+03   0.00000000000000e+00
   0.00000   6.81510333281595e+03   0.00000000000000e+00
   0.00000   7.49335775172760e+03   1.64560126400983e+06
   0.00000   1.76000000000000e+04   5.01988630054266e+06
   8.00000   2.52601038280131e+01   0.00000000000000e+00
   9.00000   2.52601038280131e+01   1.62617891789030e+08
   9.00000   7.88648349115274e+01   8.11092764836169e+14
   9.00000   2.23937921779499e+02   5.28919063349558e+19
  10.00000   2.77740462008337e+01   3.50708738537550e+09
  10.00000   3.69191097747927e+01   4.76475849661811e+11
  10.00000   8.67136407422352e+01   8.35281208331640e+14
  10.00000   9.53435773904646e+01   1.65895186559110e+16
  10.00000   1.04832384752863e+02   1.05747840868440e+16
  10.00000   3.27298287180736e+02   1.40432505773760e+22
  10.00000   3.59871749202012e+02   7.48781831250184e+22
  10.00000   8.45247617397575e+02   2.64763025986175e+26
  10.00000   9.29368562242820e+02   0.00000000000000e+00
  10.00000   3.19036422701001e+03   0.00000000000000e+00
# orbitals: 1s2 2s2 2p6 3s2 3p6 3d10 4s2 4p6 4d10 4f14
CORE 60 27 Ra
   0.00000   8.89592036227726e+00   0.00000000000000e+00
   0.00000   9.78126237418005e+00   5.56689347856067e+02
   0.00000   3.05381817754279e+01   9.58805654310382e+03
   0.00000   6.52342019866827e+01   0.00000000000000e+00
   0.00000   7.17264565572912e+01   4.40782922350080e+04
   0.00000   2.70729566603361e+02   1.04218205184836e+06
   0.00000   2.97673182262801e+02   0.00000000000000e+00
   0.00000   8.45247617397575e+02   8.23546191203575e+05
   0.00000   9.29368562242820e+02   1.96348914778864e+05
   0.00000   2.40009371783290e+03   1.40679591089759e+06
   0.00000   2.63895644528176e+03   0.00000000000000e+00
   0.00000   6.81510333281595e+03   2.28194158322081e+06
   0.00000   7.49335775172760e+03   0.00000000000000e+00
   0.00000   1.76000000000000e+04   3.74023270884197e+06
   5.00000   1.57186418987400e+01   3.85097504635633e+04
   6.00000   1.90030392129365e+01   0.00000000000000e+00
   8.00000   2.52601038280131e+01   1.70384814192629e+08
   9.00000   2.52601038280131e+01   6.16281651441082e+08
   9.00000   2.23937921779499e+02   5.19759020261538e+19
  10.00000   3.69191097747927e+01   5.25664303593050e+11
  10.00000   8.67136407422352e+01   1.91955608824905e+16
  10.00000   1.04832384752863e+02   3.83672983405392e+16
  10.00000   3.27298287180736e+02   1.61981681642018e+22
  10.00000   3.59871749202012e+02   6.78396042064722e+22
  10.00000   8.45247617397575e+02   2.50201242077333e+26
  10.00000   9.29368562242820e+02   0.00000000000000e+00
  10.00000   3.19036422701001e+03   2.44336366152286e+32
# orbitals: 1s2 2s2 2p6 3s2 3p6 3d10 4s2 4p6 4d10 4f14 5s2
CORE 62 25 Ra
   0.00000   8.09071427230917e+00   2.97294488354677e+02
   0.00000   8.89592036227726e+00   1.30578648099066e+02
   0.00000   3.05381817754279e+01   8.85518221848711e+03
   0.00000   6.52342019866827e+01   4.07506472446406e+04
   0.00000   2.70729566603361e+02   1.05381460236949e+06
   0.00000   2.97673182262801e+02   0.00000000000000e+00
   0.00000   8.45247617397575e+02   7.84392458764903e+05
   0.00000   9.29368562242820e+02   2.43227444958342e+05
   0.00000   2.40009371783290e+03   7.73578424843326e+05
   0.00000   2.63895644528176e+03   7.38896162136130e+05
   0.00000   6.81510333281595e+03   1.96528157323722e+06
   0.00000   1.76000000000000e+04   4.34313610110723e+06
   4.00000   1.30019046096914e+01   2.34560584435746e+03
   9.00000   2.52601038280131e+01   6.00397764369517e+08
   9.00000   8.67136407422352e+01   0.00000000000000e+00
   9.00000   2.23937921779499e+02   4.76911030928647e+19
  10.00000   1.72829965103238e+01   1.41240711455834e+06
  10.00000   3.69191097747927e+01   5.43986357760895e+11
  10.00000   8.67136407422352e+01   1.94620936701837e+16
  10.00000   1.04832384752863e+02   4.98262814461722e+16
  10.00000   2.46224727656304e+02   0.00000000000000e+00
  10.00000   3.27298287180736e+02   1.89220931089570e+22
  10.00000   3.59871749202012e+02   4.90753958591792e+22
  10.00000   8.45247617397575e+02   2.46872481725819e+26
  10.00000   9.29368562242820e+02   2.58453659577298e+26
# orbitals: 1s2 2s2 2p6 3s2 3p6 3d10 4s2 4p6 4d10 4f14 5s2 5p6
CORE 68 29 Ra
   0.00000   6.08660049951385e+00   2.96026106873514e+01
   0.00000   6.69235267719057e+00   2.44614929383007e+02
   0.00000   3.05381817754279e+01   1.76292828103243e+03
   0.00000   3.35774103422166e+01   8.67480316695553e+03
   0.00000   7.17264565572912e+01   4.55644500050208e+04
   0.00000   2.70729566603361e+02   1.03512711379109e+06
   0.00000   7.68740802886781e+02   0.00000000000000e+00
   0.00000   8.45247617397575e+02   9.94157942181316e+05
   0.00000   2.18285143154983e+03   1.09233472648761e+06
   0.00000   2.40009371783290e+03   9.72846411999290e+04
   0.00000   5.63721242644797e+03   2.10230495792620e+06
   0.00000   6.19824049188776e+03   0.00000000000000e+00
   0.00000   1.76000000000000e+04   4.59541561198453e+06
   9.00000   1.18250491134010e+01   0.00000000000000e+00
   9.00000   2.23937921779499e+02   2.35273943866627e+19
  10.00000   1.18250491134010e+01   1.47300703324482e+03
  10.00000   1.57186418987400e+01   2.04258471369326e+06
  10.00000   3.05381817754279e+01   2.29184442199230e+09
  10.00000   3.69191097747927e+01   5.18232758773953e+11
  10.00000   4.05933826543340e+01   2.73351723750077e+11
  10.00000   8.67136407422352e+01   2.31507786978957e+16
  10.00000   1.04832384752863e+02   1.05719640429277e+15
  10.00000   1.15265539575520e+02   1.82714113704392e+17
  10.00000   2.23937921779499e+02   5.64500074801672e+20
  10.00000   3.27298287180736e+02   4.84119015006137e+22
  10.00000   3.59871749202012e+02   1.07043816415404e+22
  10.00000   8.45247617397575e+02   0.00000000000000e+00
  10.00000   9.29368562242820e+02   2.95353062315008e+26
  10.00000   2.90159132885119e+03   1.33479003548437e+32
# orbitals: 1s2 2s2 2p6 3s2 3p6 3d10 4s2 4p6 4d10 4f14 5s2 5p6 5d10
CORE 78 28 Ra
   0.00000   4.57891656951429e+00   4.68767756992236e+01
   0.00000   5.03462064991268e+00   1.81277344169653e+01
   0.00000   9.78126237418005e+00   1.94280355809109e+02
   0.00000   2.77740462008337e+01   8.58642402526818e+03
   0.00000   7.17264565572912e+01   4.74756243864819e+04
   0.00000   2.70729566603361e+02   9.84408795730916e+05
   0.00000   2.97673182262801e+02   6.17125900802722e+04
   0.00000   8.45247617397575e+02   9.83609816333178e+05
   0.00000   2.18285143154983e+03   2.08492971058701e+05
   0.00000   2.40009371783290e+03   1.20949063666410e+06
   0.00000   5.63721242644797e+03   0.00000000000000e+00
   0.00000   6.19824049188776e+03   1.90261504038207e+06
   0.00000   1.76000000000000e+04   4.77165893302315e+06
   9.00000   3.05381817754279e+01   4.18796258812639e+09
   9.00000   8.67136407422352e+01   0.00000000000000e+00
   9.00000   2.23937921779499e+02   4.51298973157175e+19
  10.00000   1.07547156152890e+01   9.37698210530668e+03
  10.00000   1.42958834131129e+01   4.99934014345790e+05
  10.00000   1.57186418987400e+01   3.68843016767656e+06
  10.00000   3.69191097747927e+01   4.68754638870693e+11
  10.00000   4.05933826543340e+01   6.22788653453301e+11
  10.00000   8.67136407422352e+01   1.94488456951211e+16
  10.00000   1.04832384752863e+02   5.04426606900274e+16
  10.00000   2.23937921779499e+02   1.32909386621925e+20
  10.00000   3.27298287180736e+02   2.73177768463101e+22
  10.00000   3.59871749202012e+02   4.67114588926803e+22
  10.00000   8.45247617397575e+02   7.06951238147052e+25
  10.00000   9.29368562242820e+02   4.62142525364017e+26
# orbitals: 1s2 2s2 2p6 3s2 3p6 3d10 4s2 4p6 4d10 4f14 5s2 5p6 5d10 6s2
CORE 80 30 Ra
   0.00000   3.44469411985347e+00   1.70933080058671e+01
   0.00000   3.78751782985351e+00   2.54223110510917e+01
   0.00000   9.78126237418005e+00   0.00000000000000e+00
   0.00000   1.07547156152890e+01   3.08616451328304e+02
   0.00000   2.77740462008337e+01   8.46308943134919e+03
   0.00000   6.52342019866827e+01   0.00000000000000e+00
   0.00000   7.17264565572912e+01   4.68009095469584e+04
   0.00000   2.70729566603361e+02   1.03866477991010e+06
   0.00000   2.97673182262801e+02   0.00000000000000e+00
   0.00000   8.45247617397575e+02   9.94850365259508e+05
   0.00000   2.18285143154983e+03   5.87256498867145e+05
   0.00000   2.40009371783290e+03   7.42208850189873e+05
   0.00000   6.19824049188776e+03   2.15908117840199e+06
   0.00000   1.76000000000000e+04   4.17841353958622e+06
   9.00000   3.05381817754279e+01   3.54857274656392e+09
   9.00000   8.67136407422352e+01   1.43263505093562e+15
   9.00000   2.23937921779499e+02   5.33863815397789e+19
  10.00000   5.53567742580989e+00   2.07465672505326e-02
  10.00000   6.08660049951385e+00   1.59575844908059e-01
  10.00000   1.42958834131129e+01   7.85192162085706e+04
  10.00000   1.57186418987400e+01   3.45188473861860e+06
  10.00000   3.69191097747927e+01   4.99198304747008e+11
  10.00000   4.05933826543340e+01   5.74642089065946e+11
  10.00000   8.67136407422352e+01   1.27042285535649e+16
  10.00000   2.23937921779499e+02   0.00000000000000e+00
  10.00000   3.27298287180736e+02   1.78413170841207e+22
  10.00000   3.59871749202012e+02   6.91610742961053e+22
  10.00000   8.45247617397575e+02   1.67486609355601e+26
  10.00000   9.29368562242820e+02   9.97837205129330e+25
  10.00000   2.90159132885119e+03   7.48171426130683e+31
# orbitals: 1s2 2s2 2p6 3s2 3p6 3d10 4s2 4p6 4d10 4f14 5s2 5p6 5d10 6s2 6p6
CORE 86 32 Ra
   0.00000   2.14353486784267e+00   1.58359999861550e+00
   0.00000   2.35686428123614e+00   5.58516251941664e+00
   0.00000   6.69235267719057e+00   1.44935148247313e+02
   0.00000   7.35839067464294e+00   5.63094373885430e+01
   0.00000   2.77740462008337e+01   8.51860280659655e+03
   0.00000   7.17264565572912e+01   4.86043243931864e+04
   0.00000   2.70729566603361e+02   8.98009734807907e+05
   0.00000   2.97673182262801e+02   1.63492776588740e+05
   0.00000   8.45247617397575e+02   6.98919567124711e+05
   0.00000   9.29368562242820e+02   3.04030957340800e+05
   0.00000   2.18285143154983e+03   0.00000000000000e+00
   0.00000   2.40009371783290e+03   1.37902635317566e+06
   0.00000   5.63721242644797e+03   0.00000000000000e+00
   0.00000   6.19824049188776e+03   1.94083842389462e+06
   0.00000   1.76000000000000e+04   4.63442244496371e+06
   7.00000   4.57891656951429e+00   1.30303828488051e+00
   8.00000   4.57891656951429e+00   0.00000000000000e+00
   9.00000   8.67136407422352e+01   0.00000000000000e+00
   9.00000   2.23937921779499e+02   3.88707064100337e+19
  10.00000   6.69235267719057e+00   4.28745943441662e+00
  10.00000   7.35839067464294e+00   2.55926597876210e+01
  10.00000   1.57186418987400e+01   4.73361661419947e+06
  10.00000   1.72829965103238e+01   7.13116613219979e+05
  10.00000   3.69191097747927e+01   5.90579061241941e+11
  10.00000   4.05933826543340e+01   4.58088072718343e+11
  10.00000   8.67136407422352e+01   1.93036096547107e+16
  10.00000   1.04832384752863e+02   5.55077233336918e+16
  10.00000   2.23937921779499e+02   2.38039546372022e+20
  10.00000   3.27298287180736e+02   3.54548947930674e+22
  10.00000   3.59871749202012e+02   2.73953747973016e+22
  10.00000   8.45247617397575e+02   0.00000000000000e+00
  10.00000   9.29368562242820e+02   8.22137969904626e+26
