# Free-atom, free-ion and frozen-core density fits -- Np (Z = 93)
#
#   rho(r) = sum_i c_i r^n_i exp(-alpha_i r)      r in bohr, rho in e/bohr^3
#
# All-electron B86BPBE densities (scalar-relativistic, spin-restricted),
# fitted with rhofit.py (monotone decay imposed).  Two kinds of block:
#
#   STATE <N> <q> <nterm> <symbol>
#     the atom or ion with N electrons (charge q), in order of increasing N;
#   CORE <N_core> <nterm> <symbol>
#     the frozen core of the neutral atom with N_core electrons, for a
#     pseudopotential with Z - N_core valence electrons, in order of
#     increasing N_core, each preceded by a '# orbitals:' comment.
#
# Each block header is followed by nterm lines:   n   alpha   c
#
# Generated 2026-09-23 by combine_fits.py from
#   /home/alberto/doc/manuals/critic2/atomic_density_fits/15_rhofit/rho_b86bpbe_mono/fit_093_Np.dat
#     recipe: --npow 0,1,2,3,4,5,6,7,8,9,10 --amin 0.2 --ratio 1.1 --mom 3 --cusp none --targetz 1e-3 --besteffort --monotone --stats
#   /home/alberto/doc/manuals/critic2/atomic_density_fits/15_rhofit/core_b86bpbe_mono/core_093_Np.dat
#     recipe: --npow 0,1,2,3,4,5,6,7,8,9,10 --amin 0.2 --ratio 1.1 --mom 3 --cusp none --besteffort --monotone --stats --target 1e-3*N_core
#
STATE 86 +7 30 Np
   0.00000   3.41102790389035e+00   0.00000000000000e+00
   0.00000   3.74927343487294e+00   3.90575502709288e+01
   0.00000   1.16597496408727e+01   4.47196123593487e+02
   0.00000   2.73052280627867e+01   2.86495914586437e+03
   0.00000   3.00128785496574e+01   6.71347747029341e+03
   0.00000   7.02852564472197e+01   5.40138328601933e+04
   0.00000   2.90263128616154e+02   8.73284490346731e+05
   0.00000   3.19046301556915e+02   5.36222958676363e+05
   0.00000   9.92192237941181e+02   1.71311131005082e+06
   0.00000   2.80721769805048e+03   2.36260306115686e+06
   0.00000   3.08558799217145e+03   0.00000000000000e+00
   0.00000   7.22594278857361e+03   3.55642218617961e+06
   0.00000   7.94248423128162e+03   0.00000000000000e+00
   0.00000   1.86000000000000e+04   8.04120612600148e+06
   9.00000   2.40252650142336e+02   0.00000000000000e+00
  10.00000   7.26741586380230e+00   1.90898341298575e+01
  10.00000   7.98806987396724e+00   2.18010466126599e+01
  10.00000   8.78018562680657e+00   1.22202643426649e+03
  10.00000   1.70191002122910e+01   2.12456048609081e+06
  10.00000   1.87067541249390e+01   4.63493610217773e+07
  10.00000   3.98559512025033e+01   1.64771138627321e+12
  10.00000   4.38081608463855e+01   1.78692498678260e+12
  10.00000   9.33361239103071e+01   3.48356812168050e+16
  10.00000   1.02591552971996e+02   8.17550444360712e+16
  10.00000   2.64076666687227e+02   6.75450980092091e+21
  10.00000   3.50683681466668e+02   3.52753418283276e+22
  10.00000   3.85458298205903e+02   1.88489664946465e+23
  10.00000   9.02680337518642e+02   9.36336174931454e+26
  10.00000   9.92192237941181e+02   0.00000000000000e+00
  10.00000   3.39156213785791e+03   1.49786285546704e+33
STATE 87 +6 30 Np
   0.00000   3.41102790389035e+00   1.56220442766217e+01
   0.00000   3.74927343487294e+00   1.29868140719764e+01
   0.00000   6.61177658317288e+00   4.44477021828173e+01
   0.00000   1.16597496408727e+01   2.71591747307642e+02
   0.00000   2.73052280627867e+01   8.33215887346416e+03
   0.00000   3.00128785496574e+01   5.05279634422886e+02
   0.00000   7.02852564472197e+01   5.53070963186125e+04
   0.00000   2.90263128616154e+02   8.59102031007893e+05
   0.00000   3.19046301556915e+02   5.52028286108574e+05
   0.00000   9.92192237941181e+02   1.70876219336473e+06
   0.00000   2.80721769805048e+03   2.36724713977596e+06
   0.00000   3.08558799217145e+03   0.00000000000000e+00
   0.00000   7.22594278857361e+03   3.55295796674757e+06
   0.00000   7.94248423128162e+03   0.00000000000000e+00
   0.00000   1.86000000000000e+04   8.03734825986714e+06
  10.00000   7.26741586380230e+00   3.89689537292729e+01
  10.00000   7.98806987396724e+00   0.00000000000000e+00
  10.00000   8.78018562680657e+00   1.35896231360435e+03
  10.00000   1.70191002122910e+01   2.56663184186171e+06
  10.00000   1.87067541249390e+01   4.60604008396265e+07
  10.00000   3.98559512025033e+01   1.62947177995022e+12
  10.00000   4.38081608463855e+01   1.96156825653327e+12
  10.00000   9.33361239103071e+01   3.46626733991422e+16
  10.00000   1.02591552971996e+02   7.92930293655876e+16
  10.00000   2.64076666687227e+02   6.92802631044190e+21
  10.00000   3.50683681466668e+02   3.04006191656294e+22
  10.00000   3.85458298205903e+02   2.05717176988872e+23
  10.00000   9.02680337518642e+02   9.77456807444345e+26
  10.00000   9.92192237941181e+02   0.00000000000000e+00
  10.00000   3.39156213785791e+03   1.39494296367986e+33
STATE 88 +5 29 Np
   0.00000   3.10329762905461e+00   0.00000000000000e+00
   0.00000   3.41102790389035e+00   2.87232174824387e+01
   0.00000   6.61177658317288e+00   1.70514574670221e+01
   0.00000   1.16597496408727e+01   4.95137839154613e+02
   0.00000   3.00128785496574e+01   9.89219945648184e+03
   0.00000   7.02852564472197e+01   5.66561591604699e+04
   0.00000   2.90263128616154e+02   4.53869800523831e+05
   0.00000   3.19046301556915e+02   1.03011504905030e+06
   0.00000   1.09058034845076e+03   1.87258598792175e+06
   0.00000   1.19872485486778e+03   0.00000000000000e+00
   0.00000   3.39156213785791e+03   3.02072898366932e+06
   0.00000   3.72787739780398e+03   0.00000000000000e+00
   0.00000   1.05473143279096e+04   4.34617415735711e+06
   0.00000   1.86000000000000e+04   5.96664289262829e+06
   9.00000   2.40252650142336e+02   0.00000000000000e+00
  10.00000   6.61177658317288e+00   6.90346859756557e+00
  10.00000   7.98806987396724e+00   1.87861096217861e+02
  10.00000   8.78018562680657e+00   7.95996523606876e+02
  10.00000   1.70191002122910e+01   3.12728886428664e+06
  10.00000   1.87067541249390e+01   4.44407522723382e+07
  10.00000   3.98559512025033e+01   1.64151604385217e+12
  10.00000   4.38081608463855e+01   1.72001406111693e+12
  10.00000   9.33361239103071e+01   3.52779730456221e+16
  10.00000   1.02591552971996e+02   8.31272138973003e+16
  10.00000   2.64076666687227e+02   6.20709954130259e+21
  10.00000   3.50683681466668e+02   5.82548124052895e+22
  10.00000   3.85458298205903e+02   7.93294471933045e+22
  10.00000   9.92192237941181e+02   4.91609628020474e+27
  10.00000   3.72787739780398e+03   4.28863602768787e+33
STATE 89 +4 29 Np
   0.00000   3.10329762905461e+00   2.22296282027223e+01
   0.00000   6.61177658317288e+00   3.51056347800319e+01
   0.00000   1.16597496408727e+01   4.78271845172548e+02
   0.00000   3.00128785496574e+01   9.90272349289875e+03
   0.00000   7.02852564472197e+01   5.66351922667766e+04
   0.00000   2.90263128616154e+02   4.55049337756728e+05
   0.00000   3.19046301556915e+02   1.02874121565430e+06
   0.00000   1.09058034845076e+03   1.87374988410792e+06
   0.00000   1.19872485486778e+03   0.00000000000000e+00
   0.00000   3.39156213785791e+03   2.99954582360566e+06
   0.00000   3.72787739780398e+03   0.00000000000000e+00
   0.00000   9.59577478371391e+03   3.29254418525485e+06
   0.00000   1.86000000000000e+04   7.66793604401377e+06
   8.00000   6.01528664453246e+00   1.37490494140957e+01
   9.00000   6.01528664453246e+00   0.00000000000000e+00
   9.00000   2.40252650142336e+02   0.00000000000000e+00
  10.00000   7.98806987396724e+00   1.57544512270095e+02
  10.00000   8.78018562680657e+00   4.41525401067167e+02
  10.00000   1.70191002122910e+01   4.46500178839847e+06
  10.00000   1.87067541249390e+01   3.98277102373065e+07
  10.00000   3.98559512025033e+01   1.63926587327475e+12
  10.00000   4.38081608463855e+01   1.69653484941015e+12
  10.00000   9.33361239103071e+01   3.53800648096575e+16
  10.00000   1.02591552971996e+02   8.26429507946980e+16
  10.00000   2.64076666687227e+02   6.20374030735097e+21
  10.00000   3.50683681466668e+02   5.83947970313206e+22
  10.00000   3.85458298205903e+02   7.88423825260937e+22
  10.00000   9.92192237941181e+02   4.90659286762261e+27
  10.00000   3.72787739780398e+03   4.27430524762115e+33
STATE 90 +3 28 Np
   0.00000   2.82332963723697e+00   1.29758008297199e+01
   0.00000   3.10329762905461e+00   6.91595322013431e+00
   0.00000   6.61177658317288e+00   5.24005819133694e+01
   0.00000   1.16597496408727e+01   3.41658522397618e+02
   0.00000   2.73052280627867e+01   6.20678657666350e+03
   0.00000   3.00128785496574e+01   2.84342952533385e+03
   0.00000   7.02852564472197e+01   5.50508492162514e+04
   0.00000   2.90263128616154e+02   8.01700996247049e+05
   0.00000   3.19046301556915e+02   6.21222157983617e+05
   0.00000   9.92192237941181e+02   1.71624606438520e+06
   0.00000   2.80721769805048e+03   0.00000000000000e+00
   0.00000   3.08558799217145e+03   2.87863525408889e+06
   0.00000   7.94248423128162e+03   2.84818487324470e+06
   0.00000   1.86000000000000e+04   8.72877512937571e+06
   9.00000   6.01528664453246e+00   0.00000000000000e+00
  10.00000   6.01528664453246e+00   1.80827757806398e+00
  10.00000   7.98806987396724e+00   2.86788984667058e+02
  10.00000   1.70191002122910e+01   5.02892088087399e+06
  10.00000   1.87067541249390e+01   3.56545613046085e+07
  10.00000   3.98559512025033e+01   1.65603214560198e+12
  10.00000   4.38081608463855e+01   1.76900856549528e+12
  10.00000   9.33361239103071e+01   3.46533093982873e+16
  10.00000   1.02591552971996e+02   7.95595995975564e+16
  10.00000   2.64076666687227e+02   6.87111662532167e+21
  10.00000   3.50683681466668e+02   3.09832743007519e+22
  10.00000   3.85458298205903e+02   2.00534612957160e+23
  10.00000   9.02680337518642e+02   1.10034704565915e+27
  10.00000   9.92192237941181e+02   1.33169271563766e+26
STATE 91 +2 32 Np
   0.00000   2.33688801883132e+00   2.67677056489367e+00
   0.00000   2.56861931832462e+00   1.06521836384372e+01
   0.00000   6.01528664453246e+00   5.79473648104580e+01
   0.00000   1.28159577750550e+01   5.69763717930490e+02
   0.00000   3.00128785496574e+01   9.69856621244170e+03
   0.00000   6.39443815283321e+01   0.00000000000000e+00
   0.00000   7.02852564472197e+01   5.38308448583506e+04
   0.00000   2.90263128616154e+02   5.95557100364710e+05
   0.00000   3.19046301556915e+02   8.83479321064199e+05
   0.00000   1.19872485486778e+03   2.27513168904897e+06
   0.00000   3.72787739780398e+03   0.00000000000000e+00
   0.00000   4.09754246809557e+03   3.06724922966361e+06
   0.00000   1.27428207493373e+04   7.79124868586313e+06
   0.00000   1.40064287560791e+04   0.00000000000000e+00
   0.00000   1.86000000000000e+04   3.21907093505583e+05
   7.00000   2.18577947928966e+02   3.94923187271340e+16
  10.00000   2.33688801883132e+00   2.26529478714534e-08
  10.00000   2.56861931832462e+00   0.00000000000000e+00
  10.00000   7.26741586380230e+00   2.46138792417528e+01
  10.00000   7.98806987396724e+00   1.14181744801370e+02
  10.00000   1.70191002122910e+01   5.73239563049119e+06
  10.00000   1.87067541249390e+01   3.35321538865538e+07
  10.00000   3.98559512025033e+01   1.67352174518362e+12
  10.00000   4.38081608463855e+01   1.60210341978924e+12
  10.00000   9.33361239103071e+01   3.47366403697067e+16
  10.00000   1.02591552971996e+02   8.28202856400297e+16
  10.00000   2.64076666687227e+02   4.17272758535327e+21
  10.00000   3.85458298205903e+02   1.66567762436346e+23
  10.00000   9.02680337518642e+02   1.64592043852718e+27
  10.00000   9.92192237941181e+02   0.00000000000000e+00
  10.00000   3.72787739780398e+03   1.49173096575866e+34
  10.00000   4.09754246809557e+03   0.00000000000000e+00
STATE 92 +1 32 Np
   0.00000   1.32515550987849e+00   3.09045908445631e-01
   0.00000   2.56861931832462e+00   9.23324075279207e+00
   0.00000   2.82332963723697e+00   4.25530790197690e+00
   0.00000   6.01528664453246e+00   5.71975914269155e+01
   0.00000   1.28159577750550e+01   5.64135199104750e+02
   0.00000   3.00128785496574e+01   9.72013920409888e+03
   0.00000   6.39443815283321e+01   0.00000000000000e+00
   0.00000   7.02852564472197e+01   5.38072890681994e+04
   0.00000   2.90263128616154e+02   5.95860768778519e+05
   0.00000   3.19046301556915e+02   8.83186737008036e+05
   0.00000   1.19872485486778e+03   2.27533937192584e+06
   0.00000   3.72787739780398e+03   0.00000000000000e+00
   0.00000   4.09754246809557e+03   3.06715059246450e+06
   0.00000   1.27428207493373e+04   7.79237590524737e+06
   0.00000   1.40064287560791e+04   0.00000000000000e+00
   0.00000   1.86000000000000e+04   3.21042982203523e+05
   7.00000   2.18577947928966e+02   3.97741729818986e+16
  10.00000   3.10329762905461e+00   1.04562736040717e-05
  10.00000   3.41102790389035e+00   6.40975473035492e-04
  10.00000   7.98806987396724e+00   1.80797438288774e+02
  10.00000   1.70191002122910e+01   4.99723822294203e+06
  10.00000   1.87067541249390e+01   3.65729308506084e+07
  10.00000   3.98559512025033e+01   1.66765485359121e+12
  10.00000   4.38081608463855e+01   1.63478958276974e+12
  10.00000   9.33361239103071e+01   3.47303840907700e+16
  10.00000   1.02591552971996e+02   8.30992193972044e+16
  10.00000   2.64076666687227e+02   4.14918723468383e+21
  10.00000   3.85458298205903e+02   1.65811969708954e+23
  10.00000   9.02680337518642e+02   1.64449267053547e+27
  10.00000   9.92192237941181e+02   0.00000000000000e+00
  10.00000   3.72787739780398e+03   1.49287814637944e+34
  10.00000   4.09754246809557e+03   0.00000000000000e+00
STATE 93 +0 33 Np
   0.00000   1.09683970064294e+00   1.71550487788305e-01
   0.00000   1.20560489911101e+00   1.42878240284295e-01
   0.00000   2.82332963723697e+00   1.57891844683254e+01
   0.00000   6.61177658317288e+00   7.88066505829866e+01
   0.00000   1.16597496408727e+01   2.42963106417227e+02
   0.00000   2.73052280627867e+01   8.72299496754336e+03
   0.00000   3.00128785496574e+01   0.00000000000000e+00
   0.00000   7.02852564472197e+01   5.55470818175161e+04
   0.00000   2.90263128616154e+02   8.62457130592471e+05
   0.00000   3.19046301556915e+02   5.47496704694606e+05
   0.00000   9.92192237941181e+02   1.71093015066899e+06
   0.00000   2.80721769805048e+03   2.36504206969703e+06
   0.00000   3.08558799217145e+03   0.00000000000000e+00
   0.00000   7.22594278857361e+03   3.55254138238963e+06
   0.00000   7.94248423128162e+03   0.00000000000000e+00
   0.00000   1.86000000000000e+04   8.04596903887363e+06
   9.00000   2.40252650142336e+02   9.19728155433955e+18
  10.00000   2.82332963723697e+00   1.97507552944936e-05
  10.00000   3.10329762905461e+00   1.34005004266372e-04
  10.00000   7.98806987396724e+00   1.57927254834342e+02
  10.00000   8.78018562680657e+00   2.26343446622186e+02
  10.00000   1.70191002122910e+01   5.96599469558362e+06
  10.00000   1.87067541249390e+01   3.29924194530891e+07
  10.00000   3.98559512025033e+01   1.63064962326230e+12
  10.00000   4.38081608463855e+01   1.88046226539400e+12
  10.00000   9.33361239103071e+01   3.45652035392302e+16
  10.00000   1.02591552971996e+02   7.87957918491794e+16
  10.00000   2.64076666687227e+02   6.33719525321930e+21
  10.00000   3.50683681466668e+02   3.33573947103783e+22
  10.00000   3.85458298205903e+02   1.95992636959077e+23
  10.00000   9.02680337518642e+02   9.41703877398614e+26
  10.00000   9.92192237941181e+02   0.00000000000000e+00
  10.00000   3.39156213785791e+03   1.45935996385118e+33
STATE 94 -1 45 Np
   0.00000   2.56861931832462e+00   1.32138636007065e+01
   0.00000   4.97889127222166e+00   1.09418505915381e+00
   0.00000   5.47260981382504e+00   0.00000000000000e+00
   0.00000   3.29890260123522e+01   9.70073860390499e+03
   0.00000   6.39443815283321e+01   5.20188740645943e+04
   0.00000   7.02852564472197e+01   0.00000000000000e+00
   0.00000   2.90263128616154e+02   4.58301121183660e+05
   0.00000   3.19046301556915e+02   1.02526499433833e+06
   0.00000   9.92192237941181e+02   1.50104571965643e+06
   0.00000   2.32355206360014e+03   1.47365192612438e+06
   0.00000   2.55396093847968e+03   0.00000000000000e+00
   0.00000   3.39156213785791e+03   9.50861919567725e+05
   0.00000   1.86000000000000e+04   1.53632168308103e+07
   2.00000   8.73007960482478e+03   1.36518044483859e+13
   3.00000   1.86000000000000e+04   3.07893974048953e+18
   7.00000   1.98858656886961e+02   3.37137535952893e+16
   7.00000   1.86000000000000e+04   0.00000000000000e+00
   8.00000   1.86000000000000e+04   1.00941289742219e+35
   9.00000   3.62602952410267e+01   4.47710406854312e+10
   9.00000   8.49156852999212e+01   1.62991111411639e+15
   9.00000   8.21243868459970e+02   5.66147181889087e+24
  10.00000   1.32515550987849e+00   1.34070123819973e-09
  10.00000   1.45656103973714e+00   1.35195753031466e-08
  10.00000   2.56861931832462e+00   2.21145499311171e-05
  10.00000   2.82332963723697e+00   1.27053903263222e-04
  10.00000   4.12106018640643e+00   2.15786738613582e-02
  10.00000   6.61177658317288e+00   4.24896183278386e+00
  10.00000   7.98806987396724e+00   1.06144954832778e+02
  10.00000   8.78018562680657e+00   3.02421890584716e+02
  10.00000   1.54837001706167e+01   1.29604773902098e+06
  10.00000   1.87067541249390e+01   4.07837341161426e+07
  10.00000   2.05617597596728e+01   5.36567186695801e+07
  10.00000   3.62602952410267e+01   2.91776236458573e+11
  10.00000   4.38081608463855e+01   3.38668968517022e+12
  10.00000   4.81522808724797e+01   4.72927949906481e+12
  10.00000   8.49156852999212e+01   7.14465207817379e+15
  10.00000   1.12764772097458e+02   2.99728336720963e+17
  10.00000   1.23946791503025e+02   6.49736067664399e+15
  10.00000   3.19046301556915e+02   3.13090351408592e+21
  10.00000   3.50683681466668e+02   4.43116122734847e+22
  10.00000   9.02680337518642e+02   5.83222696987718e+26
  10.00000   1.19872485486778e+03   1.00400372093976e+28
  10.00000   1.31759322430396e+03   4.46392738526977e+28
  10.00000   2.80721769805048e+03   0.00000000000000e+00
  10.00000   7.22594278857361e+03   1.12275821360770e+35
# orbitals: 1s2
CORE 2 10 Np
   0.00000   1.23946791503025e+02   0.00000000000000e+00
   0.00000   1.36237646191641e+02   3.85581748356317e+03
   0.00000   1.98858656886961e+02   3.43759738147328e+05
   0.00000   2.18577947928966e+02   1.90608603494678e+05
   0.00000   3.50683681466668e+02   4.84743178839552e+05
   0.00000   3.85458298205903e+02   1.38981703119180e+05
   0.00000   7.47154295325689e+02   8.98697898411870e+05
   0.00000   8.21243868459970e+02   0.00000000000000e+00
   0.00000   1.92321892100132e+03   0.00000000000000e+00
   0.00000   2.11392982207250e+03   2.49942006333855e+06
# orbitals: 1s2 2s2
CORE 4 17 Np
   0.00000   6.39443815283321e+01   2.48807930416349e+03
   0.00000   7.02852564472197e+01   9.60057054367296e+03
   0.00000   2.64076666687227e+02   1.18830333776538e+06
   0.00000   7.47154295325689e+02   9.12779960025462e+05
   0.00000   8.21243868459970e+02   4.44513990901929e+05
   0.00000   1.92321892100132e+03   0.00000000000000e+00
   0.00000   2.11392982207250e+03   2.02680424266003e+06
   0.00000   5.44137918621826e+03   1.16309989391313e+06
   0.00000   5.98095911460901e+03   2.35421215174119e+06
   0.00000   1.86000000000000e+04   8.92789704023122e+06
   4.00000   1.12764772097458e+02   2.14654142103754e+10
   5.00000   1.23946791503025e+02   0.00000000000000e+00
   5.00000   1.36237646191641e+02   6.07332131807768e+11
  10.00000   2.64076666687227e+02   8.09931604104900e+20
  10.00000   2.90263128616154e+02   1.54384634427883e+20
  10.00000   7.47154295325689e+02   8.57069219363130e+25
  10.00000   8.21243868459970e+02   1.16522179564374e+26
# orbitals: 1s2 2s2 2p6
CORE 10 17 Np
   0.00000   6.39443815283321e+01   2.21437998003252e+04
   0.00000   7.02852564472197e+01   2.84818127488865e+04
   0.00000   2.90263128616154e+02   1.25461816210300e+06
   0.00000   3.19046301556915e+02   7.89669126703256e+04
   0.00000   9.02680337518642e+02   5.58275677319480e+05
   0.00000   9.92192237941181e+02   1.07712174491720e+06
   0.00000   3.08558799217145e+03   3.01403306406194e+06
   0.00000   3.39156213785791e+03   0.00000000000000e+00
   0.00000   1.05473143279096e+04   0.00000000000000e+00
   0.00000   1.15932107661109e+04   7.25390107298744e+06
   3.00000   1.02591552971996e+02   2.59608227552485e+09
   4.00000   1.12764772097458e+02   1.22647519161268e+10
   4.00000   1.23946791503025e+02   9.67798904218840e+09
  10.00000   2.64076666687227e+02   9.98387527034229e+20
  10.00000   2.90263128616154e+02   2.41697606094031e+21
  10.00000   9.02680337518642e+02   1.78662985216157e+27
  10.00000   9.92192237941181e+02   0.00000000000000e+00
# orbitals: 1s2 2s2 2p6 3s2
CORE 12 20 Np
   0.00000   3.00128785496574e+01   3.45394337635183e+02
   0.00000   5.81755568055930e+01   5.10492791469116e+04
   0.00000   2.90263128616154e+02   7.65177351084640e+05
   0.00000   3.19046301556915e+02   6.98274777176598e+05
   0.00000   1.09058034845076e+03   1.89704156326919e+06
   0.00000   3.39156213785791e+03   2.57443698576923e+06
   0.00000   3.72787739780398e+03   4.43740395548801e+05
   0.00000   1.27428207493373e+04   8.59742894216144e+06
   0.00000   1.40064287560791e+04   0.00000000000000e+00
   8.00000   1.98858656886961e+02   4.62982498644098e+17
   9.00000   6.39443815283321e+01   3.03916723270908e+12
  10.00000   6.39443815283321e+01   0.00000000000000e+00
  10.00000   8.49156852999212e+01   1.47307033385134e+15
  10.00000   9.33361239103071e+01   3.79832490749717e+15
  10.00000   2.18577947928966e+02   1.99324114204432e+20
  10.00000   3.19046301556915e+02   3.35147175552202e+22
  10.00000   3.50683681466668e+02   0.00000000000000e+00
  10.00000   9.02680337518642e+02   7.37047513889631e+26
  10.00000   9.92192237941181e+02   3.25870513174193e+27
  10.00000   3.72787739780398e+03   5.13688480652261e+33
# orbitals: 1s2 2s2 2p6 3s2 3p6
CORE 18 20 Np
   0.00000   2.48418517513146e+01   0.00000000000000e+00
   0.00000   2.73052280627867e+01   9.50271229107684e+02
   0.00000   6.39443815283321e+01   6.29951365852878e+04
   0.00000   2.90263128616154e+02   7.98997608251510e+05
   0.00000   3.19046301556915e+02   6.10512449181546e+05
   0.00000   9.92192237941181e+02   1.60478110691995e+06
   0.00000   1.09058034845076e+03   1.29623570212022e+05
   0.00000   3.39156213785791e+03   3.51807754039077e+06
   0.00000   3.72787739780398e+03   0.00000000000000e+00
   0.00000   1.27428207493373e+04   0.00000000000000e+00
   0.00000   1.40064287560791e+04   8.46681666219866e+06
   7.00000   5.81755568055930e+01   2.64620561965940e+11
   7.00000   1.98858656886961e+02   2.26891836524300e+16
   8.00000   6.39443815283321e+01   1.64155731428469e+12
   9.00000   2.18577947928966e+02   0.00000000000000e+00
  10.00000   9.33361239103071e+01   2.24081793635392e+16
  10.00000   2.40252650142336e+02   1.23873793960637e+21
  10.00000   3.50683681466668e+02   9.11561600710078e+22
  10.00000   9.02680337518642e+02   6.37284076384689e+26
  10.00000   9.92192237941181e+02   1.19640720190228e+27
# orbitals: 1s2 2s2 2p6 3s2 3p6 3d10
CORE 28 20 Np
   0.00000   2.73052280627867e+01   2.67867478483722e+03
   0.00000   3.00128785496574e+01   6.53058359691252e+03
   0.00000   7.02852564472197e+01   5.69688486557562e+04
   0.00000   2.90263128616154e+02   2.82872745550512e+05
   0.00000   3.19046301556915e+02   1.22861132870416e+06
   0.00000   1.19872485486778e+03   2.10268312531210e+06
   0.00000   4.09754246809557e+03   3.55551860535051e+06
   0.00000   4.50386439418241e+03   0.00000000000000e+00
   0.00000   1.40064287560791e+04   0.00000000000000e+00
   0.00000   1.53953390978463e+04   8.77506621688108e+06
   7.00000   5.81755568055930e+01   2.36451414517034e+11
   8.00000   6.39443815283321e+01   6.08807089047724e+12
   8.00000   2.18577947928966e+02   1.57251700355784e+18
   9.00000   2.40252650142336e+02   1.42353806185496e+19
   9.00000   9.92192237941181e+02   0.00000000000000e+00
  10.00000   9.33361239103071e+01   2.11430390553433e+16
  10.00000   1.02591552971996e+02   4.77455873367338e+16
  10.00000   3.50683681466668e+02   5.24312162605038e+22
  10.00000   9.92192237941181e+02   6.73485862041568e+27
  10.00000   4.09754246809557e+03   2.39172930611831e+34
# orbitals: 1s2 2s2 2p6 3s2 3p6 3d10 4s2
CORE 30 24 Np
   0.00000   2.05617597596728e+01   6.54776448651247e+02
   0.00000   2.26007121059478e+01   5.38928001094430e+03
   0.00000   7.72549074020308e+01   7.02218183255518e+04
   0.00000   2.90263128616154e+02   2.64803993156821e+05
   0.00000   3.19046301556915e+02   1.23097607432129e+06
   0.00000   1.19872485486778e+03   2.18803169970991e+06
   0.00000   3.72787739780398e+03   0.00000000000000e+00
   0.00000   4.09754246809557e+03   3.29781661441696e+06
   0.00000   1.27428207493373e+04   5.31662117505368e+06
   0.00000   1.86000000000000e+04   3.95632657256392e+06
   9.00000   7.72549074020308e+01   3.53430695248884e+14
   9.00000   2.40252650142336e+02   5.73163575181182e+19
   9.00000   9.92192237941181e+02   0.00000000000000e+00
  10.00000   8.78018562680657e+00   5.36170334516132e-02
  10.00000   3.62602952410267e+01   1.73666668322208e+10
  10.00000   3.98559512025033e+01   7.39203650560488e+10
  10.00000   9.33361239103071e+01   1.20036500274091e+16
  10.00000   1.02591552971996e+02   4.54445668263714e+16
  10.00000   2.40252650142336e+02   1.43713212762096e+21
  10.00000   3.50683681466668e+02   1.20336538409583e+23
  10.00000   3.85458298205903e+02   0.00000000000000e+00
  10.00000   9.92192237941181e+02   4.49758800350926e+27
  10.00000   3.72787739780398e+03   1.13618009183535e+34
  10.00000   4.09754246809557e+03   0.00000000000000e+00
# orbitals: 1s2 2s2 2p6 3s2 3p6 3d10 4s2 4p6
CORE 36 25 Np
   0.00000   2.26007121059478e+01   2.47848657966123e+03
   0.00000   2.48418517513146e+01   3.65197635347937e+03
   0.00000   7.72549074020308e+01   7.28913555270522e+04
   0.00000   2.90263128616154e+02   3.73080669047111e+05
   0.00000   3.19046301556915e+02   1.08698416768284e+06
   0.00000   1.09058034845076e+03   1.90627181861451e+06
   0.00000   3.39156213785791e+03   2.77930164836269e+06
   0.00000   7.94248423128162e+03   2.17243412959130e+06
   0.00000   8.73007960482478e+03   6.36158213867089e+05
   0.00000   1.86000000000000e+04   8.38276696853827e+06
   9.00000   8.49156852999212e+01   2.27238500795410e+15
   9.00000   2.40252650142336e+02   5.56623026624311e+19
  10.00000   3.00128785496574e+01   3.14339567641285e+09
  10.00000   3.62602952410267e+01   2.06657651919910e+10
  10.00000   3.98559512025033e+01   6.30602910234810e+11
  10.00000   8.49156852999212e+01   2.21434780798236e+14
  10.00000   1.02591552971996e+02   0.00000000000000e+00
  10.00000   1.12764772097458e+02   7.36511202329353e+16
  10.00000   2.40252650142336e+02   1.50779225195135e+21
  10.00000   3.50683681466668e+02   1.32787660488073e+23
  10.00000   3.85458298205903e+02   0.00000000000000e+00
  10.00000   9.92192237941181e+02   2.68961675542696e+27
  10.00000   1.09058034845076e+03   1.36238833108146e+27
  10.00000   3.39156213785791e+03   1.91314412335329e+33
  10.00000   3.72787739780398e+03   0.00000000000000e+00
# orbitals: 1s2 2s2 2p6 3s2 3p6 3d10 4s2 4p6 4d10
CORE 46 25 Np
   0.00000   1.06078503124006e+01   4.81819678989129e+01
   0.00000   2.73052280627867e+01   7.39901109232554e+03
   0.00000   3.00128785496574e+01   2.80914205995606e+03
   0.00000   7.72549074020308e+01   6.02913921282838e+04
   0.00000   2.90263128616154e+02   7.91350607432819e+05
   0.00000   3.19046301556915e+02   6.11931507081900e+05
   0.00000   9.92192237941181e+02   1.70132841574275e+06
   0.00000   2.80721769805048e+03   2.36625228133863e+06
   0.00000   3.08558799217145e+03   0.00000000000000e+00
   0.00000   7.22594278857361e+03   3.52076973586145e+06
   0.00000   1.86000000000000e+04   8.08488307662010e+06
   8.00000   2.73052280627867e+01   0.00000000000000e+00
   9.00000   2.73052280627867e+01   2.11740786428462e+08
   9.00000   8.49156852999212e+01   8.09988304168931e+14
   9.00000   2.40252650142336e+02   1.23280610383528e+20
  10.00000   3.00128785496574e+01   1.06900410367666e+10
  10.00000   3.98559512025033e+01   1.35264644637315e+12
  10.00000   9.33361239103071e+01   3.36930055615405e+16
  10.00000   1.02591552971996e+02   0.00000000000000e+00
  10.00000   1.12764772097458e+02   1.00295022903849e+17
  10.00000   3.50683681466668e+02   3.55902756013776e+22
  10.00000   3.85458298205903e+02   1.90600998917953e+23
  10.00000   9.02680337518642e+02   8.09036132418720e+26
  10.00000   9.92192237941181e+02   0.00000000000000e+00
  10.00000   3.39156213785791e+03   1.45623296018614e+33
# orbitals: 1s2 2s2 2p6 3s2 3p6 3d10 4s2 4p6 4d10 4f14
CORE 60 26 Np
   0.00000   1.06078503124006e+01   2.85707190934369e+02
   0.00000   1.16597496408727e+01   5.60204724231161e+02
   0.00000   3.29890260123522e+01   1.13422967689167e+04
   0.00000   7.02852564472197e+01   0.00000000000000e+00
   0.00000   7.72549074020308e+01   5.67182831620625e+04
   0.00000   2.90263128616154e+02   9.74087113823945e+05
   0.00000   3.19046301556915e+02   3.86325619175064e+05
   0.00000   9.02680337518642e+02   1.50808108311669e+06
   0.00000   9.92192237941181e+02   0.00000000000000e+00
   0.00000   2.55396093847968e+03   2.44613049852996e+06
   0.00000   6.57404505483211e+03   5.50137967495807e+05
   0.00000   7.22594278857361e+03   3.15738093491405e+06
   0.00000   1.86000000000000e+04   8.00562742325601e+06
   7.00000   2.48418517513146e+01   1.04025710966888e+07
   9.00000   2.73052280627867e+01   1.54177173537355e+09
   9.00000   9.33361239103071e+01   0.00000000000000e+00
   9.00000   2.40252650142336e+02   1.19924521438889e+20
  10.00000   3.00128785496574e+01   5.45995436751220e+09
  10.00000   3.98559512025033e+01   1.59021574492192e+12
  10.00000   9.33361239103071e+01   4.89472708658114e+16
  10.00000   1.12764772097458e+02   1.08123596856700e+17
  10.00000   2.64076666687227e+02   0.00000000000000e+00
  10.00000   3.50683681466668e+02   4.07728363194821e+22
  10.00000   3.85458298205903e+02   1.77006579897647e+23
  10.00000   9.02680337518642e+02   4.86428813784583e+26
  10.00000   9.92192237941181e+02   1.09918403654518e+26
# orbitals: 1s2 2s2 2p6 3s2 3p6 3d10 4s2 4p6 4d10 4f14 5s2
CORE 62 27 Np
   0.00000   8.78018562680657e+00   0.00000000000000e+00
   0.00000   9.65084943641002e+00   6.01389356922374e+02
   0.00000   3.29890260123522e+01   1.10385038796447e+04
   0.00000   7.02852564472197e+01   5.07723680604345e+04
   0.00000   2.90263128616154e+02   1.06109358881882e+06
   0.00000   3.19046301556915e+02   3.04285294926422e+05
   0.00000   9.02680337518642e+02   1.51852662340562e+06
   0.00000   9.92192237941181e+02   0.00000000000000e+00
   0.00000   2.32355206360014e+03   1.34459354165876e+05
   0.00000   2.55396093847968e+03   2.24774239570443e+06
   0.00000   5.98095911460901e+03   0.00000000000000e+00
   0.00000   6.57404505483211e+03   3.27736331859335e+06
   0.00000   1.86000000000000e+04   9.24286589626640e+06
   4.00000   1.40868182208842e+01   1.26671068078514e+04
   9.00000   2.73052280627867e+01   1.66515679611616e+09
   9.00000   9.33361239103071e+01   0.00000000000000e+00
   9.00000   2.40252650142336e+02   6.54855155223517e+19
  10.00000   1.87067541249390e+01   4.30321086541328e+06
  10.00000   3.98559512025033e+01   1.42367734936429e+12
  10.00000   4.38081608463855e+01   4.93388036611166e+11
  10.00000   9.33361239103071e+01   5.08557894169082e+16
  10.00000   1.12764772097458e+02   1.27804570959876e+17
  10.00000   2.64076666687227e+02   2.77589348608821e+21
  10.00000   3.50683681466668e+02   3.79955050380247e+22
  10.00000   3.85458298205903e+02   1.68393134686537e+23
  10.00000   9.02680337518642e+02   6.52961226426342e+26
  10.00000   9.92192237941181e+02   0.00000000000000e+00
# orbitals: 1s2 2s2 2p6 3s2 3p6 3d10 4s2 4p6 4d10 4f14 5s2 5p6
CORE 68 27 Np
   0.00000   7.26741586380230e+00   2.72080735429813e+02
   0.00000   7.98806987396724e+00   9.63601842480729e+01
   0.00000   3.29890260123522e+01   1.26473876964322e+04
   0.00000   7.72549074020308e+01   5.65748605679124e+04
   0.00000   2.90263128616154e+02   9.20991620245735e+05
   0.00000   3.19046301556915e+02   4.49409345406681e+05
   0.00000   9.02680337518642e+02   1.44407544191652e+06
   0.00000   9.92192237941181e+02   5.88638298647865e+04
   0.00000   2.55396093847968e+03   2.47010931933604e+06
   0.00000   2.80721769805048e+03   0.00000000000000e+00
   0.00000   6.57404505483211e+03   0.00000000000000e+00
   0.00000   7.22594278857361e+03   3.75329781545873e+06
   0.00000   1.86000000000000e+04   7.96501871757624e+06
   9.00000   1.70191002122910e+01   3.61362767736388e+06
   9.00000   2.40252650142336e+02   1.16846136435472e+20
  10.00000   1.70191002122910e+01   1.92486633570597e+06
  10.00000   1.87067541249390e+01   0.00000000000000e+00
  10.00000   3.98559512025033e+01   1.51431286817818e+12
  10.00000   4.38081608463855e+01   7.83178433627228e+11
  10.00000   9.33361239103071e+01   5.14895733455246e+16
  10.00000   1.02591552971996e+02   3.63546184881005e+15
  10.00000   1.12764772097458e+02   1.36028053900914e+17
  10.00000   2.64076666687227e+02   0.00000000000000e+00
  10.00000   3.50683681466668e+02   5.00841920177263e+22
  10.00000   3.85458298205903e+02   1.51241511953068e+23
  10.00000   9.02680337518642e+02   2.64916298938890e+26
  10.00000   9.92192237941181e+02   8.38502097345261e+26
# orbitals: 1s2 2s2 2p6 3s2 3p6 3d10 4s2 4p6 4d10 4f14 5s2 5p6 5d10
CORE 78 30 Np
   0.00000   5.47260981382504e+00   5.42520681269857e+01
   0.00000   6.01528664453246e+00   6.94577287025049e+01
   0.00000   1.28159577750550e+01   3.37577522989037e+02
   0.00000   2.73052280627867e+01   1.55418316124629e+03
   0.00000   3.00128785496574e+01   8.54310388419327e+03
   0.00000   7.72549074020308e+01   6.05217629143739e+04
   0.00000   2.90263128616154e+02   9.07739568348762e+05
   0.00000   3.19046301556915e+02   4.60727562739045e+05
   0.00000   9.02680337518642e+02   1.48811580806262e+06
   0.00000   9.92192237941181e+02   0.00000000000000e+00
   0.00000   2.32355206360014e+03   5.90962071100737e+05
   0.00000   2.55396093847968e+03   1.74576252796335e+06
   0.00000   5.98095911460901e+03   0.00000000000000e+00
   0.00000   6.57404505483211e+03   3.44663629309903e+06
   0.00000   1.86000000000000e+04   8.88905427396296e+06
   9.00000   1.16597496408727e+01   2.73105729782578e+04
   9.00000   9.33361239103071e+01   3.84387073206970e+15
   9.00000   2.40252650142336e+02   1.22138014473969e+20
  10.00000   1.28159577750550e+01   2.07846926234958e+04
  10.00000   1.70191002122910e+01   1.44747033768331e+07
  10.00000   1.87067541249390e+01   6.69727126403757e+06
  10.00000   3.98559512025033e+01   1.66873697236709e+12
  10.00000   4.38081608463855e+01   1.42573048094179e+12
  10.00000   9.33361239103071e+01   3.01668487184479e+16
  10.00000   1.02591552971996e+02   0.00000000000000e+00
  10.00000   2.64076666687227e+02   0.00000000000000e+00
  10.00000   3.50683681466668e+02   4.66069631470684e+22
  10.00000   3.85458298205903e+02   1.71340950922076e+23
  10.00000   9.02680337518642e+02   2.86408339956587e+26
  10.00000   9.92192237941181e+02   6.65024293239310e+26
# orbitals: 1s2 2s2 2p6 3s2 3p6 3d10 4s2 4p6 4d10 4f14 5s2 5p6 5d10 6s2
CORE 80 30 Np
   0.00000   3.74927343487294e+00   1.44860421285267e+00
   0.00000   4.12106018640643e+00   5.64794002197259e+01
   0.00000   1.16597496408727e+01   3.69617220838640e+02
   0.00000   2.73052280627867e+01   2.92847158402001e+03
   0.00000   3.00128785496574e+01   6.95641641816885e+03
   0.00000   7.72549074020308e+01   6.08669851972582e+04
   0.00000   2.90263128616154e+02   9.10562104529225e+05
   0.00000   3.19046301556915e+02   4.57674783868146e+05
   0.00000   9.02680337518642e+02   1.49143251031443e+06
   0.00000   9.92192237941181e+02   0.00000000000000e+00
   0.00000   2.32355206360014e+03   5.34241446166942e+05
   0.00000   2.55396093847968e+03   1.81011461165772e+06
   0.00000   5.98095911460901e+03   0.00000000000000e+00
   0.00000   6.57404505483211e+03   3.42510537103449e+06
   0.00000   1.86000000000000e+04   8.94173392210673e+06
   9.00000   9.33361239103071e+01   3.87400246172211e+15
   9.00000   2.40252650142336e+02   1.23340941803914e+20
  10.00000   6.01528664453246e+00   1.11870417510750e-02
  10.00000   6.61177658317288e+00   0.00000000000000e+00
  10.00000   1.70191002122910e+01   8.96300776104637e+06
  10.00000   1.87067541249390e+01   1.24075618404465e+07
  10.00000   3.98559512025033e+01   1.63124586782967e+12
  10.00000   4.38081608463855e+01   1.64610803206213e+12
  10.00000   9.33361239103071e+01   2.98374635254969e+16
  10.00000   1.02591552971996e+02   0.00000000000000e+00
  10.00000   2.64076666687227e+02   0.00000000000000e+00
  10.00000   3.50683681466668e+02   4.51520649571261e+22
  10.00000   3.85458298205903e+02   1.78287568993938e+23
  10.00000   9.02680337518642e+02   3.14235435149389e+26
  10.00000   9.92192237941181e+02   5.53278332766369e+26
# orbitals: 1s2 2s2 2p6 3s2 3p6 3d10 4s2 4p6 4d10 4f14 5s2 5p6 5d10 5f4
CORE 82 34 Np
   0.00000   1.20560489911101e+00   2.90156406021199e-03
   0.00000   4.12106018640643e+00   3.80097411489702e+01
   0.00000   4.52971418462569e+00   2.05891290884020e+01
   0.00000   1.28159577750550e+01   4.64087275105008e+02
   0.00000   3.00128785496574e+01   1.01809236538079e+04
   0.00000   7.72549074020308e+01   6.10538958981721e+04
   0.00000   2.90263128616154e+02   8.72027936985769e+05
   0.00000   3.19046301556915e+02   5.00045762059920e+05
   0.00000   9.02680337518642e+02   1.45799524468912e+06
   0.00000   9.92192237941181e+02   0.00000000000000e+00
   0.00000   2.32355206360014e+03   1.94169275237156e+06
   0.00000   2.55396093847968e+03   1.25259430346667e+05
   0.00000   5.98095911460901e+03   3.29626569989940e+06
   0.00000   6.57404505483211e+03   0.00000000000000e+00
   0.00000   1.86000000000000e+04   9.75793149863193e+06
   4.00000   1.86000000000000e+04   1.25245446029798e+21
   9.00000   1.16597496408727e+01   0.00000000000000e+00
   9.00000   9.33361239103071e+01   0.00000000000000e+00
   9.00000   2.40252650142336e+02   1.03818966230559e+20
  10.00000   3.74927343487294e+00   4.61005720443764e-04
  10.00000   5.47260981382504e+00   0.00000000000000e+00
  10.00000   6.01528664453246e+00   1.39763034113711e+00
  10.00000   1.16597496408727e+01   1.34725627428956e+04
  10.00000   1.70191002122910e+01   1.53674253431673e+07
  10.00000   3.62602952410267e+01   6.76975632583324e+10
  10.00000   3.98559512025033e+01   1.32172335964561e+12
  10.00000   4.38081608463855e+01   2.23124501558812e+12
  10.00000   9.33361239103071e+01   4.98233836956765e+16
  10.00000   1.12764772097458e+02   1.43550975169810e+17
  10.00000   2.40252650142336e+02   3.13490739803633e+20
  10.00000   3.50683681466668e+02   6.96140319704004e+22
  10.00000   3.85458298205903e+02   1.17881291095451e+23
  10.00000   9.92192237941181e+02   1.45000199128512e+27
  10.00000   3.08558799217145e+03   1.25022001830358e+32
# orbitals: 1s2 2s2 2p6 3s2 3p6 3d10 4s2 4p6 4d10 4f14 5s2 5p6 5d10 5f4 6s2
CORE 84 32 Np
   0.00000   1.75975567455353e+00   1.57401266564995e-01
   0.00000   1.93425717653775e+00   1.38144416254398e-01
   0.00000   3.74927343487294e+00   4.94384275709275e+01
   0.00000   4.12106018640643e+00   0.00000000000000e+00
   0.00000   1.28159577750550e+01   5.70716238279829e+02
   0.00000   2.73052280627867e+01   0.00000000000000e+00
   0.00000   3.00128785496574e+01   9.98097772797949e+03
   0.00000   7.72549074020308e+01   6.03987239918649e+04
   0.00000   2.90263128616154e+02   9.11944177609307e+05
   0.00000   3.19046301556915e+02   4.56566085048621e+05
   0.00000   9.02680337518642e+02   1.49077702482150e+06
   0.00000   9.92192237941181e+02   0.00000000000000e+00
   0.00000   2.32355206360014e+03   5.55136054296715e+05
   0.00000   2.55396093847968e+03   1.78627348913510e+06
   0.00000   5.98095911460901e+03   0.00000000000000e+00
   0.00000   6.57404505483211e+03   3.43498062979740e+06
   0.00000   1.86000000000000e+04   8.91964947400903e+06
   9.00000   9.33361239103071e+01   3.93706160421884e+15
   9.00000   2.40252650142336e+02   1.22849330590440e+20
  10.00000   2.56861931832462e+00   1.25679684571727e-07
  10.00000   5.47260981382504e+00   5.24347658811402e-02
  10.00000   1.70191002122910e+01   9.38259544960226e+06
  10.00000   1.87067541249390e+01   9.97037855296822e+06
  10.00000   3.98559512025033e+01   1.66165917213440e+12
  10.00000   4.38081608463855e+01   1.59655144174066e+12
  10.00000   9.33361239103071e+01   2.94935127516480e+16
  10.00000   1.02591552971996e+02   0.00000000000000e+00
  10.00000   2.64076666687227e+02   0.00000000000000e+00
  10.00000   3.50683681466668e+02   4.53143023702916e+22
  10.00000   3.85458298205903e+02   1.76657605573438e+23
  10.00000   9.02680337518642e+02   3.15666146154171e+26
  10.00000   9.92192237941181e+02   5.69108682214444e+26
# orbitals: 1s2 2s2 2p6 3s2 3p6 3d10 4s2 4p6 4d10 4f14 5s2 5p6 5d10 6s2 6p6
CORE 86 31 Np
   0.00000   2.56861931832462e+00   9.15671403433660e-01
   0.00000   2.82332963723697e+00   1.13205441249048e+01
   0.00000   6.61177658317288e+00   1.06134098222681e+02
   0.00000   1.16597496408727e+01   1.81913685288337e+02
   0.00000   2.73052280627867e+01   8.79980404833160e+03
   0.00000   3.00128785496574e+01   0.00000000000000e+00
   0.00000   7.02852564472197e+01   5.59263743922519e+04
   0.00000   2.90263128616154e+02   7.41016539411640e+05
   0.00000   3.19046301556915e+02   6.98905667176443e+05
   0.00000   1.09058034845076e+03   2.00196973218055e+06
   0.00000   3.08558799217145e+03   0.00000000000000e+00
   0.00000   3.39156213785791e+03   2.59235865732253e+06
   0.00000   8.73007960482478e+03   4.16768779987031e+06
   0.00000   1.86000000000000e+04   5.64488070692819e+06
   8.00000   5.47260981382504e+00   0.00000000000000e+00
   9.00000   5.47260981382504e+00   1.11861869946553e+00
   9.00000   2.40252650142336e+02   6.58725639012700e+18
  10.00000   7.98806987396724e+00   2.43106296277502e+02
  10.00000   1.70191002122910e+01   5.27027634893845e+06
  10.00000   1.87067541249390e+01   3.59812135879459e+07
  10.00000   3.98559512025033e+01   1.63161148669375e+12
  10.00000   4.38081608463855e+01   1.81089275757732e+12
  10.00000   9.33361239103071e+01   3.47011728553217e+16
  10.00000   1.02591552971996e+02   7.88981386091177e+16
  10.00000   2.64076666687227e+02   6.44254408902524e+21
  10.00000   3.50683681466668e+02   3.39537527435944e+22
  10.00000   3.85458298205903e+02   1.88667394689462e+23
  10.00000   9.02680337518642e+02   1.15442825464223e+27
  10.00000   9.92192237941181e+02   0.00000000000000e+00
  10.00000   3.39156213785791e+03   3.23258581115879e+33
  10.00000   3.72787739780398e+03   0.00000000000000e+00
# orbitals: 1s2 2s2 2p6 3s2 3p6 3d10 4s2 4p6 4d10 4f14 5s2 5p6 5d10 6s2 6p6 7s2
CORE 88 34 Np
   0.00000   1.09683970064294e+00   1.38047545332739e-01
   0.00000   1.20560489911101e+00   8.35178315866504e-03
   0.00000   2.56861931832462e+00   4.38045172074753e+00
   0.00000   2.82332963723697e+00   6.08365843142487e+00
   0.00000   7.26741586380230e+00   1.77921248648790e+02
   0.00000   1.06078503124006e+01   0.00000000000000e+00
   0.00000   2.73052280627867e+01   9.79400735383590e+03
   0.00000   3.00128785496574e+01   0.00000000000000e+00
   0.00000   7.72549074020308e+01   6.06543573486578e+04
   0.00000   2.90263128616154e+02   9.48542789297784e+05
   0.00000   3.19046301556915e+02   4.14680040632359e+05
   0.00000   9.02680337518642e+02   1.51153143843249e+06
   0.00000   9.92192237941181e+02   0.00000000000000e+00
   0.00000   2.55396093847968e+03   2.35479647876686e+06
   0.00000   2.80721769805048e+03   1.28255856521614e+05
   0.00000   6.57404505483211e+03   0.00000000000000e+00
   0.00000   7.22594278857361e+03   3.74929174008402e+06
   0.00000   1.86000000000000e+04   7.90363717127248e+06
   8.00000   2.33688801883132e+00   3.11467971949290e-05
   9.00000   2.40252650142336e+02   6.57854710960379e+19
  10.00000   3.10329762905461e+00   2.35961187214767e-04
  10.00000   7.98806987396724e+00   1.20187592653649e+02
  10.00000   8.78018562680657e+00   3.06675005352941e+02
  10.00000   1.70191002122910e+01   6.23109282211600e+06
  10.00000   1.87067541249390e+01   3.40667640487676e+07
  10.00000   3.98559512025033e+01   1.58538786193486e+12
  10.00000   4.38081608463855e+01   1.98720967997512e+12
  10.00000   9.33361239103071e+01   3.54604445291154e+16
  10.00000   1.02591552971996e+02   7.23165654392538e+16
  10.00000   2.64076666687227e+02   3.52147690887451e+21
  10.00000   3.50683681466668e+02   3.75969205310277e+22
  10.00000   3.85458298205903e+02   2.14087446653816e+23
  10.00000   9.02680337518642e+02   4.85879702857907e+26
  10.00000   9.92192237941181e+02   0.00000000000000e+00
# orbitals: 1s2 2s2 2p6 3s2 3p6 3d10 4s2 4p6 4d10 4f14 5s2 5p6 5d10 5f4 6s2 6p6
CORE 90 32 Np
   0.00000   2.33688801883132e+00   4.82545194702732e-01
   0.00000   2.56861931832462e+00   1.29677779833625e+01
   0.00000   6.61177658317288e+00   8.40987302211100e+01
   0.00000   1.16597496408727e+01   2.46192665131291e+02
   0.00000   2.73052280627867e+01   8.69076901865829e+03
   0.00000   3.00128785496574e+01   0.00000000000000e+00
   0.00000   7.02852564472197e+01   5.56215933072181e+04
   0.00000   2.90263128616154e+02   8.62616931338265e+05
   0.00000   3.19046301556915e+02   5.47075657989657e+05
   0.00000   9.92192237941181e+02   1.71121515215380e+06
   0.00000   2.80721769805048e+03   2.36444093760887e+06
   0.00000   3.08558799217145e+03   0.00000000000000e+00
   0.00000   7.22594278857361e+03   3.55303444781664e+06
   0.00000   7.94248423128162e+03   0.00000000000000e+00
   0.00000   1.86000000000000e+04   8.04501638993161e+06
   9.00000   2.40252650142336e+02   1.26736284195224e+19
  10.00000   2.56861931832462e+00   3.21676176442327e-07
  10.00000   2.82332963723697e+00   0.00000000000000e+00
  10.00000   7.26741586380230e+00   4.87979168436279e+00
  10.00000   7.98806987396724e+00   1.80084392460466e+02
  10.00000   1.70191002122910e+01   6.03185365061235e+06
  10.00000   1.87067541249390e+01   3.33527221122603e+07
  10.00000   3.98559512025033e+01   1.64418061904019e+12
  10.00000   4.38081608463855e+01   1.82684976535288e+12
  10.00000   9.33361239103071e+01   3.44034920897123e+16
  10.00000   1.02591552971996e+02   7.91632168525906e+16
  10.00000   2.64076666687227e+02   6.11570774377295e+21
  10.00000   3.50683681466668e+02   3.42102413082384e+22
  10.00000   3.85458298205903e+02   1.93013147333842e+23
  10.00000   9.02680337518642e+02   9.33089238543584e+26
  10.00000   9.92192237941181e+02   0.00000000000000e+00
  10.00000   3.39156213785791e+03   1.46818723588217e+33
