# Free-atom, free-ion and frozen-core density fits -- Gd (Z = 64)
#
#   rho(r) = sum_i c_i r^n_i exp(-alpha_i r)      r in bohr, rho in e/bohr^3
#
# All-electron B86BPBE densities (scalar-relativistic, spin-restricted),
# fitted with rhofit.py (monotone decay imposed).  Two kinds of block:
#
#   STATE <N> <q> <nterm> <symbol>
#     the atom or ion with N electrons (charge q), in order of increasing N;
#   CORE <N_core> <nterm> <symbol>
#     the frozen core of the neutral atom with N_core electrons, for a
#     pseudopotential with Z - N_core valence electrons, in order of
#     increasing N_core, each preceded by a '# orbitals:' comment.
#
# Each block header is followed by nterm lines:   n   alpha   c
#
# Generated 2026-09-23 by combine_fits.py from
#   /home/alberto/doc/manuals/critic2/atomic_density_fits/15_rhofit/rho_b86bpbe_mono/fit_064_Gd.dat
#     recipe: --npow 0,1,2,3,4,5,6,7,8,9,10 --amin 0.2 --ratio 1.1 --mom 3 --cusp none --targetz 1e-3 --besteffort --monotone --stats
#   /home/alberto/doc/manuals/critic2/atomic_density_fits/15_rhofit/core_b86bpbe_mono/core_064_Gd.dat
#     recipe: --npow 0,1,2,3,4,5,6,7,8,9,10 --amin 0.2 --ratio 1.1 --mom 3 --cusp none --besteffort --monotone --stats --target 1e-3*N_core
#
STATE 61 +3 28 Gd
   0.00000   3.10674332447127e+00   6.15682382821089e+00
   0.00000   3.41494595679177e+00   1.91561229220269e+01
   0.00000   1.87411457779337e+01   0.00000000000000e+00
   0.00000   2.06003500501259e+01   2.82503126617926e+03
   0.00000   4.39038181337204e+01   1.19038338815617e+04
   0.00000   1.65044383247243e+02   1.43999496735472e+05
   0.00000   1.81417513581456e+02   1.40618751919286e+05
   0.00000   8.24014002005035e+02   1.59203278218823e+05
   0.00000   3.40495605518286e+03   1.70811994131412e+05
   0.00000   3.74274270491247e+03   0.00000000000000e+00
   0.00000   1.16447859077077e+04   0.00000000000000e+00
   0.00000   1.28000000000000e+04   2.46543222998503e+05
   6.00000   4.67158035625182e+02   3.58075101906165e+16
   9.00000   6.02357889599623e+00   2.15570313582078e+00
   9.00000   5.30468027734651e+01   6.42544646925920e+12
   9.00000   1.50148945951860e+02   2.17188777484021e+17
   9.00000   5.64443850973752e+02   2.72207389167947e+22
  10.00000   6.62114447443107e+00   2.15700421613124e+00
  10.00000   8.79363526402157e+00   9.91086378444296e+02
  10.00000   1.87411457779337e+01   1.18905360601373e+07
  10.00000   2.26439955814969e+01   4.26906970200895e+08
  10.00000   2.48903797579750e+01   1.25066984178093e+09
  10.00000   5.30468027734651e+01   1.11977310170808e+13
  10.00000   7.04522061576707e+01   3.32705216748874e+14
  10.00000   1.50148945951860e+02   2.53204787665062e+18
  10.00000   2.19197770756445e+02   2.47801975631736e+20
  10.00000   2.40943155839849e+02   0.00000000000000e+00
  10.00000   2.81808824630683e+03   8.44248286061537e+31
STATE 62 +2 31 Gd
   0.00000   1.93603438905066e+00   0.00000000000000e+00
   0.00000   2.57127454953733e+00   1.03274418570930e+01
   0.00000   4.53543783953640e+00   1.24691949441614e+01
   0.00000   1.87411457779337e+01   2.30572894401809e+03
   0.00000   4.39038181337204e+01   1.27817450676403e+04
   0.00000   4.82592704207341e+01   0.00000000000000e+00
   0.00000   1.65044383247243e+02   1.31629127428671e+05
   0.00000   1.81417513581456e+02   1.53778341147491e+05
   0.00000   8.24014002005035e+02   1.27336132114760e+05
   0.00000   9.05759823259876e+02   3.55217793042406e+04
   0.00000   4.11403927925972e+03   2.37311617964203e+05
   0.00000   4.52217011045851e+03   0.00000000000000e+00
   0.00000   1.28000000000000e+04   0.00000000000000e+00
   6.00000   4.67158035625182e+02   4.18761805225106e+16
   9.00000   5.30468027734651e+01   7.26192095923818e+12
   9.00000   1.50148945951860e+02   2.26277500071127e+17
   9.00000   5.64443850973752e+02   2.64865161431016e+22
  10.00000   3.41494595679177e+00   1.15169200064980e-04
  10.00000   3.75372364879650e+00   1.04718628347999e-04
  10.00000   8.00000000000000e+00   0.00000000000000e+00
  10.00000   8.79363526402157e+00   6.93654127541564e+02
  10.00000   1.87411457779337e+01   1.60939335608228e+07
  10.00000   2.26439955814969e+01   3.99277263177740e+08
  10.00000   2.48903797579750e+01   1.38402802700674e+09
  10.00000   5.30468027734651e+01   6.68697452004750e+12
  10.00000   7.04522061576707e+01   2.55180682021108e+14
  10.00000   1.50148945951860e+02   2.52291820860352e+18
  10.00000   2.19197770756445e+02   2.49020749486932e+20
  10.00000   9.05759823259876e+02   0.00000000000000e+00
  10.00000   2.81808824630683e+03   8.09763133910384e+31
  10.00000   3.09765502248105e+03   0.00000000000000e+00
STATE 63 +1 31 Gd
   0.00000   1.32617006933663e+00   2.12233051154214e-01
   0.00000   1.45773198597606e+00   1.07644001085569e-01
   0.00000   2.82635631903657e+00   3.33914609916313e+00
   0.00000   3.10674332447127e+00   1.43678713521386e+01
   0.00000   4.53543783953640e+00   0.00000000000000e+00
   0.00000   1.87411457779337e+01   2.53168695576261e+03
   0.00000   4.82592704207341e+01   1.42622329203341e+04
   0.00000   1.65044383247243e+02   1.02634224362324e+05
   0.00000   1.81417513581456e+02   1.83117056331594e+05
   0.00000   9.05759823259876e+02   1.77541918505350e+05
   0.00000   4.11403927925972e+03   0.00000000000000e+00
   0.00000   4.52217011045851e+03   1.98891070391831e+05
   6.00000   4.67158035625182e+02   5.02578749467584e+16
   9.00000   1.70497367382171e+01   0.00000000000000e+00
   9.00000   5.30468027734651e+01   7.09629139411280e+12
   9.00000   1.50148945951860e+02   2.11741065685804e+17
   9.00000   5.64443850973752e+02   2.11590603800042e+22
  10.00000   3.10674332447127e+00   4.01523633937246e-05
  10.00000   3.41494595679177e+00   4.14117398778720e-04
  10.00000   8.79363526402157e+00   7.32249427577517e+02
  10.00000   1.87411457779337e+01   1.61800058885109e+07
  10.00000   2.26439955814969e+01   3.83239759412797e+08
  10.00000   2.48903797579750e+01   1.46142740575100e+09
  10.00000   5.30468027734651e+01   6.96759814559011e+12
  10.00000   7.04522061576707e+01   2.34513571442212e+14
  10.00000   1.50148945951860e+02   3.12001951175299e+18
  10.00000   2.19197770756445e+02   2.78023048676235e+20
  10.00000   2.40943155839849e+02   0.00000000000000e+00
  10.00000   9.05759823259876e+02   0.00000000000000e+00
  10.00000   2.81808824630683e+03   1.18683270423234e+32
  10.00000   3.09765502248105e+03   7.10943960532138e+30
STATE 64 +0 31 Gd
   0.00000   1.09759545334301e+00   2.05145395346338e-01
   0.00000   3.10674332447127e+00   1.84647945720033e+01
   0.00000   3.41494595679177e+00   0.00000000000000e+00
   0.00000   1.87411457779337e+01   2.30383303835381e+03
   0.00000   4.39038181337204e+01   1.27210299645149e+04
   0.00000   1.65044383247243e+02   1.41655635502882e+05
   0.00000   1.81417513581456e+02   1.42370414113929e+05
   0.00000   8.24014002005035e+02   1.62622153851548e+05
   0.00000   3.40495605518286e+03   0.00000000000000e+00
   0.00000   3.74274270491247e+03   1.82863494905590e+05
   0.00000   1.28000000000000e+04   2.45637836714812e+05
   6.00000   4.67158035625182e+02   4.04678875885150e+16
   7.00000   2.33921419057029e+00   0.00000000000000e+00
   8.00000   2.57127454953733e+00   2.14280591570756e-04
   9.00000   1.87411457779337e+01   0.00000000000000e+00
   9.00000   5.30468027734651e+01   6.81277843068876e+12
   9.00000   1.50148945951860e+02   2.14704586217326e+17
   9.00000   5.64443850973752e+02   2.17046554629634e+22
  10.00000   3.10674332447127e+00   1.37375287097487e-04
  10.00000   3.41494595679177e+00   0.00000000000000e+00
  10.00000   8.79363526402157e+00   6.82720516965263e+02
  10.00000   9.66600264458046e+00   4.97409967082429e+02
  10.00000   1.87411457779337e+01   1.72341633886463e+07
  10.00000   2.26439955814969e+01   3.60194778454407e+08
  10.00000   2.48903797579750e+01   1.50924722034648e+09
  10.00000   5.30468027734651e+01   8.55837342606459e+12
  10.00000   7.04522061576707e+01   2.81903273992414e+14
  10.00000   1.50148945951860e+02   2.70429642148058e+18
  10.00000   2.19197770756445e+02   2.56245272871735e+20
  10.00000   2.56375267947425e+03   2.58556778632013e+31
  10.00000   2.81808824630683e+03   9.56045786980113e+30
STATE 65 -1 31 Gd
   0.00000   9.08417258882842e-01   1.24978054452310e-01
   0.00000   3.10674332447127e+00   1.80123591022993e+01
   0.00000   3.41494595679177e+00   0.00000000000000e+00
   0.00000   4.12610958118108e+00   4.97645299559260e+00
   0.00000   1.87411457779337e+01   2.77207543066468e+03
   0.00000   4.39038181337204e+01   0.00000000000000e+00
   0.00000   4.82592704207341e+01   1.26837450680873e+04
   0.00000   1.65044383247243e+02   1.75839678471585e+05
   0.00000   1.81417513581456e+02   1.04126370173729e+05
   0.00000   8.24014002005035e+02   1.68335171795989e+05
   0.00000   9.05759823259876e+02   0.00000000000000e+00
   0.00000   3.74274270491247e+03   1.88003018617758e+05
   0.00000   1.28000000000000e+04   1.66264826104773e+05
   6.00000   4.67158035625182e+02   0.00000000000000e+00
   9.00000   5.30468027734651e+01   8.36045752275607e+12
   9.00000   1.50148945951860e+02   4.78983920833095e+17
   9.00000   5.64443850973752e+02   3.68209613115755e+22
  10.00000   1.20648176051835e+00   4.02604936783740e-10
  10.00000   1.32617006933663e+00   2.27853623567455e-09
  10.00000   2.57127454953733e+00   5.50843017729574e-06
  10.00000   2.82635631903657e+00   3.22030617019176e-05
  10.00000   8.00000000000000e+00   1.46647760225678e+01
  10.00000   8.79363526402157e+00   7.83535377727812e+02
  10.00000   1.87411457779337e+01   1.17766091656725e+07
  10.00000   2.26439955814969e+01   4.63133159975434e+08
  10.00000   2.48903797579750e+01   1.17325780328195e+09
  10.00000   6.40938169868564e+01   4.46388784408498e+13
  10.00000   2.19197770756445e+02   6.99968319474408e+19
  10.00000   2.40943155839849e+02   4.66066181058958e+20
  10.00000   2.81808824630683e+03   1.27125227885715e+32
  10.00000   3.09765502248105e+03   0.00000000000000e+00
# orbitals: 1s2
CORE 2 8 Gd
   0.00000   1.24269732978851e+02   6.94751797720834e+04
   0.00000   1.36597838271671e+02   8.34020828951354e+04
   0.00000   1.81417513581456e+02   0.00000000000000e+00
   0.00000   1.99414930617625e+02   7.24312039232763e+04
   0.00000   2.91119647692693e+02   2.54199096336067e+04
   0.00000   3.20000000000000e+02   0.00000000000000e+00
   0.00000   5.64443850973752e+02   0.00000000000000e+00
   0.00000   6.20439169060365e+02   1.16754721275124e+05
# orbitals: 1s2 2s2
CORE 4 18 Gd
   0.00000   3.63366903553137e+01   1.02319395600018e+02
   0.00000   3.99414502107898e+01   1.06933661479102e+03
   0.00000   1.50148945951860e+02   2.08270373307765e+05
   0.00000   1.65044383247243e+02   5.32439701106226e+04
   0.00000   5.64443850973752e+02   1.33068541192536e+05
   0.00000   6.20439169060365e+02   0.00000000000000e+00
   0.00000   2.12187211093860e+03   1.53654523644803e+05
   0.00000   2.33237117756170e+03   0.00000000000000e+00
   0.00000   7.25670054325824e+03   0.00000000000000e+00
   0.00000   7.97659722470501e+03   1.93671206085638e+05
   4.00000   7.04522061576707e+01   1.24924635567419e+09
   6.00000   9.35685676228117e+01   0.00000000000000e+00
   8.00000   1.24269732978851e+02   4.17059686312502e+14
  10.00000   1.65044383247243e+02   8.14620796581632e+17
  10.00000   1.81417513581456e+02   3.08407359995936e+18
  10.00000   5.13502171993081e+02   6.14507829153348e+23
  10.00000   1.93037081682936e+03   6.41140469262257e+29
  10.00000   2.12187211093860e+03   0.00000000000000e+00
# orbitals: 1s2 2s2 2p6
CORE 10 15 Gd
   0.00000   3.99414502107898e+01   2.95843566144504e+03
   0.00000   4.39038181337204e+01   8.67782408667733e+03
   0.00000   1.65044383247243e+02   2.37047069089230e+05
   0.00000   1.81417513581456e+02   3.61408013983074e+04
   0.00000   8.24014002005035e+02   1.67318865905237e+05
   0.00000   3.74274270491247e+03   1.78540969691220e+05
   3.00000   6.40938169868564e+01   1.56713588434264e+08
   4.00000   7.04522061576707e+01   0.00000000000000e+00
   4.00000   7.74413755620263e+01   1.79093898745600e+09
   9.00000   1.50148945951860e+02   3.39717237675701e+16
   9.00000   5.64443850973752e+02   4.22630173064579e+22
  10.00000   1.81417513581456e+02   8.63623630706434e+18
  10.00000   5.64443850973752e+02   1.53556517407105e+24
  10.00000   2.81808824630683e+03   1.16699797246039e+32
  10.00000   3.09765502248105e+03   0.00000000000000e+00
# orbitals: 1s2 2s2 2p6 3s2
CORE 12 18 Gd
   0.00000   3.63366903553137e+01   1.20249465393024e+04
   0.00000   1.65044383247243e+02   1.30903689216089e+05
   0.00000   1.81417513581456e+02   1.59459638337237e+05
   0.00000   9.05759823259876e+02   1.68526422176783e+05
   0.00000   4.11403927925972e+03   2.01684997854111e+05
   5.00000   4.24996508587542e+02   0.00000000000000e+00
   6.00000   4.67158035625182e+02   8.37149925629536e+16
   7.00000   1.13054252761463e+02   0.00000000000000e+00
   8.00000   1.24269732978851e+02   2.52275278046030e+15
   9.00000   3.63366903553137e+01   0.00000000000000e+00
  10.00000   3.99414502107898e+01   3.88471863231198e+10
  10.00000   5.30468027734651e+01   5.63994692857599e+12
  10.00000   5.83092794390424e+01   1.95762877084050e+12
  10.00000   1.36597838271671e+02   7.03294515574020e+17
  10.00000   1.99414930617625e+02   8.78836229445836e+19
  10.00000   5.64443850973752e+02   1.68164510841650e+24
  10.00000   3.09765502248105e+03   2.87523163154804e+32
  10.00000   3.40495605518286e+03   0.00000000000000e+00
# orbitals: 1s2 2s2 2p6 3s2 3p6
CORE 18 19 Gd
   0.00000   1.55109792265091e+01   1.15787074507760e+02
   0.00000   1.70497367382171e+01   2.02920944223716e+01
   0.00000   3.99414502107898e+01   1.48969345097636e+04
   0.00000   1.65044383247243e+02   1.02755368076472e+05
   0.00000   1.81417513581456e+02   1.86174379398596e+05
   0.00000   1.09438460587309e+03   2.07019596558975e+05
   0.00000   6.00595783807441e+03   2.32350889560922e+05
   0.00000   6.60177532988973e+03   0.00000000000000e+00
   5.00000   4.24996508587542e+02   1.91853983179703e+14
   7.00000   3.63366903553137e+01   3.29309872801750e+09
   7.00000   1.24269732978851e+02   2.51812648002409e+14
   8.00000   3.63366903553137e+01   9.37123437264945e+08
   9.00000   1.36597838271671e+02   7.86465822383287e+16
   9.00000   5.64443850973752e+02   6.69883833617556e+22
  10.00000   5.30468027734651e+01   9.00178363084832e+11
  10.00000   5.83092794390424e+01   4.40087895570504e+13
  10.00000   2.19197770756445e+02   1.83861813563340e+20
  10.00000   3.74274270491247e+03   6.47601783730811e+33
  10.00000   4.11403927925972e+03   0.00000000000000e+00
# orbitals: 1s2 2s2 2p6 3s2 3p6 3d10
CORE 28 20 Gd
   0.00000   1.70497367382171e+01   1.45222842850424e+03
   0.00000   1.87411457779337e+01   5.92453755267138e+02
   0.00000   4.39038181337204e+01   1.26576150379550e+04
   0.00000   1.65044383247243e+02   1.36621715355848e+05
   0.00000   1.81417513581456e+02   1.48044051804270e+05
   0.00000   9.05759823259876e+02   1.76482001296019e+05
   0.00000   9.95615190318998e+02   0.00000000000000e+00
   0.00000   4.97078931915404e+03   2.65926928214621e+05
   6.00000   4.67158035625182e+02   2.94923319874713e+16
   7.00000   3.63366903553137e+01   5.74129459130537e+09
   8.00000   1.36597838271671e+02   7.96805587249766e+15
   9.00000   5.64443850973752e+02   4.14165287312331e+22
  10.00000   3.99414502107898e+01   0.00000000000000e+00
  10.00000   5.83092794390424e+01   4.96824883416954e+13
  10.00000   6.40938169868564e+01   6.01441571165899e+13
  10.00000   1.50148945951860e+02   1.80758524663652e+18
  10.00000   2.19197770756445e+02   1.96777462815341e+20
  10.00000   9.95615190318998e+02   0.00000000000000e+00
  10.00000   3.09765502248105e+03   3.83942757354239e+32
  10.00000   3.40495605518286e+03   0.00000000000000e+00
# orbitals: 1s2 2s2 2p6 3s2 3p6 3d10 4s2
CORE 30 21 Gd
   0.00000   6.62114447443107e+00   0.00000000000000e+00
   0.00000   7.27799119231733e+00   8.32329281205955e+00
   0.00000   1.28375542998270e+01   1.54454796051022e+02
   0.00000   1.41110962743438e+01   1.12814033255472e+03
   0.00000   4.39038181337204e+01   1.38301482298594e+04
   0.00000   1.65044383247243e+02   1.46739246555264e+05
   0.00000   1.81417513581456e+02   1.37696430256894e+05
   0.00000   9.05759823259876e+02   1.79866782101585e+05
   0.00000   4.52217011045851e+03   2.18735780931228e+05
   6.00000   4.67158035625182e+02   0.00000000000000e+00
   7.00000   5.13502171993081e+02   2.78729076082685e+18
   8.00000   1.36597838271671e+02   5.96547373192531e+15
   9.00000   4.82592704207341e+01   1.82323836976928e+12
  10.00000   2.06003500501259e+01   6.54100887763934e+06
  10.00000   2.26439955814969e+01   6.50844450535514e+07
  10.00000   5.83092794390424e+01   1.62101833439491e+12
  10.00000   6.40938169868564e+01   1.23644395224128e+14
  10.00000   1.50148945951860e+02   3.29258297594561e+18
  10.00000   2.19197770756445e+02   2.56651265686590e+20
  10.00000   6.20439169060365e+02   4.69769856155512e+24
  10.00000   3.09765502248105e+03   4.52057141145252e+32
# orbitals: 1s2 2s2 2p6 3s2 3p6 3d10 4s2 4p6
CORE 36 26 Gd
   0.00000   8.00000000000000e+00   4.83720431058806e+00
   0.00000   1.55109792265091e+01   1.65359096642581e+03
   0.00000   4.82592704207341e+01   1.59682883153110e+04
   0.00000   1.65044383247243e+02   9.69486987601101e+04
   0.00000   1.81417513581456e+02   1.87515036803445e+05
   0.00000   8.24014002005035e+02   1.24641385451177e+05
   0.00000   9.05759823259876e+02   3.33435943134448e+04
   0.00000   3.74274270491247e+03   2.02064666727401e+05
   0.00000   4.11403927925972e+03   0.00000000000000e+00
   0.00000   1.28000000000000e+04   1.18176091633671e+05
   6.00000   4.67158035625182e+02   0.00000000000000e+00
   7.00000   5.13502171993081e+02   8.02596969262328e+18
   8.00000   1.36597838271671e+02   7.57591591944010e+15
   9.00000   1.70497367382171e+01   4.09960169854622e+05
   9.00000   4.82592704207341e+01   9.61366297485066e+11
   9.00000   1.50148945951860e+02   0.00000000000000e+00
  10.00000   1.70497367382171e+01   2.08522740582764e+06
  10.00000   2.26439955814969e+01   2.62731000054438e+08
  10.00000   2.48903797579750e+01   5.89035831564482e+08
  10.00000   5.30468027734651e+01   1.22280538097814e+13
  10.00000   6.40938169868564e+01   1.71806261334005e+14
  10.00000   1.50148945951860e+02   2.86363044272422e+18
  10.00000   2.19197770756445e+02   2.67656352297213e+20
  10.00000   6.20439169060365e+02   3.73861931684447e+23
  10.00000   2.81808824630683e+03   6.09506452883730e+31
  10.00000   3.09765502248105e+03   0.00000000000000e+00
# orbitals: 1s2 2s2 2p6 3s2 3p6 3d10 4s2 4p6 4d10
CORE 46 25 Gd
   0.00000   6.02357889599623e+00   3.29678270166467e+01
   0.00000   1.87411457779337e+01   2.27711445286742e+03
   0.00000   4.39038181337204e+01   1.26234238928889e+04
   0.00000   1.65044383247243e+02   1.46906441611351e+05
   0.00000   1.81417513581456e+02   1.36752817698779e+05
   0.00000   8.24014002005035e+02   1.60781857023294e+05
   0.00000   9.05759823259876e+02   0.00000000000000e+00
   0.00000   3.74274270491247e+03   2.07190738500747e+05
   0.00000   1.28000000000000e+04   8.33850632104714e+04
   6.00000   1.16789508906296e+01   1.03188848753433e+04
   6.00000   4.67158035625182e+02   3.22347085684853e+16
   7.00000   1.41110962743438e+01   0.00000000000000e+00
   9.00000   1.55109792265091e+01   0.00000000000000e+00
   9.00000   5.30468027734651e+01   5.76262893103322e+12
   9.00000   1.50148945951860e+02   1.96778767410642e+17
   9.00000   5.64443850973752e+02   2.63899126215705e+22
  10.00000   1.70497367382171e+01   6.03096406119772e+06
  10.00000   2.26439955814969e+01   5.27483336281026e+08
  10.00000   2.48903797579750e+01   7.57432147048760e+08
  10.00000   5.30468027734651e+01   1.20587795395432e+13
  10.00000   7.04522061576707e+01   3.05922289957267e+14
  10.00000   1.50148945951860e+02   2.93986974179488e+18
  10.00000   2.19197770756445e+02   2.59940811325779e+20
  10.00000   2.81808824630683e+03   8.86412223053578e+31
  10.00000   3.09765502248105e+03   0.00000000000000e+00
# orbitals: 1s2 2s2 2p6 3s2 3p6 3d10 4s2 4p6 4d10 5s2
CORE 48 27 Gd
   0.00000   3.75372364879650e+00   6.08529879702323e+00
   0.00000   4.12610958118108e+00   1.35041753446034e+01
   0.00000   1.87411457779337e+01   0.00000000000000e+00
   0.00000   2.06003500501259e+01   2.84806933640397e+03
   0.00000   4.39038181337204e+01   1.16581940081597e+04
   0.00000   1.65044383247243e+02   1.62909853471816e+05
   0.00000   1.81417513581456e+02   1.19597135957182e+05
   0.00000   8.24014002005035e+02   1.67701784101799e+05
   0.00000   3.40495605518286e+03   0.00000000000000e+00
   0.00000   3.74274270491247e+03   1.61800607339247e+05
   0.00000   1.28000000000000e+04   3.57348406045877e+05
   6.00000   4.67158035625182e+02   2.92377884038206e+16
   9.00000   1.70497367382171e+01   3.16259719324774e+06
   9.00000   5.30468027734651e+01   5.08967245554292e+12
   9.00000   1.50148945951860e+02   1.91419331823717e+17
   9.00000   5.64443850973752e+02   2.25532935818704e+22
  10.00000   3.75372364879650e+00   1.99041950525471e-06
  10.00000   8.79363526402157e+00   1.28821315072302e+02
  10.00000   1.70497367382171e+01   1.29411991881784e+06
  10.00000   2.26439955814969e+01   3.82227642040896e+08
  10.00000   2.48903797579750e+01   1.04261111314131e+09
  10.00000   5.30468027734651e+01   1.65136086338668e+13
  10.00000   7.04522061576707e+01   3.87474999124695e+14
  10.00000   1.50148945951860e+02   2.91155775993708e+18
  10.00000   2.19197770756445e+02   2.59687639282160e+20
  10.00000   2.56375267947425e+03   3.62368929012858e+31
  10.00000   2.81808824630683e+03   1.22291923504673e+30
# orbitals: 1s2 2s2 2p6 3s2 3p6 3d10 4s2 4p6 4d10 4f7
CORE 53 29 Gd
   0.00000   2.12809753448929e+00   1.55345876833610e-02
   0.00000   2.33921419057029e+00   4.70163718733420e-01
   0.00000   4.12610958118108e+00   1.31846764159814e+01
   0.00000   4.53543783953640e+00   1.58915937845118e+01
   0.00000   1.87411457779337e+01   2.25110199710610e+03
   0.00000   4.39038181337204e+01   1.26421708269745e+04
   0.00000   1.65044383247243e+02   1.51140101571301e+05
   0.00000   1.81417513581456e+02   1.32054014024377e+05
   0.00000   8.24014002005035e+02   1.62472755667436e+05
   0.00000   9.05759823259876e+02   0.00000000000000e+00
   0.00000   4.11403927925972e+03   2.48205740211064e+05
   0.00000   1.28000000000000e+04   0.00000000000000e+00
   6.00000   4.67158035625182e+02   2.88949243882078e+16
   9.00000   1.55109792265091e+01   0.00000000000000e+00
   9.00000   5.30468027734651e+01   5.30164595498106e+12
   9.00000   1.50148945951860e+02   1.84878703086413e+17
   9.00000   5.64443850973752e+02   2.62219176327934e+22
  10.00000   7.27799119231733e+00   0.00000000000000e+00
  10.00000   1.70497367382171e+01   8.43645348521398e+06
  10.00000   2.26439955814969e+01   5.08637402534123e+08
  10.00000   2.48903797579750e+01   9.97635789625559e+08
  10.00000   5.30468027734651e+01   1.36307834576029e+13
  10.00000   7.04522061576707e+01   3.29296669798266e+14
  10.00000   1.50148945951860e+02   3.13373399387947e+18
  10.00000   2.19197770756445e+02   2.66247394703095e+20
  10.00000   2.40943155839849e+02   0.00000000000000e+00
  10.00000   9.05759823259876e+02   0.00000000000000e+00
  10.00000   2.81808824630683e+03   9.19611581723324e+31
  10.00000   3.09765502248105e+03   0.00000000000000e+00
# orbitals: 1s2 2s2 2p6 3s2 3p6 3d10 4s2 4p6 4d10 5s2 5p6
CORE 54 30 Gd
   0.00000   2.82635631903657e+00   3.39881402808041e+00
   0.00000   3.10674332447127e+00   6.74382784598654e+00
   0.00000   1.87411457779337e+01   0.00000000000000e+00
   0.00000   2.06003500501259e+01   2.86140537247636e+03
   0.00000   4.39038181337204e+01   1.17056742800425e+04
   0.00000   1.65044383247243e+02   1.66389848782370e+05
   0.00000   1.81417513581456e+02   1.15779737793891e+05
   0.00000   8.24014002005035e+02   1.67968218800156e+05
   0.00000   3.40495605518286e+03   0.00000000000000e+00
   0.00000   3.74274270491247e+03   1.63962294019906e+05
   0.00000   1.28000000000000e+04   3.40612023296335e+05
   7.00000   5.13502171993081e+02   3.81538015754340e+18
   8.00000   1.28000000000000e+04   0.00000000000000e+00
   9.00000   6.02357889599623e+00   4.02034282119992e+00
   9.00000   1.87411457779337e+01   1.70790520462647e+07
   9.00000   5.30468027734651e+01   4.91625758803702e+12
   9.00000   1.50148945951860e+02   1.87721282595934e+17
   9.00000   5.64443850973752e+02   1.69384729835868e+22
   9.00000   2.56375267947425e+03   1.90550448833565e+28
  10.00000   6.02357889599623e+00   0.00000000000000e+00
  10.00000   8.79363526402157e+00   7.41913527787130e+02
  10.00000   9.66600264458046e+00   9.33974714086571e+02
  10.00000   2.26439955814969e+01   1.54511633083087e+08
  10.00000   2.48903797579750e+01   1.58923835639806e+09
  10.00000   5.30468027734651e+01   1.78482117698630e+13
  10.00000   7.04522061576707e+01   4.20299450934902e+14
  10.00000   1.50148945951860e+02   2.96945037513262e+18
  10.00000   2.19197770756445e+02   2.63653082531711e+20
  10.00000   2.56375267947425e+03   3.23952555584252e+31
  10.00000   2.81808824630683e+03   0.00000000000000e+00
# orbitals: 1s2 2s2 2p6 3s2 3p6 3d10 4s2 4p6 4d10 4f7 5s2
CORE 55 31 Gd
   0.00000   2.33921419057029e+00   0.00000000000000e+00
   0.00000   3.41494595679177e+00   1.04773889013280e+01
   0.00000   3.75372364879650e+00   1.48511528333764e+01
   0.00000   1.87411457779337e+01   2.28992731797023e+03
   0.00000   4.39038181337204e+01   1.26644310672137e+04
   0.00000   1.65044383247243e+02   1.40355824296694e+05
   0.00000   1.81417513581456e+02   1.44239858977732e+05
   0.00000   8.24014002005035e+02   1.59434450139677e+05
   0.00000   9.05759823259876e+02   0.00000000000000e+00
   0.00000   3.74274270491247e+03   2.11026557724156e+05
   0.00000   4.11403927925972e+03   0.00000000000000e+00
   0.00000   1.28000000000000e+04   6.88895006324493e+04
   6.00000   4.67158035625182e+02   3.71212266305886e+16
   9.00000   1.70497367382171e+01   2.95851362707959e+06
   9.00000   5.30468027734651e+01   6.51635549816358e+12
   9.00000   1.50148945951860e+02   2.10808154128877e+17
   9.00000   5.64443850973752e+02   2.61349946769835e+22
  10.00000   4.12610958118108e+00   4.27225461985741e-04
  10.00000   4.53543783953640e+00   0.00000000000000e+00
  10.00000   8.00000000000000e+00   0.00000000000000e+00
  10.00000   1.70497367382171e+01   2.49708768029522e+06
  10.00000   2.26439955814969e+01   4.34219240125509e+08
  10.00000   2.48903797579750e+01   1.08305329233778e+09
  10.00000   5.30468027734651e+01   9.18643298492358e+12
  10.00000   7.04522061576707e+01   2.74001467618282e+14
  10.00000   1.50148945951860e+02   2.76140243559847e+18
  10.00000   2.19197770756445e+02   2.55362535559958e+20
  10.00000   2.40943155839849e+02   0.00000000000000e+00
  10.00000   9.05759823259876e+02   0.00000000000000e+00
  10.00000   2.81808824630683e+03   8.02242378223743e+31
  10.00000   3.09765502248105e+03   0.00000000000000e+00
# orbitals: 1s2 2s2 2p6 3s2 3p6 3d10 4s2 4p6 4d10 4f7 5s2 5p6
CORE 61 30 Gd
   0.00000   2.82635631903657e+00   9.37066392928030e+00
   0.00000   3.10674332447127e+00   7.73467294728919e+00
   0.00000   1.70497367382171e+01   0.00000000000000e+00
   0.00000   1.87411457779337e+01   2.52585815298453e+03
   0.00000   4.82592704207341e+01   1.42557049565854e+04
   0.00000   1.65044383247243e+02   1.04898776282177e+05
   0.00000   1.81417513581456e+02   1.80599951907314e+05
   0.00000   9.05759823259876e+02   1.78552841423522e+05
   0.00000   4.11403927925972e+03   0.00000000000000e+00
   0.00000   4.52217011045851e+03   1.68540335966945e+05
   0.00000   1.28000000000000e+04   3.16393188497875e+05
   6.00000   4.67158035625182e+02   4.86062659795082e+16
   9.00000   6.02357889599623e+00   1.10888816372240e+00
   9.00000   1.87411457779337e+01   0.00000000000000e+00
   9.00000   5.30468027734651e+01   6.82745078035245e+12
   9.00000   1.50148945951860e+02   2.06310620320558e+17
   9.00000   5.64443850973752e+02   2.10704114199562e+22
  10.00000   8.00000000000000e+00   0.00000000000000e+00
  10.00000   8.79363526402157e+00   7.20536196750437e+02
  10.00000   1.87411457779337e+01   1.74931081228858e+07
  10.00000   2.26439955814969e+01   3.62968213014986e+08
  10.00000   2.48903797579750e+01   1.51141184342939e+09
  10.00000   5.30468027734651e+01   8.05291594280353e+12
  10.00000   7.04522061576707e+01   2.48448840506288e+14
  10.00000   1.50148945951860e+02   3.20308328432702e+18
  10.00000   2.19197770756445e+02   2.80650174682589e+20
  10.00000   9.05759823259876e+02   0.00000000000000e+00
  10.00000   9.95615190318998e+02   0.00000000000000e+00
  10.00000   2.81808824630683e+03   1.23096135082033e+32
  10.00000   3.09765502248105e+03   0.00000000000000e+00
