# Free-atom, free-ion and frozen-core density fits -- Nh (Z = 113)
#
#   rho(r) = sum_i c_i r^n_i exp(-alpha_i r)      r in bohr, rho in e/bohr^3
#
# All-electron B86BPBE densities (scalar-relativistic, spin-restricted),
# fitted with rhofit.py (monotone decay imposed).  Two kinds of block:
#
#   STATE <N> <q> <nterm> <symbol>
#     the atom or ion with N electrons (charge q), in order of increasing N;
#   CORE <N_core> <nterm> <symbol>
#     the frozen core of the neutral atom with N_core electrons, for a
#     pseudopotential with Z - N_core valence electrons, in order of
#     increasing N_core, each preceded by a '# orbitals:' comment.
#
# Each block header is followed by nterm lines:   n   alpha   c
#
# Generated 2026-09-23 by combine_fits.py from
#   /home/alberto/doc/manuals/critic2/atomic_density_fits/15_rhofit/rho_b86bpbe_mono/fit_113_Nh.dat
#     recipe: --npow 0,1,2,3,4,5,6,7,8,9,10 --amin 0.2 --ratio 1.1 --mom 3 --cusp none --targetz 1e-3 --besteffort --monotone --stats
#   /home/alberto/doc/manuals/critic2/atomic_density_fits/15_rhofit/core_b86bpbe_mono/core_113_Nh.dat
#     recipe: --npow 0,1,2,3,4,5,6,7,8,9,10 --amin 0.2 --ratio 1.1 --mom 3 --cusp none --besteffort --monotone --stats --target 1e-3*N_core
#
STATE 112 +1 34 Nh
   0.00000   2.33970120294668e+00   7.48291338396136e+00
   0.00000   2.57183046738113e+00   5.16994406827373e+00
   0.00000   3.75465546303835e+00   3.01224677684481e+01
   0.00000   3.00865741915327e+01   9.93421590713262e+03
   0.00000   3.30715597647493e+01   7.49986617726512e+03
   0.00000   1.02905346880738e+02   1.60212940696801e+05
   0.00000   4.25272225033992e+02   2.79800910211727e+06
   0.00000   4.67464847176177e+02   1.07077225155332e+06
   0.00000   1.09518227181139e+03   6.36431027895647e+06
   0.00000   1.20383881943253e+03   4.92377257193010e+05
   0.00000   2.56580621138751e+03   1.33693317165118e+07
   0.00000   2.82036807927929e+03   0.00000000000000e+00
   0.00000   5.46864032636693e+03   2.17816815015830e+07
   0.00000   6.01120168198679e+03   0.00000000000000e+00
   0.00000   2.26000000000000e+04   2.11236532469822e+08
   3.00000   2.26000000000000e+04   3.38950263743223e+18
   4.00000   2.26000000000000e+04   1.43214334113807e+23
   7.00000   2.91299182052863e+02   6.05584802860082e+17
   9.00000   1.13114916567548e+02   5.13344865745852e+16
   9.00000   3.20199908682028e+02   2.60342593664151e+21
  10.00000   5.48148014611516e+00   2.05022664043755e-01
  10.00000   6.02531538145516e+00   0.00000000000000e+00
  10.00000   1.55166930718664e+01   6.28561454540169e+05
  10.00000   1.70561539845211e+01   2.09857986403861e+06
  10.00000   2.49005455641937e+01   3.86328247668190e+09
  10.00000   2.73710085953506e+01   7.27097141049523e+08
  10.00000   5.30718676322984e+01   5.77988363557266e+13
  10.00000   5.83372979274716e+01   1.79089599139290e+14
  10.00000   1.24337410425448e+02   0.00000000000000e+00
  10.00000   1.36673323911920e+02   2.74361774720662e+18
  10.00000   3.51967969142368e+02   0.00000000000000e+00
  10.00000   5.13843534757014e+02   1.04142917617615e+25
  10.00000   1.20383881943253e+03   6.85971194648231e+27
  10.00000   1.32327553182153e+03   0.00000000000000e+00
STATE 113 +0 33 Nh
   0.00000   9.08533640565725e-01   3.98282791413364e-02
   0.00000   2.12852355102723e+00   5.61615795541555e+00
   0.00000   3.41576632477901e+00   2.87033322486262e+01
   0.00000   3.75465546303835e+00   8.02525109024857e+00
   0.00000   3.00865741915327e+01   9.98700109114800e+03
   0.00000   3.30715597647493e+01   8.11558501536449e+03
   0.00000   1.02905346880738e+02   1.60097242561243e+05
   0.00000   4.25272225033992e+02   1.81374308257322e+06
   0.00000   4.67464847176177e+02   2.36967609354100e+06
   0.00000   1.20383881943253e+03   7.72972263971202e+06
   0.00000   2.56580621138751e+03   8.45170653282290e+05
   0.00000   2.82036807927929e+03   1.26971735511485e+07
   0.00000   5.46864032636693e+03   1.95557023629617e+07
   0.00000   6.01120168198679e+03   0.00000000000000e+00
   0.00000   2.26000000000000e+04   2.12848852578118e+08
   3.00000   2.26000000000000e+04   5.35174328516569e+18
   4.00000   2.26000000000000e+04   1.42377376722602e+23
   7.00000   2.91299182052863e+02   1.49183822629306e+17
   9.00000   1.13114916567548e+02   3.51423908797026e+16
  10.00000   2.33970120294668e+00   0.00000000000000e+00
  10.00000   2.57183046738113e+00   1.40060124607336e-06
  10.00000   1.55166930718664e+01   7.97737503747995e+05
  10.00000   1.70561539845211e+01   1.50684300509217e+06
  10.00000   2.49005455641937e+01   3.88506355092594e+09
  10.00000   2.73710085953506e+01   6.61410353476438e+08
  10.00000   5.30718676322984e+01   5.79819490040399e+13
  10.00000   5.83372979274716e+01   1.78016208229349e+14
  10.00000   1.24337410425448e+02   5.44893840591232e+17
  10.00000   1.36673323911920e+02   2.36663281935234e+18
  10.00000   3.51967969142368e+02   2.89275244899013e+23
  10.00000   5.13843534757014e+02   1.35416707649887e+25
  10.00000   1.20383881943253e+03   3.50137093000492e+28
  10.00000   1.32327553182153e+03   0.00000000000000e+00
STATE 114 -1 36 Nh
   0.00000   8.26530861466045e-01   0.00000000000000e+00
   0.00000   9.08533640565725e-01   7.51046546169134e-02
   0.00000   1.93640645291442e+00   2.01854766609985e+00
   0.00000   2.12852355102723e+00   1.98551531633933e+00
   0.00000   3.41576632477901e+00   3.85327064610660e+01
   0.00000   3.75465546303835e+00   0.00000000000000e+00
   0.00000   3.00865741915327e+01   9.77418630380201e+03
   0.00000   3.30715597647493e+01   7.66526996746101e+03
   0.00000   1.02905346880738e+02   1.62082555963988e+05
   0.00000   4.25272225033992e+02   1.86589469686537e+06
   0.00000   4.67464847176177e+02   2.29913805136323e+06
   0.00000   1.20383881943253e+03   7.80483723824898e+06
   0.00000   2.56580621138751e+03   0.00000000000000e+00
   0.00000   2.82036807927929e+03   1.35342272141063e+07
   0.00000   5.46864032636693e+03   1.96859229089828e+07
   0.00000   6.01120168198679e+03   0.00000000000000e+00
   0.00000   2.26000000000000e+04   2.12120778839675e+08
   3.00000   2.26000000000000e+04   5.98179848906930e+18
   4.00000   2.26000000000000e+04   1.36206158601584e+23
   7.00000   2.91299182052863e+02   6.27208942464126e+17
   9.00000   1.13114916567548e+02   5.14726880753134e+16
   9.00000   3.20199908682028e+02   2.53152016703684e+21
  10.00000   2.33970120294668e+00   5.55006801696150e-07
  10.00000   2.57183046738113e+00   2.23005416524873e-06
  10.00000   1.55166930718664e+01   8.17598383149858e+05
  10.00000   1.70561539845211e+01   1.29473655593107e+06
  10.00000   2.49005455641937e+01   3.87499555795923e+09
  10.00000   2.73710085953506e+01   6.46748025514459e+08
  10.00000   5.30718676322984e+01   5.75117601687132e+13
  10.00000   5.83372979274716e+01   1.79937072055343e+14
  10.00000   1.24337410425448e+02   0.00000000000000e+00
  10.00000   1.36673323911920e+02   2.74329562004394e+18
  10.00000   3.51967969142368e+02   0.00000000000000e+00
  10.00000   5.13843534757014e+02   9.90804600748401e+24
  10.00000   1.20383881943253e+03   2.80035177363131e+28
  10.00000   1.32327553182153e+03   0.00000000000000e+00
# orbitals: 1s2
CORE 2 13 Nh
   0.00000   1.02905346880738e+02   0.00000000000000e+00
   0.00000   1.13114916567548e+02   2.29417197360150e+02
   0.00000   2.41087885557972e+02   2.15874541667595e+05
   0.00000   2.65006988334065e+02   6.31633437045707e+05
   0.00000   4.25272225033992e+02   1.08859856560850e+06
   0.00000   4.67464847176177e+02   9.44773939930455e+05
   0.00000   9.06405491257671e+02   3.89698640358699e+06
   0.00000   9.96332888696288e+02   0.00000000000000e+00
   0.00000   1.45456194371848e+03   0.00000000000000e+00
   0.00000   1.59887370183720e+03   2.96244895918388e+06
   0.00000   2.56580621138751e+03   1.02584966593215e+07
   0.00000   7.26315272567475e+03   0.00000000000000e+00
   0.00000   7.98375341501177e+03   5.46621774440225e+07
# orbitals: 1s2 2s2
CORE 4 15 Nh
   0.00000   9.36172764652244e+01   4.54353955903358e+04
   0.00000   3.51967969142368e+02   6.95002251387722e+05
   0.00000   3.86887840824534e+02   2.33830089823569e+06
   0.00000   9.06405491257671e+02   3.54675439969536e+06
   0.00000   9.96332888696288e+02   2.32329773268961e+06
   0.00000   2.33422068656975e+03   1.26202768792604e+07
   0.00000   2.56580621138751e+03   1.24180503986777e+06
   0.00000   6.60759229077453e+03   3.80642593714534e+07
   0.00000   7.26315272567475e+03   0.00000000000000e+00
   0.00000   2.26000000000000e+04   1.54074674700811e+08
   5.00000   1.65138233187644e+02   3.05921944326206e+12
   5.00000   1.81522127230001e+02   8.10204970841504e+12
  10.00000   3.51967969142368e+02   2.06350497651813e+22
  10.00000   3.86887840824534e+02   6.35069608759243e+22
  10.00000   1.09518227181139e+03   6.77950451284105e+27
# orbitals: 1s2 2s2 2p6
CORE 10 17 Nh
   0.00000   7.74804483680328e+01   0.00000000000000e+00
   0.00000   8.51675322850185e+01   1.17722963206640e+05
   0.00000   4.25272225033992e+02   3.82330770644469e+06
   0.00000   1.09518227181139e+03   1.92188629600015e+06
   0.00000   1.20383881943253e+03   5.48598545915482e+06
   0.00000   2.82036807927929e+03   1.17602054510038e+07
   0.00000   3.10018584697244e+03   3.51029460435090e+06
   0.00000   7.26315272567475e+03   3.63186225720362e+07
   0.00000   2.26000000000000e+04   1.50768090592618e+08
   3.00000   1.24337410425448e+02   1.74990394862231e+09
   3.00000   1.36673323911920e+02   1.01493538480838e+10
   4.00000   1.50233122961273e+02   7.25642249447723e+10
   9.00000   3.20199908682028e+02   4.21672661257797e+20
  10.00000   3.51967969142368e+02   0.00000000000000e+00
  10.00000   3.86887840824534e+02   1.17321167395214e+23
  10.00000   1.20383881943253e+03   7.38090084560075e+28
  10.00000   1.32327553182153e+03   0.00000000000000e+00
# orbitals: 1s2 2s2 2p6 3s2
CORE 12 20 Nh
   0.00000   3.99593628953510e+01   0.00000000000000e+00
   0.00000   4.39238595176057e+01   4.09037638504446e+03
   0.00000   7.74804483680328e+01   1.16707899179615e+05
   0.00000   4.25272225033992e+02   2.62584222043873e+06
   0.00000   4.67464847176177e+02   1.57123993330455e+06
   0.00000   1.20383881943253e+03   4.99639682333039e+06
   0.00000   1.32327553182153e+03   3.40941476555100e+06
   0.00000   3.10018584697244e+03   1.61101705064539e+07
   0.00000   6.60759229077453e+03   2.89023578383583e+06
   0.00000   7.26315272567475e+03   3.17357939618387e+07
   0.00000   2.26000000000000e+04   1.62658435790348e+08
   7.00000   2.65006988334065e+02   3.45608267358815e+16
   8.00000   8.51675322850185e+01   1.38763272142975e+13
   8.00000   2.65006988334065e+02   1.21956820212403e+19
  10.00000   1.13114916567548e+02   2.73765445473234e+16
  10.00000   1.24337410425448e+02   1.81744334231926e+17
  10.00000   4.25272225033992e+02   6.82993223649932e+23
  10.00000   4.67464847176177e+02   1.15015128610123e+24
  10.00000   1.20383881943253e+03   3.98167253681225e+28
  10.00000   1.32327553182153e+03   6.32759052801565e+28
# orbitals: 1s2 2s2 2p6 3s2 3p6
CORE 18 22 Nh
   0.00000   3.30715597647493e+01   3.32885321170205e+02
   0.00000   3.63526953354893e+01   2.35922058935223e+03
   0.00000   8.51675322850185e+01   1.54020817353974e+05
   0.00000   4.25272225033992e+02   1.21676546216908e+06
   0.00000   4.67464847176177e+02   3.18501964257122e+06
   0.00000   1.32327553182153e+03   9.24022562883103e+06
   0.00000   1.45456194371848e+03   0.00000000000000e+00
   0.00000   3.74586055763378e+03   2.42377159795164e+07
   0.00000   4.11749940400548e+03   0.00000000000000e+00
   0.00000   7.98375341501177e+03   0.00000000000000e+00
   0.00000   8.77584721114210e+03   0.00000000000000e+00
   0.00000   2.26000000000000e+04   2.32885714867538e+08
   4.00000   2.26000000000000e+04   2.15505056364583e+23
   7.00000   7.74804483680328e+01   6.61932600556305e+12
   7.00000   2.65006988334065e+02   3.98444343257478e+17
   8.00000   7.74804483680328e+01   2.07975195164136e+12
  10.00000   1.13114916567548e+02   1.25903376089842e+16
  10.00000   1.24337410425448e+02   7.69720502014374e+17
  10.00000   3.20199908682028e+02   3.69939440133892e+22
  10.00000   4.67464847176177e+02   3.13614749624605e+24
  10.00000   1.32327553182153e+03   1.94361477369873e+29
  10.00000   1.45456194371848e+03   0.00000000000000e+00
# orbitals: 1s2 2s2 2p6 3s2 3p6 3d10
CORE 28 21 Nh
   0.00000   3.63526953354893e+01   1.40868810584553e+04
   0.00000   3.99593628953510e+01   4.10378241967733e+03
   0.00000   9.36172764652244e+01   1.44452950208229e+05
   0.00000   4.67464847176177e+02   4.68905457411316e+06
   0.00000   1.32327553182153e+03   1.97046864998213e+06
   0.00000   1.45456194371848e+03   8.08235504767438e+06
   0.00000   3.74586055763378e+03   1.94949094743726e+07
   0.00000   4.11749940400548e+03   0.00000000000000e+00
   0.00000   7.98375341501177e+03   3.05722311997466e+07
   0.00000   8.77584721114210e+03   0.00000000000000e+00
   0.00000   2.26000000000000e+04   1.60147390959730e+08
   7.00000   7.74804483680328e+01   1.22419857866095e+13
   7.00000   2.91299182052863e+02   0.00000000000000e+00
   8.00000   2.91299182052863e+02   3.85852246519160e+19
  10.00000   8.51675322850185e+01   1.43531294738289e+14
  10.00000   1.24337410425448e+02   8.81377778022444e+17
  10.00000   1.36673323911920e+02   1.23885430255106e+18
  10.00000   4.67464847176177e+02   2.33601465947000e+24
  10.00000   5.13843534757014e+02   0.00000000000000e+00
  10.00000   1.32327553182153e+03   3.07663480641042e+29
  10.00000   1.45456194371848e+03   0.00000000000000e+00
# orbitals: 1s2 2s2 2p6 3s2 3p6 3d10 4s2
CORE 30 24 Nh
   0.00000   2.73710085953506e+01   1.18453071702234e+04
   0.00000   1.02905346880738e+02   1.74752904024836e+05
   0.00000   4.25272225033992e+02   4.10479675038372e+05
   0.00000   4.67464847176177e+02   4.09054749255426e+06
   0.00000   1.32327553182153e+03   8.95225747418835e+06
   0.00000   1.45456194371848e+03   0.00000000000000e+00
   0.00000   3.40776523333233e+03   1.77935860355747e+07
   0.00000   3.74586055763378e+03   2.19092098650203e+06
   0.00000   7.26315272567475e+03   1.25503962181005e+07
   0.00000   7.98375341501177e+03   0.00000000000000e+00
   0.00000   2.26000000000000e+04   2.12145068635796e+08
   4.00000   2.26000000000000e+04   1.75764811446406e+23
   8.00000   9.36172764652244e+01   2.43029039984231e+14
   9.00000   1.02905346880738e+02   5.23622100345257e+15
   9.00000   3.20199908682028e+02   1.28844880466809e+21
  10.00000   4.82816865718053e+01   0.00000000000000e+00
  10.00000   5.30718676322984e+01   3.32196561843845e+12
  10.00000   1.24337410425448e+02   4.29728001386171e+17
  10.00000   1.36673323911920e+02   1.46489465882741e+18
  10.00000   3.20199908682028e+02   6.33854410731756e+22
  10.00000   4.67464847176177e+02   5.44524917142931e+24
  10.00000   5.13843534757014e+02   0.00000000000000e+00
  10.00000   1.32327553182153e+03   1.20798718250931e+29
  10.00000   1.45456194371848e+03   1.16332084103361e+29
# orbitals: 1s2 2s2 2p6 3s2 3p6 3d10 4s2 4p6
CORE 36 26 Nh
   0.00000   2.26530625363879e+01   3.81400472683682e+02
   0.00000   3.00865741915327e+01   1.19019346886839e+04
   0.00000   1.02905346880738e+02   1.83532451349114e+05
   0.00000   4.67464847176177e+02   4.55658912652530e+06
   0.00000   1.32327553182153e+03   7.95032533984785e+06
   0.00000   1.45456194371848e+03   1.02329671558043e+06
   0.00000   3.40776523333233e+03   1.93900538893534e+07
   0.00000   3.74586055763378e+03   0.00000000000000e+00
   0.00000   2.26000000000000e+04   2.36903393890047e+08
   2.00000   1.16556062910902e+04   0.00000000000000e+00
   3.00000   2.05601604993969e+04   3.25217889134412e+19
   4.00000   2.26000000000000e+04   9.90210744340411e+22
   9.00000   3.99593628953510e+01   4.45636237164107e+10
   9.00000   1.13114916567548e+02   3.81356773283460e+16
   9.00000   3.20199908682028e+02   1.41713231157354e+21
   9.00000   2.26000000000000e+04   1.26723741541191e+40
  10.00000   3.99593628953510e+01   2.64426493342091e+10
  10.00000   5.30718676322984e+01   2.61856576208619e+13
  10.00000   1.13114916567548e+02   2.28281495344926e+17
  10.00000   1.36673323911920e+02   7.54942917532778e+17
  10.00000   1.50233122961273e+02   3.27544106089710e+18
  10.00000   3.20199908682028e+02   6.08438482394813e+22
  10.00000   4.67464847176177e+02   5.63042436167362e+24
  10.00000   5.13843534757014e+02   0.00000000000000e+00
  10.00000   1.32327553182153e+03   9.55315360188328e+28
  10.00000   1.45456194371848e+03   2.35623628473516e+29
# orbitals: 1s2 2s2 2p6 3s2 3p6 3d10 4s2 4p6 4d10
CORE 46 26 Nh
   0.00000   1.55166930718664e+01   7.50305635926590e+00
   0.00000   1.70561539845211e+01   1.24548662214189e+02
   0.00000   3.63526953354893e+01   2.13345968319819e+04
   0.00000   1.02905346880738e+02   1.52222177256617e+05
   0.00000   4.25272225033992e+02   2.99992410078556e+06
   0.00000   4.67464847176177e+02   8.18329733801382e+05
   0.00000   1.09518227181139e+03   6.82876649917806e+06
   0.00000   1.20383881943253e+03   0.00000000000000e+00
   0.00000   2.56580621138751e+03   1.33439434323269e+07
   0.00000   2.82036807927929e+03   0.00000000000000e+00
   0.00000   4.97504968245920e+03   1.10885831860091e+06
   0.00000   5.46864032636693e+03   2.03792017182079e+07
   0.00000   2.26000000000000e+04   2.10803482070574e+08
   3.00000   2.26000000000000e+04   3.85851239064890e+18
   4.00000   2.26000000000000e+04   1.42524062895041e+23
   8.00000   3.63526953354893e+01   2.02405793746396e+10
   9.00000   1.13114916567548e+02   7.34493174977140e+16
   9.00000   3.20199908682028e+02   3.56448986745274e+21
  10.00000   4.82816865718053e+01   7.64017596186426e+09
  10.00000   5.30718676322984e+01   5.04076325927503e+13
  10.00000   1.36673323911920e+02   2.75181730192531e+17
  10.00000   1.50233122961273e+02   2.80421562838240e+18
  10.00000   3.51967969142368e+02   0.00000000000000e+00
  10.00000   4.67464847176177e+02   1.39752789443550e+24
  10.00000   5.13843534757014e+02   9.17776414567632e+24
  10.00000   1.32327553182153e+03   6.43401679277345e+27
# orbitals: 1s2 2s2 2p6 3s2 3p6 3d10 4s2 4p6 4d10 4f14
CORE 60 27 Nh
   0.00000   1.55166930718664e+01   5.94594191152382e+02
   0.00000   1.70561539845211e+01   1.78672008636850e+03
   0.00000   3.63526953354893e+01   1.74066588978224e+04
   0.00000   9.36172764652244e+01   0.00000000000000e+00
   0.00000   1.02905346880738e+02   1.55122342300990e+05
   0.00000   4.25272225033992e+02   1.94418917956742e+06
   0.00000   4.67464847176177e+02   2.21176552242754e+06
   0.00000   1.20383881943253e+03   7.75605953538451e+06
   0.00000   2.56580621138751e+03   0.00000000000000e+00
   0.00000   2.82036807927929e+03   1.35872697516779e+07
   0.00000   5.46864032636693e+03   1.92147471150563e+07
   0.00000   6.01120168198679e+03   0.00000000000000e+00
   0.00000   2.26000000000000e+04   2.12245923122352e+08
   3.00000   2.26000000000000e+04   5.56649945829974e+18
   4.00000   2.26000000000000e+04   1.42030022929290e+23
   8.00000   3.63526953354893e+01   6.59957853614869e+09
   8.00000   3.20199908682028e+02   0.00000000000000e+00
   9.00000   3.63526953354893e+01   8.51586803277161e+08
  10.00000   3.99593628953510e+01   5.85102628852814e+11
  10.00000   5.30718676322984e+01   7.18048627084011e+13
  10.00000   1.24337410425448e+02   1.73540587243915e+18
  10.00000   1.36673323911920e+02   1.06449200097767e+18
  10.00000   3.51967969142368e+02   3.02539863221199e+23
  10.00000   4.67464847176177e+02   4.67712528375322e+23
  10.00000   5.13843534757014e+02   1.24587572805592e+25
  10.00000   1.20383881943253e+03   3.42742504995553e+28
  10.00000   1.32327553182153e+03   0.00000000000000e+00
# orbitals: 1s2 2s2 2p6 3s2 3p6 3d10 4s2 4p6 4d10 4f14 5s2
CORE 62 28 Nh
   0.00000   1.28420776783006e+01   0.00000000000000e+00
   0.00000   1.41161814149315e+01   1.99993446343245e+03
   0.00000   4.39238595176057e+01   2.58438240260569e+04
   0.00000   9.36172764652244e+01   0.00000000000000e+00
   0.00000   1.02905346880738e+02   1.38672791313011e+05
   0.00000   4.25272225033992e+02   3.62771298993617e+06
   0.00000   4.67464847176177e+02   0.00000000000000e+00
   0.00000   9.96332888696288e+02   4.16888900241502e+06
   0.00000   1.09518227181139e+03   1.97315009827078e+06
   0.00000   2.33422068656975e+03   1.25542090553075e+07
   0.00000   2.56580621138751e+03   0.00000000000000e+00
   0.00000   4.97504968245920e+03   1.48497005823502e+07
   0.00000   2.26000000000000e+04   2.31082871487642e+08
   3.00000   2.26000000000000e+04   1.53318441433602e+19
   4.00000   2.26000000000000e+04   2.30542543080928e+23
   5.00000   2.26530625363879e+01   3.86246725512387e+06
   9.00000   3.63526953354893e+01   1.07288854645108e+10
  10.00000   3.99593628953510e+01   2.63740036217192e+11
  10.00000   5.30718676322984e+01   6.16379463559802e+13
  10.00000   5.83372979274716e+01   1.18438908675449e+13
  10.00000   1.24337410425448e+02   2.05430100502899e+18
  10.00000   1.50233122961273e+02   3.42550330909272e+18
  10.00000   3.51967969142368e+02   2.88078114051145e+23
  10.00000   4.67464847176177e+02   6.98631735266463e+23
  10.00000   5.13843534757014e+02   1.20696872438420e+25
  10.00000   1.20383881943253e+03   1.58014810524640e+27
  10.00000   1.32327553182153e+03   0.00000000000000e+00
  10.00000   2.26000000000000e+04   3.12303409425267e+43
# orbitals: 1s2 2s2 2p6 3s2 3p6 3d10 4s2 4p6 4d10 4f14 5s2 5p6
CORE 68 28 Nh
   0.00000   1.06284862587457e+01   6.34503232299902e+02
   0.00000   1.16829724872382e+01   4.06912622744188e+02
   0.00000   3.99593628953510e+01   2.33985731776850e+04
   0.00000   1.02905346880738e+02   1.52273289427530e+05
   0.00000   4.25272225033992e+02   1.64378125283964e+06
   0.00000   4.67464847176177e+02   2.56991684290572e+06
   0.00000   1.20383881943253e+03   7.66056657257336e+06
   0.00000   1.32327553182153e+03   0.00000000000000e+00
   0.00000   2.56580621138751e+03   0.00000000000000e+00
   0.00000   2.82036807927929e+03   1.39018774339791e+07
   0.00000   5.46864032636693e+03   1.86380731135819e+07
   0.00000   6.01120168198679e+03   0.00000000000000e+00
   0.00000   2.26000000000000e+04   2.14083763177430e+08
   3.00000   2.26000000000000e+04   5.65198476572759e+18
   4.00000   2.26000000000000e+04   1.48176190487421e+23
   8.00000   2.26530625363879e+01   1.05017202578589e+08
   8.00000   3.20199908682028e+02   3.85008070049159e+19
   9.00000   2.26530625363879e+01   6.53639592496205e+06
   9.00000   1.24337410425448e+02   7.60825202961105e+16
  10.00000   2.49005455641937e+01   0.00000000000000e+00
  10.00000   2.73710085953506e+01   7.48756662688594e+07
  10.00000   5.30718676322984e+01   6.35408469003209e+13
  10.00000   5.83372979274716e+01   4.71239080880356e+13
  10.00000   1.24337410425448e+02   1.65502797452952e+18
  10.00000   1.36673323911920e+02   0.00000000000000e+00
  10.00000   3.51967969142368e+02   2.06516558191396e+23
  10.00000   5.13843534757014e+02   1.03617408247108e+25
  10.00000   1.32327553182153e+03   1.12051662711219e+29
# orbitals: 1s2 2s2 2p6 3s2 3p6 3d10 4s2 4p6 4d10 4f14 5s2 5p6 5d10
CORE 78 26 Nh
   0.00000   8.00249846837883e+00   1.19444176964714e+01
   0.00000   8.79645202140652e+00   3.07448515030004e+02
   0.00000   2.26530625363879e+01   7.23513956309267e+02
   0.00000   3.30715597647493e+01   1.61174305106622e+04
   0.00000   9.36172764652244e+01   1.51741718700378e+05
   0.00000   4.67464847176177e+02   4.68702203865062e+06
   0.00000   1.32327553182153e+03   4.82650968360024e+06
   0.00000   1.45456194371848e+03   4.63852148493051e+06
   0.00000   3.10018584697244e+03   0.00000000000000e+00
   0.00000   3.40776523333233e+03   1.74080385573537e+07
   0.00000   7.26315272567475e+03   2.29452639514211e+07
   0.00000   2.26000000000000e+04   1.89348750520639e+08
   4.00000   2.26000000000000e+04   1.02810012186696e+23
   7.00000   2.91299182052863e+02   0.00000000000000e+00
   8.00000   1.70561539845211e+01   0.00000000000000e+00
   8.00000   3.20199908682028e+02   7.13363343283598e+19
  10.00000   1.87483497544431e+01   1.70029472852249e+07
  10.00000   2.49005455641937e+01   2.96029617778373e+09
  10.00000   5.30718676322984e+01   7.08081943003864e+13
  10.00000   5.83372979274716e+01   9.04088685650872e+13
  10.00000   1.24337410425448e+02   1.57202263626076e+18
  10.00000   1.36673323911920e+02   2.57845982993946e+18
  10.00000   3.51967969142368e+02   9.39541970953155e+22
  10.00000   5.13843534757014e+02   5.32665716883588e+24
  10.00000   1.32327553182153e+03   2.82459189204349e+29
  10.00000   1.45456194371848e+03   0.00000000000000e+00
# orbitals: 1s2 2s2 2p6 3s2 3p6 3d10 4s2 4p6 4d10 4f14 5s2 5p6 5d10 6s2
CORE 80 28 Nh
   0.00000   6.02531538145516e+00   1.42565145088535e+00
   0.00000   6.62310625565795e+00   2.01758220408361e+02
   0.00000   3.00865741915327e+01   1.18564825273932e+03
   0.00000   3.30715597647493e+01   1.82191535921176e+04
   0.00000   9.36172764652244e+01   0.00000000000000e+00
   0.00000   1.02905346880738e+02   1.63431312718853e+05
   0.00000   4.25272225033992e+02   4.71201554777890e+05
   0.00000   4.67464847176177e+02   4.04462092407097e+06
   0.00000   1.32327553182153e+03   9.00232745023857e+06
   0.00000   1.45456194371848e+03   0.00000000000000e+00
   0.00000   3.40776523333233e+03   1.67089934151559e+07
   0.00000   3.74586055763378e+03   3.74527886840449e+06
   0.00000   7.26315272567475e+03   1.11067557963919e+07
   0.00000   7.98375341501177e+03   0.00000000000000e+00
   0.00000   2.26000000000000e+04   2.16058397928346e+08
   4.00000   2.26000000000000e+04   1.85145616679339e+23
   7.00000   1.41161814149315e+01   0.00000000000000e+00
   8.00000   3.20199908682028e+02   4.34386136599908e+19
   9.00000   1.55166930718664e+01   6.15122856526308e+05
  10.00000   1.70561539845211e+01   5.13263144382528e+05
  10.00000   2.49005455641937e+01   2.28111114053752e+09
  10.00000   5.30718676322984e+01   6.35710654503138e+13
  10.00000   5.83372979274716e+01   1.16497934016118e+14
  10.00000   1.24337410425448e+02   1.62179435672746e+18
  10.00000   1.36673323911920e+02   2.15695919987810e+18
  10.00000   3.51967969142368e+02   1.98027214100036e+23
  10.00000   5.13843534757014e+02   9.66320748448495e+24
  10.00000   1.32327553182153e+03   1.95678963012418e+29
# orbitals: 1s2 2s2 2p6 3s2 3p6 3d10 4s2 4p6 4d10 4f14 5s2 5p6 5d10 5f14
CORE 92 28 Nh
   0.00000   5.48148014611516e+00   5.19962405885341e+01
   0.00000   6.02531538145516e+00   1.44272166013546e+01
   0.00000   2.73710085953506e+01   8.64992432509180e+03
   0.00000   3.00865741915327e+01   5.59029094180090e+03
   0.00000   9.36172764652244e+01   1.50392457015049e+05
   0.00000   4.25272225033992e+02   1.18355769999990e+06
   0.00000   4.67464847176177e+02   3.25521712791483e+06
   0.00000   1.32327553182153e+03   9.26085110842313e+06
   0.00000   3.10018584697244e+03   0.00000000000000e+00
   0.00000   3.40776523333233e+03   1.79434455658334e+07
   0.00000   6.60759229077453e+03   1.71685298168427e+07
   0.00000   7.26315272567475e+03   0.00000000000000e+00
   0.00000   2.26000000000000e+04   2.05317588095823e+08
   4.00000   2.26000000000000e+04   1.33216026109488e+23
   6.00000   1.28420776783006e+01   1.23474470975738e+05
   7.00000   1.41161814149315e+01   2.60033830157877e+05
   7.00000   2.91299182052863e+02   0.00000000000000e+00
   8.00000   3.20199908682028e+02   3.43705089910930e+19
  10.00000   2.26530625363879e+01   3.57134379821151e+08
  10.00000   2.49005455641937e+01   2.70783975676262e+09
  10.00000   5.30718676322984e+01   7.38691108371210e+13
  10.00000   5.83372979274716e+01   1.11266222600923e+14
  10.00000   1.24337410425448e+02   1.44710424622631e+18
  10.00000   1.36673323911920e+02   2.51958506179198e+18
  10.00000   3.51967969142368e+02   1.98867934517761e+23
  10.00000   5.13843534757014e+02   9.95663014812735e+24
  10.00000   1.20383881943253e+03   5.59459615598415e+28
  10.00000   1.32327553182153e+03   1.69225758501332e+28
# orbitals: 1s2 2s2 2p6 3s2 3p6 3d10 4s2 4p6 4d10 4f14 5s2 5p6 5d10 5f14 6s2
CORE 94 29 Nh
   0.00000   5.48148014611516e+00   5.39514993589492e+01
   0.00000   6.02531538145516e+00   3.86040958959414e+01
   0.00000   2.73710085953506e+01   5.55693250906874e+02
   0.00000   3.00865741915327e+01   1.63413605690302e+04
   0.00000   9.36172764652244e+01   1.25658093660809e+04
   0.00000   1.02905346880738e+02   1.47990037462545e+05
   0.00000   4.25272225033992e+02   1.77812488433895e+06
   0.00000   4.67464847176177e+02   2.42253182016017e+06
   0.00000   1.20383881943253e+03   6.49226224896359e+06
   0.00000   1.32327553182153e+03   1.70603950606418e+06
   0.00000   3.10018584697244e+03   1.75281818967358e+07
   0.00000   3.40776523333233e+03   0.00000000000000e+00
   0.00000   6.60759229077453e+03   1.78060944850830e+07
   0.00000   2.26000000000000e+04   2.08088469910133e+08
   3.00000   2.26000000000000e+04   0.00000000000000e+00
   4.00000   2.26000000000000e+04   1.57935702916233e+23
   5.00000   1.06284862587457e+01   8.16740809175287e+03
   6.00000   1.28420776783006e+01   1.87604153250532e+05
   8.00000   3.20199908682028e+02   1.48364796806279e+19
  10.00000   2.26530625363879e+01   2.15670172689376e+08
  10.00000   2.49005455641937e+01   2.50937175781015e+09
  10.00000   5.30718676322984e+01   6.54669010167740e+13
  10.00000   5.83372979274716e+01   1.35977407313044e+14
  10.00000   1.24337410425448e+02   1.51831786347728e+18
  10.00000   1.36673323911920e+02   2.12803771844018e+18
  10.00000   3.51967969142368e+02   2.77467138558765e+23
  10.00000   5.13843534757014e+02   1.33123915332808e+25
  10.00000   1.20383881943253e+03   3.48706286072708e+28
  10.00000   1.32327553182153e+03   0.00000000000000e+00
# orbitals: 1s2 2s2 2p6 3s2 3p6 3d10 4s2 4p6 4d10 4f14 5s2 5p6 5d10 5f14 6s2 6p6
CORE 100 31 Nh
   0.00000   4.53663635044154e+00   5.10046143042043e+01
   0.00000   4.98673060081349e+00   1.06712030221130e+01
   0.00000   3.00865741915327e+01   1.59431288657464e+04
   0.00000   3.30715597647493e+01   1.40679758895537e+03
   0.00000   1.02905346880738e+02   1.59494242909944e+05
   0.00000   4.25272225033992e+02   2.85138776954966e+06
   0.00000   4.67464847176177e+02   1.00232952701218e+06
   0.00000   1.09518227181139e+03   6.78177553675367e+06
   0.00000   1.20383881943253e+03   0.00000000000000e+00
   0.00000   2.56580621138751e+03   1.36938284390061e+07
   0.00000   2.82036807927929e+03   0.00000000000000e+00
   0.00000   5.46864032636693e+03   1.61604025793218e+07
   0.00000   6.01120168198679e+03   6.38497926435995e+06
   0.00000   2.26000000000000e+04   2.09287549924501e+08
   3.00000   7.28020588079850e+00   6.29167668198100e+02
   3.00000   2.26000000000000e+04   1.57492339897724e+18
   4.00000   2.26000000000000e+04   1.43329718386255e+23
   7.00000   2.91299182052863e+02   3.85844974120175e+17
   9.00000   3.20199908682028e+02   3.06197947982531e+20
  10.00000   1.06284862587457e+01   5.79547779062994e+03
  10.00000   1.55166930718664e+01   2.14107718989677e+06
  10.00000   1.70561539845211e+01   1.40505753141861e+06
  10.00000   2.49005455641937e+01   3.81467542629632e+09
  10.00000   5.30718676322984e+01   6.14454019223442e+13
  10.00000   5.83372979274716e+01   1.56892842927071e+14
  10.00000   1.24337410425448e+02   1.55248474801106e+18
  10.00000   1.36673323911920e+02   2.16099003636636e+18
  10.00000   3.51967969142368e+02   2.23476817344055e+23
  10.00000   5.13843534757014e+02   1.23821491114909e+25
  10.00000   1.20383881943253e+03   8.34403226639179e+27
  10.00000   1.32327553182153e+03   0.00000000000000e+00
# orbitals: 1s2 2s2 2p6 3s2 3p6 3d10 4s2 4p6 4d10 4f14 5s2 5p6 5d10 6s2 5f14 6p6 7s2
CORE 102 33 Nh
   0.00000   3.75465546303835e+00   1.48547752587103e+01
   0.00000   4.12716688019805e+00   4.87680209662859e+01
   0.00000   3.00865741915327e+01   9.03488769255460e+03
   0.00000   3.30715597647493e+01   8.38218101258886e+03
   0.00000   1.02905346880738e+02   1.60272889294349e+05
   0.00000   4.25272225033992e+02   2.78665090140760e+06
   0.00000   4.67464847176177e+02   1.08525091387526e+06
   0.00000   1.09518227181139e+03   6.31361794147056e+06
   0.00000   1.20383881943253e+03   5.46511918191708e+05
   0.00000   2.56580621138751e+03   1.33541059233229e+07
   0.00000   2.82036807927929e+03   0.00000000000000e+00
   0.00000   5.46864032636693e+03   2.18112236555671e+07
   0.00000   2.26000000000000e+04   2.11174138540387e+08
   3.00000   2.26000000000000e+04   3.39897101529792e+18
   4.00000   2.26000000000000e+04   1.42869479726297e+23
   7.00000   1.28420776783006e+01   0.00000000000000e+00
   7.00000   2.91299182052863e+02   5.98829573781272e+17
   8.00000   3.41576632477901e+00   1.02207198840208e-03
   8.00000   1.41161814149315e+01   2.35055157126776e+05
   9.00000   1.13114916567548e+02   5.16625170261133e+16
   9.00000   3.20199908682028e+02   2.62216552837933e+21
  10.00000   3.75465546303835e+00   6.25024072354459e-04
  10.00000   5.48148014611516e+00   8.15445338527846e-01
  10.00000   1.55166930718664e+01   1.81106768044879e+06
  10.00000   2.49005455641937e+01   3.66024530669310e+09
  10.00000   5.30718676322984e+01   5.70390954833602e+13
  10.00000   5.83372979274716e+01   1.73442238792398e+14
  10.00000   1.24337410425448e+02   0.00000000000000e+00
  10.00000   1.36673323911920e+02   2.72046895398863e+18
  10.00000   3.51967969142368e+02   0.00000000000000e+00
  10.00000   5.13843534757014e+02   1.04626919213181e+25
  10.00000   1.20383881943253e+03   7.16658724413581e+27
  10.00000   1.32327553182153e+03   0.00000000000000e+00
# orbitals: 1s2 2s2 2p6 3s2 3p6 3d10 4s2 4p6 4d10 4f14 5s2 5p6 5d10 5f14 6s2 6p6 6d10
CORE 110 33 Nh
   0.00000   1.93640645291442e+00   2.04602740638315e-01
   0.00000   2.12852355102723e+00   7.35403964006259e-01
   0.00000   3.10746477282705e+00   3.52242294226265e+01
   0.00000   3.41576632477901e+00   6.44668017816232e+00
   0.00000   3.00865741915327e+01   9.42640343838744e+03
   0.00000   3.30715597647493e+01   8.08027364270786e+03
   0.00000   1.02905346880738e+02   1.61942279443925e+05
   0.00000   4.25272225033992e+02   1.86973684472791e+06
   0.00000   4.67464847176177e+02   2.29446916119889e+06
   0.00000   1.20383881943253e+03   7.80560027790049e+06
   0.00000   2.56580621138751e+03   0.00000000000000e+00
   0.00000   2.82036807927929e+03   1.35275139704445e+07
   0.00000   5.46864032636693e+03   1.97016197168048e+07
   0.00000   6.01120168198679e+03   0.00000000000000e+00
   0.00000   2.26000000000000e+04   2.12057141284727e+08
   3.00000   2.26000000000000e+04   5.99656819222814e+18
   4.00000   2.26000000000000e+04   1.35921872912180e+23
   7.00000   2.91299182052863e+02   6.33362146919723e+17
   9.00000   1.13114916567548e+02   5.18368524625291e+16
   9.00000   3.20199908682028e+02   2.51428989333713e+21
  10.00000   4.98673060081349e+00   5.68724949120621e-02
  10.00000   5.48148014611516e+00   0.00000000000000e+00
  10.00000   1.55166930718664e+01   5.99855392229993e+05
  10.00000   1.70561539845211e+01   2.83593079196195e+03
  10.00000   2.49005455641937e+01   4.02763424056027e+09
  10.00000   5.30718676322984e+01   5.74249336473637e+13
  10.00000   5.83372979274716e+01   1.79856040690690e+14
  10.00000   1.24337410425448e+02   0.00000000000000e+00
  10.00000   1.36673323911920e+02   2.71792149457012e+18
  10.00000   3.51967969142368e+02   0.00000000000000e+00
  10.00000   5.13843534757014e+02   9.85081035891103e+24
  10.00000   1.20383881943253e+03   2.79381344644565e+28
  10.00000   1.32327553182153e+03   0.00000000000000e+00
# orbitals: 1s2 2s2 2p6 3s2 3p6 3d10 4s2 4p6 4d10 4f14 5s2 5p6 5d10 5f14 6s2 6p6 6d10 7s2
CORE 112 33 Nh
   0.00000   2.12852355102723e+00   4.42194088220002e+00
   0.00000   3.10746477282705e+00   1.59744963789359e+01
   0.00000   3.41576632477901e+00   1.74901246403437e+01
   0.00000   3.00865741915327e+01   1.18337127215666e+04
   0.00000   3.30715597647493e+01   5.12314206082007e+03
   0.00000   1.02905346880738e+02   1.67406197244252e+05
   0.00000   4.25272225033992e+02   1.61830365051765e+06
   0.00000   4.67464847176177e+02   2.57332214208078e+06
   0.00000   1.20383881943253e+03   7.76925443610920e+06
   0.00000   1.32327553182153e+03   0.00000000000000e+00
   0.00000   2.82036807927929e+03   5.90130007630257e+06
   0.00000   3.10018584697244e+03   1.18203696322787e+07
   0.00000   4.97504968245920e+03   0.00000000000000e+00
   0.00000   2.26000000000000e+04   2.45032767531102e+08
   3.00000   2.05601604993969e+04   4.23481537790286e+19
   4.00000   2.26000000000000e+04   9.46890787469455e+22
   7.00000   2.91299182052863e+02   0.00000000000000e+00
   9.00000   1.13114916567548e+02   5.01878319992248e+16
   9.00000   3.20199908682028e+02   3.54947549387524e+21
   9.00000   2.26000000000000e+04   2.17848392655806e+40
  10.00000   5.48148014611516e+00   2.91925854653871e-01
  10.00000   6.02531538145516e+00   0.00000000000000e+00
  10.00000   1.55166930718664e+01   4.57904559429649e+05
  10.00000   1.70561539845211e+01   2.95727400638720e+06
  10.00000   2.49005455641937e+01   3.80074352145390e+09
  10.00000   2.73710085953506e+01   1.11115217191248e+09
  10.00000   5.30718676322984e+01   5.91763809466523e+13
  10.00000   5.83372979274716e+01   1.75303419144127e+14
  10.00000   1.24337410425448e+02   0.00000000000000e+00
  10.00000   1.36673323911920e+02   2.83356453073015e+18
  10.00000   4.67464847176177e+02   2.09704361095669e+24
  10.00000   5.13843534757014e+02   7.53079268899475e+24
  10.00000   1.32327553182153e+03   6.85554097081840e+28
