# Free-atom, free-ion and frozen-core density fits -- Cd (Z = 48)
#
#   rho(r) = sum_i c_i r^n_i exp(-alpha_i r)      r in bohr, rho in e/bohr^3
#
# All-electron B86BPBE densities (scalar-relativistic, spin-restricted),
# fitted with rhofit.py (monotone decay imposed).  Two kinds of block:
#
#   STATE <N> <q> <nterm> <symbol>
#     the atom or ion with N electrons (charge q), in order of increasing N;
#   CORE <N_core> <nterm> <symbol>
#     the frozen core of the neutral atom with N_core electrons, for a
#     pseudopotential with Z - N_core valence electrons, in order of
#     increasing N_core, each preceded by a '# orbitals:' comment.
#
# Each block header is followed by nterm lines:   n   alpha   c
#
# Generated 2026-09-23 by combine_fits.py from
#   /home/alberto/doc/manuals/critic2/atomic_density_fits/15_rhofit/rho_b86bpbe_mono/fit_048_Cd.dat
#     recipe: --npow 0,1,2,3,4,5,6,7,8,9,10 --amin 0.2 --ratio 1.1 --mom 3 --cusp none --targetz 1e-3 --besteffort --monotone --stats
#   /home/alberto/doc/manuals/critic2/atomic_density_fits/15_rhofit/core_b86bpbe_mono/core_048_Cd.dat
#     recipe: --npow 0,1,2,3,4,5,6,7,8,9,10 --amin 0.2 --ratio 1.1 --mom 3 --cusp none --besteffort --monotone --stats --target 1e-3*N_core
#
STATE 46 +2 27 Cd
   0.00000   2.82363492651247e+00   6.74336550815839e+00
   0.00000   3.10364517657625e+00   1.02398920442004e+00
   0.00000   1.28181355304140e+01   6.42930753025763e+02
   0.00000   3.00190217745484e+01   4.35080858075700e+03
   0.00000   1.12793951264017e+02   2.90927408669995e+04
   0.00000   1.23979342903200e+02   6.99118192072967e+04
   0.00000   8.21522992380307e+02   3.26312543711646e+04
   0.00000   4.09920423177500e+03   2.62582658180331e+04
   0.00000   4.50570834150404e+03   0.00000000000000e+00
   3.00000   4.53029145711658e+00   6.40786902668006e+00
   4.00000   2.64154179911570e+02   3.84299147148478e+11
   8.00000   3.29959058309243e+01   0.00000000000000e+00
   9.00000   9.65237753800142e+00   4.71533886842179e+03
   9.00000   3.29959058309243e+01   2.33327520232662e+10
   9.00000   1.02617703432118e+02   4.74948655869977e+15
  10.00000   6.61272133854678e+00   2.27313020937917e+00
  10.00000   1.40892663347265e+01   5.77498584458267e+05
  10.00000   1.54864508476956e+01   1.22017377399616e+06
  10.00000   4.38178046004133e+01   8.49142394941155e+11
  10.00000   4.81630669104250e+01   1.48105593983961e+12
  10.00000   1.49787774941555e+02   8.39069642386122e+17
  10.00000   1.64641717965161e+02   3.21520458878783e+18
  10.00000   4.23813791711766e+02   3.58756629240229e+22
  10.00000   6.79974589481166e+02   2.65582955899844e+24
  10.00000   7.47405351528298e+02   0.00000000000000e+00
  10.00000   2.80831279006647e+03   4.87128348248602e+31
  10.00000   3.08680359609112e+03   0.00000000000000e+00
STATE 47 +1 28 Cd
   0.00000   1.60113306944888e+00   1.03148672030036e-01
   0.00000   2.33712265853562e+00   4.45872392405303e+00
   0.00000   2.56888714547464e+00   3.22950841847431e-01
   0.00000   1.16616858942536e+01   5.33872955302420e+02
   0.00000   3.00190217745484e+01   4.80311586607170e+03
   0.00000   3.29959058309243e+01   0.00000000000000e+00
   0.00000   1.23979342903200e+02   1.00663020384455e+05
   0.00000   8.21522992380307e+02   2.84218604054083e+04
   0.00000   4.09920423177500e+03   3.44723694032681e+04
   0.00000   4.50570834150404e+03   0.00000000000000e+00
   4.00000   2.64154179911570e+02   6.30109033469945e+11
   8.00000   3.29959058309243e+01   0.00000000000000e+00
   9.00000   9.65237753800142e+00   1.72785932678129e+03
   9.00000   3.29959058309243e+01   2.17833737999645e+10
   9.00000   1.02617703432118e+02   4.59866170460829e+15
  10.00000   3.74972228696533e+00   6.06439170973182e-04
  10.00000   4.12156946359014e+00   0.00000000000000e+00
  10.00000   1.06095709140814e+01   7.50989898468466e+03
  10.00000   1.40892663347265e+01   5.28310558296145e+05
  10.00000   1.54864508476956e+01   1.60024207631430e+06
  10.00000   4.38178046004133e+01   9.54054312582887e+11
  10.00000   4.81630669104250e+01   1.09253160912340e+12
  10.00000   1.49787774941555e+02   1.00857701287087e+18
  10.00000   1.64641717965161e+02   2.12769364690048e+18
  10.00000   4.23813791711766e+02   6.68246358210484e+22
  10.00000   7.47405351528298e+02   2.06729565903139e+25
  10.00000   2.80831279006647e+03   1.57875577965047e+31
  10.00000   3.08680359609112e+03   0.00000000000000e+00
STATE 48 +0 26 Cd
   0.00000   1.32525785851556e+00   2.61719022290218e-04
   0.00000   1.45667916262171e+00   5.17152547287955e-01
   0.00000   2.56888714547464e+00   4.51383425777762e+00
   0.00000   1.16616858942536e+01   6.26960878036379e+02
   0.00000   3.00190217745484e+01   0.00000000000000e+00
   0.00000   3.29959058309243e+01   5.21734975736507e+03
   0.00000   1.23979342903200e+02   9.98767351040610e+04
   0.00000   8.21522992380307e+02   2.92454070487406e+04
   0.00000   4.50570834150404e+03   3.83972922847831e+04
   4.00000   2.64154179911570e+02   6.51447671663852e+11
   8.00000   3.29959058309243e+01   0.00000000000000e+00
   9.00000   9.65237753800142e+00   2.57034070831370e+03
   9.00000   3.29959058309243e+01   1.96425545690014e+10
   9.00000   1.02617703432118e+02   4.95947333534762e+15
  10.00000   3.74972228696533e+00   3.63876103201157e-04
  10.00000   4.12156946359014e+00   0.00000000000000e+00
  10.00000   1.06095709140814e+01   4.83822838239060e+03
  10.00000   1.40892663347265e+01   5.68804308452280e+05
  10.00000   1.54864508476956e+01   1.50606123597682e+06
  10.00000   4.38178046004133e+01   1.22152571885434e+12
  10.00000   1.49787774941555e+02   1.07138686532857e+18
  10.00000   1.64641717965161e+02   2.57531168398602e+18
  10.00000   4.23813791711766e+02   4.22601890834921e+22
  10.00000   7.47405351528298e+02   1.13129645402885e+25
  10.00000   2.80831279006647e+03   1.98387434962772e+31
  10.00000   3.08680359609112e+03   0.00000000000000e+00
STATE 49 -1 27 Cd
   0.00000   1.32525785851556e+00   3.32013809384403e-01
   0.00000   2.56888714547464e+00   0.00000000000000e+00
   0.00000   2.82363492651247e+00   8.73851970704564e+00
   0.00000   1.16616858942536e+01   5.79976572793902e+02
   0.00000   3.29959058309243e+01   5.20807902920153e+03
   0.00000   1.23979342903200e+02   1.00346134031945e+05
   0.00000   9.02990627013114e+02   3.10117457584887e+04
   0.00000   4.95252407804732e+03   3.90912091761113e+04
   4.00000   2.90349449447985e+02   0.00000000000000e+00
   5.00000   3.19142414566258e+02   5.44487639940652e+13
   7.00000   9.33595546540749e+01   7.81500452860395e+12
   8.00000   3.29959058309243e+01   9.87392710657455e+09
   9.00000   9.65237753800142e+00   1.17636755571620e+02
   9.00000   3.62679973311556e+01   0.00000000000000e+00
   9.00000   1.02617703432118e+02   3.95515557020127e+15
  10.00000   1.45667916262171e+00   2.72968521234075e-09
  10.00000   1.60113306944888e+00   4.77135543506838e-08
  10.00000   3.41142308860106e+00   0.00000000000000e+00
  10.00000   3.74972228696533e+00   1.76590741863253e-03
  10.00000   9.65237753800142e+00   1.83393890902943e+03
  10.00000   1.40892663347265e+01   9.72047347148277e+05
  10.00000   3.62679973311556e+01   0.00000000000000e+00
  10.00000   4.38178046004133e+01   7.65766223540917e+10
  10.00000   1.64641717965161e+02   4.02063473058914e+18
  10.00000   4.23813791711766e+02   1.07272085374356e+23
  10.00000   7.47405351528298e+02   3.62481841677379e+25
  10.00000   3.39291138599114e+03   2.50341586174825e+32
STATE 50 -2 26 Cd
   0.00000   2.33712265853562e+00   1.56977078229623e+00
   0.00000   2.56888714547464e+00   6.97400272381658e+00
   0.00000   1.16616858942536e+01   5.51506501164124e+02
   0.00000   3.00190217745484e+01   2.16920889124771e+03
   0.00000   3.29959058309243e+01   2.81207120059222e+03
   0.00000   1.23979342903200e+02   1.00525996158410e+05
   0.00000   9.02990627013114e+02   3.22322265069965e+04
   4.00000   2.64154179911570e+02   5.31923559102820e+11
   4.00000   2.90349449447985e+02   0.00000000000000e+00
   5.00000   3.19142414566258e+02   0.00000000000000e+00
   7.00000   9.33595546540749e+01   9.31233134099125e+12
   8.00000   3.29959058309243e+01   9.92966889408067e+09
   9.00000   9.65237753800142e+00   1.77335694722300e+03
   9.00000   3.62679973311556e+01   0.00000000000000e+00
   9.00000   1.02617703432118e+02   3.39587825055563e+15
  10.00000   1.45667916262171e+00   3.70557062751412e-08
  10.00000   1.60113306944888e+00   1.90314647973644e-08
  10.00000   3.74972228696533e+00   4.22177718847486e-03
  10.00000   4.12156946359014e+00   5.99329077193568e-03
  10.00000   1.40892663347265e+01   8.84549568287217e+05
  10.00000   3.62679973311556e+01   0.00000000000000e+00
  10.00000   4.38178046004133e+01   1.21528828411623e+11
  10.00000   1.64641717965161e+02   3.45993247211302e+18
  10.00000   4.23813791711766e+02   8.55208724875826e+22
  10.00000   7.47405351528298e+02   2.62526311253280e+25
  10.00000   3.39291138599114e+03   2.58017068614975e+32
# orbitals: 1s2
CORE 2 6 Cd
   0.00000   9.33595546540749e+01   4.61503473951089e+04
   0.00000   1.02617703432118e+02   1.50707847683365e+04
   0.00000   1.36273951700926e+02   2.10339677013785e+04
   0.00000   1.49787774941555e+02   0.00000000000000e+00
   0.00000   2.90349449447985e+02   0.00000000000000e+00
   0.00000   3.19142414566258e+02   1.96394820917058e+04
# orbitals: 1s2 2s2
CORE 4 17 Cd
   0.00000   2.73107116052030e+01   2.56835998779429e+02
   0.00000   3.00190217745484e+01   1.96961055573708e+02
   0.00000   1.02617703432118e+02   1.96403387720643e+04
   0.00000   1.12793951264017e+02   7.76218884796882e+04
   0.00000   5.62814974904607e+02   2.66861618151786e+04
   0.00000   2.80831279006647e+03   3.40606861946810e+04
   4.00000   4.81630669104250e+01   4.87031593930567e+07
   5.00000   5.81890374472019e+01   1.13639391117900e+09
   5.00000   2.64154179911570e+02   0.00000000000000e+00
   6.00000   2.90349449447985e+02   1.04189249155154e+15
   8.00000   9.33595546540749e+01   2.07950482490109e+13
   9.00000   1.02617703432118e+02   0.00000000000000e+00
  10.00000   1.23979342903200e+02   3.52971529500988e+16
  10.00000   3.50790679881855e+02   5.35803825882601e+21
  10.00000   6.18627417364129e+02   1.57158743463215e+24
  10.00000   1.92393944798305e+03   2.43984109143127e+29
  10.00000   2.11472996444782e+03   0.00000000000000e+00
# orbitals: 1s2 2s2 2p6
CORE 10 14 Cd
   0.00000   2.73107116052030e+01   0.00000000000000e+00
   0.00000   3.00190217745484e+01   4.76688274195950e+03
   0.00000   1.23979342903200e+02   9.92949487648750e+04
   0.00000   9.02990627013114e+02   3.08501425840285e+04
   3.00000   4.38178046004133e+01   4.26150556726862e+06
   4.00000   5.29392340709876e+01   3.42935541436967e+08
   4.00000   2.64154179911570e+02   9.58832538239504e+11
   7.00000   8.49366742159934e+01   7.15074648659490e+11
  10.00000   1.23979342903200e+02   6.18490491657409e+16
  10.00000   1.36273951700926e+02   1.45643107214987e+17
  10.00000   3.85577395781803e+02   2.71650951219094e+22
  10.00000   4.23813791711766e+02   0.00000000000000e+00
  10.00000   7.47405351528298e+02   9.66614791507260e+24
  10.00000   3.39291138599114e+03   2.06659182403536e+32
# orbitals: 1s2 2s2 2p6 3s2
CORE 12 18 Cd
   0.00000   2.48467446402587e+01   1.38399712037293e+03
   0.00000   2.73107116052030e+01   3.08047827413238e+03
   0.00000   1.12793951264017e+02   8.69309472411054e+03
   0.00000   1.23979342903200e+02   9.23731613034686e+04
   0.00000   8.21522992380307e+02   2.95770737821658e+04
   0.00000   9.02990627013114e+02   0.00000000000000e+00
   4.00000   2.64154179911570e+02   7.10301310171089e+11
   7.00000   8.49366742159934e+01   6.89948033425647e+11
   8.00000   8.49366742159934e+01   6.61062648404493e+13
   9.00000   2.48467446402587e+01   2.82646644961351e+06
  10.00000   2.73107116052030e+01   3.05845497555262e+08
  10.00000   3.62679973311556e+01   2.99651747787887e+10
  10.00000   3.98645709911055e+01   4.71932027328276e+10
  10.00000   1.36273951700926e+02   3.86519601156413e+17
  10.00000   1.49787774941555e+02   7.76177443116551e+17
  10.00000   4.23813791711766e+02   6.31327555925531e+22
  10.00000   7.47405351528298e+02   1.45765667872547e+25
  10.00000   3.39291138599114e+03   8.64090437230054e+31
# orbitals: 1s2 2s2 2p6 3s2 3p6
CORE 18 20 Cd
   0.00000   1.06095709140814e+01   5.14521767061032e+01
   0.00000   1.16616858942536e+01   5.81082878969599e+01
   0.00000   3.00190217745484e+01   5.66840833864980e+03
   0.00000   1.23979342903200e+02   9.98318087299948e+04
   0.00000   8.21522992380307e+02   2.81294368773023e+04
   0.00000   3.72937484191285e+03   2.03479467849711e+04
   0.00000   4.09920423177500e+03   1.03435761815074e+04
   4.00000   2.90349449447985e+02   0.00000000000000e+00
   5.00000   3.19142414566258e+02   8.31331893557000e+13
   7.00000   2.48467446402587e+01   5.22696278010226e+07
   7.00000   8.49366742159934e+01   0.00000000000000e+00
   8.00000   2.48467446402587e+01   4.51006736618902e+07
   8.00000   9.33595546540749e+01   1.14998077624695e+14
   9.00000   4.23813791711766e+02   0.00000000000000e+00
  10.00000   3.98645709911055e+01   3.20322436127647e+11
  10.00000   1.02617703432118e+02   2.19755320673793e+16
  10.00000   1.49787774941555e+02   2.19361846802664e+18
  10.00000   4.23813791711766e+02   5.35634301030076e+22
  10.00000   7.47405351528298e+02   1.47060463117546e+25
  10.00000   3.08680359609112e+03   2.69346172462778e+31
# orbitals: 1s2 2s2 2p6 3s2 3p6 3d10
CORE 28 20 Cd
   0.00000   1.06095709140814e+01   2.89743326356614e+02
   0.00000   1.16616858942536e+01   1.74896738107169e+02
   0.00000   3.00190217745484e+01   4.91401473470724e+03
   0.00000   1.23979342903200e+02   1.00553891715607e+05
   0.00000   9.02990627013114e+02   3.06655714669437e+04
   0.00000   4.50570834150404e+03   3.12575451884893e+04
   0.00000   4.95252407804732e+03   0.00000000000000e+00
   4.00000   2.90349449447985e+02   0.00000000000000e+00
   5.00000   3.19142414566258e+02   7.91288172727397e+13
   6.00000   2.26050762844499e+01   2.16736353956875e+07
   7.00000   2.26050762844499e+01   0.00000000000000e+00
   9.00000   1.02617703432118e+02   3.26843704916252e+15
  10.00000   3.98645709911055e+01   2.71889473610410e+11
  10.00000   4.38178046004133e+01   4.65589499359453e+11
  10.00000   1.02617703432118e+02   9.93908757003562e+15
  10.00000   1.49787774941555e+02   1.71676268386533e+18
  10.00000   1.64641717965161e+02   3.20671258316761e+17
  10.00000   4.23813791711766e+02   8.05333714984797e+22
  10.00000   7.47405351528298e+02   2.35359842714249e+25
  10.00000   3.39291138599114e+03   1.88813941508845e+32
# orbitals: 1s2 2s2 2p6 3s2 3p6 3d10 4s2
CORE 30 26 Cd
   0.00000   4.53029145711658e+00   0.00000000000000e+00
   0.00000   8.78154195778627e+00   2.82443222603233e+02
   0.00000   9.65237753800142e+00   3.68045179428428e+01
   0.00000   3.00190217745484e+01   5.16255954529336e+03
   0.00000   3.29959058309243e+01   0.00000000000000e+00
   0.00000   1.23979342903200e+02   1.00708387513157e+05
   0.00000   8.21522992380307e+02   2.45291751124560e+04
   0.00000   9.02990627013114e+02   4.16962091443301e+03
   0.00000   5.44364900801611e+03   5.56997466866171e+04
   4.00000   2.90349449447985e+02   0.00000000000000e+00
   5.00000   3.19142414566258e+02   8.11615015086972e+13
   7.00000   9.33595546540749e+01   0.00000000000000e+00
   8.00000   3.00190217745484e+01   2.33023368526334e+09
   9.00000   9.65237753800142e+00   7.22088590952703e+01
   9.00000   1.02617703432118e+02   2.64447534982551e+15
   9.00000   3.08680359609112e+03   0.00000000000000e+00
  10.00000   9.65237753800142e+00   8.18631064209157e+01
  10.00000   1.40892663347265e+01   1.85516080950245e+05
  10.00000   3.98645709911055e+01   4.20928313896888e+09
  10.00000   4.38178046004133e+01   8.97498028739170e+11
  10.00000   1.02617703432118e+02   1.76180023752336e+16
  10.00000   1.49787774941555e+02   2.10459894732398e+18
  10.00000   1.64641717965161e+02   0.00000000000000e+00
  10.00000   4.23813791711766e+02   7.08343652321644e+22
  10.00000   7.47405351528298e+02   2.13591551437812e+25
  10.00000   3.08680359609112e+03   1.89602143909237e+31
# orbitals: 1s2 2s2 2p6 3s2 3p6 3d10 4s2 4p6
CORE 36 23 Cd
   0.00000   4.12156946359014e+00   6.46530569808891e+00
   0.00000   4.53029145711658e+00   2.01030663775497e+00
   0.00000   1.06095709140814e+01   4.63119855944985e+02
   0.00000   3.29959058309243e+01   5.63620504643262e+03
   0.00000   1.23979342903200e+02   9.97206662642631e+04
   0.00000   8.21522992380307e+02   2.60600156027991e+04
   0.00000   9.02990627013114e+02   3.16401211482014e+03
   0.00000   4.95252407804732e+03   4.57567139382374e+04
   5.00000   3.19142414566258e+02   8.31730812532833e+13
   9.00000   9.65237753800142e+00   0.00000000000000e+00
   9.00000   3.29959058309243e+01   1.33049324464892e+10
   9.00000   1.02617703432118e+02   3.26193364277406e+15
  10.00000   1.06095709140814e+01   5.35966077891519e+03
  10.00000   1.40892663347265e+01   3.11082643963177e+05
  10.00000   1.54864508476956e+01   1.35722891902628e+06
  10.00000   3.29959058309243e+01   1.34145590511280e+10
  10.00000   4.38178046004133e+01   1.29672676916682e+12
  10.00000   1.02617703432118e+02   1.54506902837848e+16
  10.00000   1.49787774941555e+02   2.04374463976105e+18
  10.00000   1.64641717965161e+02   8.67513365364431e+17
  10.00000   4.23813791711766e+02   4.23187734424159e+22
  10.00000   7.47405351528298e+02   1.02862225041432e+25
  10.00000   3.08680359609112e+03   3.69656403394899e+31
# orbitals: 1s2 2s2 2p6 3s2 3p6 3d10 4s2 4p6 4d10
CORE 46 28 Cd
   0.00000   2.56888714547464e+00   5.42171781402684e+00
   0.00000   2.82363492651247e+00   1.99567503583468e+00
   0.00000   1.16616858942536e+01   0.00000000000000e+00
   0.00000   1.28181355304140e+01   6.31030140525372e+02
   0.00000   3.00190217745484e+01   4.65389397454783e+03
   0.00000   3.29959058309243e+01   0.00000000000000e+00
   0.00000   1.23979342903200e+02   1.00725015698670e+05
   0.00000   8.21522992380307e+02   2.83450524027530e+04
   0.00000   4.09920423177500e+03   3.46614270532498e+04
   0.00000   4.50570834150404e+03   0.00000000000000e+00
   4.00000   2.64154179911570e+02   6.30374119922672e+11
   8.00000   3.29959058309243e+01   0.00000000000000e+00
   9.00000   9.65237753800142e+00   4.25636334742202e+03
   9.00000   3.29959058309243e+01   2.33510703050189e+10
   9.00000   1.02617703432118e+02   4.50952013226003e+15
  10.00000   3.10364517657625e+00   1.99727664485482e-06
  10.00000   3.41142308860106e+00   4.85582139956137e-06
  10.00000   9.65237753800142e+00   1.51972834502228e+00
  10.00000   1.40892663347265e+01   5.93920243850835e+05
  10.00000   1.54864508476956e+01   1.11631727569946e+06
  10.00000   4.38178046004133e+01   8.61384423354232e+11
  10.00000   4.81630669104250e+01   1.48431393725805e+12
  10.00000   1.49787774941555e+02   1.01960330234397e+18
  10.00000   1.64641717965161e+02   2.00319283776244e+18
  10.00000   4.23813791711766e+02   6.90301465921526e+22
  10.00000   7.47405351528298e+02   2.14415550501057e+25
  10.00000   2.80831279006647e+03   1.52966515480138e+31
  10.00000   3.08680359609112e+03   0.00000000000000e+00
