# Free-atom, free-ion and frozen-core density fits -- Ga (Z = 31)
#
#   rho(r) = sum_i c_i r^n_i exp(-alpha_i r)      r in bohr, rho in e/bohr^3
#
# All-electron B86BPBE densities (scalar-relativistic, spin-restricted),
# fitted with rhofit.py (monotone decay imposed).  Two kinds of block:
#
#   STATE <N> <q> <nterm> <symbol>
#     the atom or ion with N electrons (charge q), in order of increasing N;
#   CORE <N_core> <nterm> <symbol>
#     the frozen core of the neutral atom with N_core electrons, for a
#     pseudopotential with Z - N_core valence electrons, in order of
#     increasing N_core, each preceded by a '# orbitals:' comment.
#
# Each block header is followed by nterm lines:   n   alpha   c
#
# Generated 2026-09-23 by combine_fits.py from
#   /home/alberto/doc/manuals/critic2/atomic_density_fits/15_rhofit/rho_b86bpbe_mono/fit_031_Ga.dat
#     recipe: --npow 0,1,2,3,4,5,6,7,8,9,10 --amin 0.2 --ratio 1.1 --mom 3 --cusp none --targetz 1e-3 --besteffort --monotone --stats
#   /home/alberto/doc/manuals/critic2/atomic_density_fits/15_rhofit/core_b86bpbe_mono/core_031_Ga.dat
#     recipe: --npow 0,1,2,3,4,5,6,7,8,9,10 --amin 0.2 --ratio 1.1 --mom 3 --cusp none --besteffort --monotone --stats --target 1e-3*N_core
#
STATE 28 +3 18 Ga
   0.00000   4.16480715247686e+00   3.64153160105474e+01
   0.00000   4.57931005620563e+00   2.25299067550209e+00
   0.00000   1.90054145550104e+01   1.05737997882002e+03
   0.00000   7.17380374180950e+01   2.09701380101414e+04
   0.00000   7.88777737201514e+01   1.30881146491601e+03
   0.00000   9.29583970837541e+02   6.83459355656530e+03
   1.00000   1.35865514906904e+03   0.00000000000000e+00
   2.00000   1.26759468684575e+02   0.00000000000000e+00
   3.00000   1.53246553646481e+02   3.90819591390604e+08
   6.00000   4.90827490175848e+01   7.08328687185021e+09
   7.00000   1.30033943797775e+01   0.00000000000000e+00
   8.00000   1.42975586787278e+01   3.38618496837496e+05
  10.00000   6.08717110030845e+00   1.00640053476476e-01
  10.00000   2.08969305919380e+01   5.97635647478330e+06
  10.00000   2.29766999767522e+01   2.29381093196203e+08
  10.00000   5.93388581420848e+01   1.33203989082936e+13
  10.00000   9.53597163774721e+01   3.11691276159569e+15
  10.00000   2.70783149596875e+02   1.00611050753838e+20
STATE 29 +2 21 Ga
   0.00000   2.14367441449266e+00   2.53399150017167e-01
   0.00000   4.16480715247686e+00   3.76533049748522e+01
   0.00000   4.57931005620563e+00   0.00000000000000e+00
   0.00000   1.90054145550104e+01   1.05705514084954e+03
   0.00000   7.17380374180950e+01   2.18102341009835e+04
   0.00000   7.88777737201514e+01   4.87594608976285e+02
   0.00000   6.36015959921983e+02   2.67742637756869e+03
   3.00000   1.53246553646481e+02   1.05335600885363e+08
   4.00000   1.68498434261197e+02   1.46995897933489e+10
   6.00000   4.90827490175848e+01   6.76321681696678e+09
   8.00000   4.57931005620563e+00   0.00000000000000e+00
   9.00000   4.57931005620563e+00   4.08153298132172e-02
   9.00000   1.57205248261616e+01   1.23517637701514e+06
  10.00000   6.08717110030845e+00   1.88919952245422e-01
  10.00000   6.69299749375169e+00   4.04922455025981e+00
  10.00000   2.29766999767522e+01   2.55875622820653e+08
  10.00000   5.93388581420848e+01   1.44276535117451e+13
  10.00000   8.67280930866121e+01   1.93178589106260e+14
  10.00000   9.53597163774721e+01   2.95897482485129e+15
  10.00000   2.70783149596875e+02   2.00204872249073e+19
  10.00000   2.63964370910843e+03   1.82244942870024e+30
STATE 30 +1 22 Ga
   0.00000   1.94963660998712e+00   9.55059754489469e-01
   0.00000   4.16480715247686e+00   1.06546902834092e+01
   0.00000   4.57931005620563e+00   2.86793625640602e+01
   0.00000   1.90054145550104e+01   1.05268049264021e+03
   0.00000   7.17380374180950e+01   2.16534894859459e+04
   0.00000   7.88777737201514e+01   6.59715041943995e+02
   0.00000   6.36015959921983e+02   2.66977957342211e+03
   3.00000   1.53246553646481e+02   1.33522611170721e+08
   4.00000   1.68498434261197e+02   1.36419711721122e+10
   6.00000   4.90827490175848e+01   6.88584118441052e+09
   8.00000   4.16480715247686e+00   0.00000000000000e+00
   8.00000   1.42975586787278e+01   1.27341780966639e+05
   9.00000   4.16480715247686e+00   0.00000000000000e+00
   9.00000   1.57205248261616e+01   8.59167503565822e+05
  10.00000   4.57931005620563e+00   1.21319012104337e-02
  10.00000   6.08717110030845e+00   1.29108358400220e+00
  10.00000   2.29766999767522e+01   2.63832239027884e+08
  10.00000   5.93388581420848e+01   1.37782398838718e+13
  10.00000   8.67280930866121e+01   1.65193508811983e+14
  10.00000   9.53597163774721e+01   2.91088816985346e+15
  10.00000   2.70783149596875e+02   2.74536212042529e+19
  10.00000   2.63964370910843e+03   1.91085974363021e+30
STATE 31 +0 25 Ga
   0.00000   1.33393005785457e+00   2.41366347509303e-01
   0.00000   1.46668959799870e+00   1.99287317659542e-01
   0.00000   4.16480715247686e+00   1.17715026270501e+01
   0.00000   4.57931005620563e+00   2.79191035922360e+01
   0.00000   1.90054145550104e+01   1.06490837924233e+03
   0.00000   7.17380374180950e+01   2.06726796426332e+04
   0.00000   7.88777737201514e+01   1.66329057644932e+03
   0.00000   6.36015959921983e+02   2.52887316761057e+03
   0.00000   6.99315520394720e+02   0.00000000000000e+00
   1.00000   9.29583970837541e+02   0.00000000000000e+00
   3.00000   1.53246553646481e+02   2.05130269166287e+08
   4.00000   1.68498434261197e+02   1.18769635976322e+10
   5.00000   1.80602891203901e+03   6.06047507609075e+16
   6.00000   4.90827490175848e+01   6.63612271474200e+09
   7.00000   1.42975586787278e+01   4.22844867957610e+04
   8.00000   1.42975586787278e+01   3.21327660780564e+05
  10.00000   1.77316241930409e+00   0.00000000000000e+00
  10.00000   1.94963660998712e+00   4.21322330971697e-08
  10.00000   5.53618196316705e+00   0.00000000000000e+00
  10.00000   6.08717110030845e+00   7.99056031033206e-01
  10.00000   2.29766999767522e+01   2.50921652627651e+08
  10.00000   5.93388581420848e+01   1.43880005205439e+13
  10.00000   8.67280930866121e+01   2.88840995480312e+14
  10.00000   9.53597163774721e+01   2.67898241676273e+15
  10.00000   2.70783149596875e+02   4.17669111746495e+19
STATE 32 -1 24 Ga
   0.00000   8.30055808483871e-01   0.00000000000000e+00
   0.00000   1.21318744039356e+00   1.96301471181985e-01
   0.00000   1.33393005785457e+00   2.35508565852647e-01
   0.00000   4.16480715247686e+00   7.67215825385533e+00
   0.00000   4.57931005620563e+00   3.27757732692652e+01
   0.00000   1.90054145550104e+01   1.05808359246824e+03
   0.00000   7.17380374180950e+01   2.11666022204109e+04
   0.00000   7.88777737201514e+01   1.15710727469710e+03
   0.00000   6.36015959921983e+02   2.60703965372083e+03
   3.00000   1.53246553646481e+02   1.68002067455262e+08
   4.00000   1.68498434261197e+02   1.28040384816268e+10
   6.00000   4.90827490175848e+01   6.79438563943410e+09
   7.00000   1.42975586787278e+01   0.00000000000000e+00
   8.00000   1.42975586787278e+01   2.99595762225622e+05
   8.00000   2.40071252322988e+03   1.12819327050957e+25
   9.00000   1.57205248261616e+01   2.83478963397718e+05
  10.00000   1.94963660998712e+00   6.51810981848366e-08
  10.00000   5.53618196316705e+00   4.68904388301704e-02
  10.00000   6.08717110030845e+00   5.78603345637443e-01
  10.00000   2.29766999767522e+01   2.64691208423719e+08
  10.00000   5.93388581420848e+01   1.38543842997454e+13
  10.00000   8.67280930866121e+01   2.16027164346785e+14
  10.00000   9.53597163774721e+01   2.79117641440715e+15
  10.00000   2.70783149596875e+02   3.47650091755783e+19
STATE 33 -2 23 Ga
   0.00000   9.12667206869718e-01   1.53826222653949e-03
   0.00000   1.21318744039356e+00   4.57809789632966e-01
   0.00000   4.16480715247686e+00   1.19047910739618e+00
   0.00000   4.57931005620563e+00   4.01026459203533e+01
   0.00000   1.90054145550104e+01   1.04186073724853e+03
   0.00000   7.17380374180950e+01   2.23160754795451e+04
   0.00000   7.88777737201514e+01   0.00000000000000e+00
   0.00000   6.99315520394720e+02   1.35674213537383e+03
   1.00000   9.29583970837541e+02   1.60749105353849e+06
   3.00000   1.53246553646481e+02   5.18663542978965e+07
   4.00000   1.68498434261197e+02   1.62758703362683e+10
   6.00000   4.90827490175848e+01   7.20206770996744e+09
   7.00000   1.42975586787278e+01   8.53138374480534e+03
   8.00000   1.42975586787278e+01   3.76763433915530e+05
   8.00000   1.57205248261616e+01   0.00000000000000e+00
  10.00000   1.77316241930409e+00   9.15789134199279e-10
  10.00000   1.94963660998712e+00   7.60180104750792e-08
  10.00000   5.53618196316705e+00   9.16577590207956e-02
  10.00000   6.08717110030845e+00   2.97142027426000e-01
  10.00000   2.29766999767522e+01   2.62904525399915e+08
  10.00000   5.93388581420848e+01   1.28203661176876e+13
  10.00000   9.53597163774721e+01   3.16934323390155e+15
  10.00000   2.70783149596875e+02   1.87956128378107e+19
STATE 34 -3 24 Ga
   0.00000   1.10337401639774e+00   2.27372612386354e-01
   0.00000   1.21318744039356e+00   2.29219282779066e-01
   0.00000   4.16480715247686e+00   0.00000000000000e+00
   0.00000   4.57931005620563e+00   4.13195716732713e+01
   0.00000   1.90054145550104e+01   1.05478076843984e+03
   0.00000   7.17380374180950e+01   2.13313185638016e+04
   0.00000   7.88777737201514e+01   9.83816787614752e+02
   0.00000   6.36015959921983e+02   2.65378547320067e+03
   3.00000   1.53246553646481e+02   1.68863220546595e+08
   4.00000   1.68498434261197e+02   1.24240508960523e+10
   6.00000   4.90827490175848e+01   6.94257432367084e+09
   7.00000   1.42975586787278e+01   2.07518328376731e+04
   8.00000   1.42975586787278e+01   3.64317001544147e+05
   8.00000   2.40071252322988e+03   0.00000000000000e+00
  10.00000   1.77316241930409e+00   1.02242863669972e-08
  10.00000   1.94963660998712e+00   5.22667211921957e-09
  10.00000   5.03506640839176e+00   7.97991954725024e-03
  10.00000   5.53618196316705e+00   2.30104581874629e-01
  10.00000   2.29766999767522e+01   2.62430489539647e+08
  10.00000   5.93388581420848e+01   1.32814877452387e+13
  10.00000   8.67280930866121e+01   1.57677168449234e+14
  10.00000   9.53597163774721e+01   2.84097041692733e+15
  10.00000   2.70783149596875e+02   3.56391733100203e+19
  10.00000   2.63964370910843e+03   1.95611293786674e+30
# orbitals: 1s2
CORE 2 6 Ga
   0.00000   5.93388581420848e+01   1.36087784874200e+04
   0.00000   6.52445647218518e+01   1.12704908251676e+03
   0.00000   7.88777737201514e+01   4.93309909638453e+03
   0.00000   8.67280930866121e+01   0.00000000000000e+00
   0.00000   1.53246553646481e+02   0.00000000000000e+00
   0.00000   1.68498434261197e+02   1.59945428582422e+03
# orbitals: 1s2 2s2
CORE 4 14 Ga
   0.00000   1.57205248261616e+01   3.60157309174168e+01
   0.00000   6.52445647218518e+01   1.63550036717627e+04
   0.00000   7.17380374180950e+01   6.21682135720512e+03
   0.00000   5.26087166309806e+02   2.93925220391076e+03
   3.00000   2.52634586452309e+01   6.85275621430783e+04
   4.00000   3.05423966410419e+01   2.58248239579470e+06
   4.00000   1.53246553646481e+02   8.58268081968377e+09
   7.00000   4.90827490175848e+01   5.68583302926658e+09
   9.00000   1.98577414413530e+03   0.00000000000000e+00
  10.00000   7.17380374180950e+01   0.00000000000000e+00
  10.00000   7.88777737201514e+01   1.11786410356263e+14
  10.00000   2.23981077256832e+02   1.03750563663003e+19
  10.00000   4.35158429970580e+02   0.00000000000000e+00
  10.00000   1.98577414413530e+03   2.52016805686094e+29
# orbitals: 1s2 2s2 2p6
CORE 10 16 Ga
   0.00000   1.72851118406429e+01   5.39606329512415e+02
   0.00000   1.90054145550104e+01   3.01408379157217e+02
   0.00000   7.17380374180950e+01   2.23426387957623e+04
   0.00000   6.36015959921983e+02   2.35365397870484e+03
   1.00000   8.45441326980151e+02   0.00000000000000e+00
   3.00000   2.77778072292829e+01   1.20292120011484e+06
   3.00000   1.53246553646481e+02   5.69235411633507e+07
   4.00000   3.35821321272381e+01   0.00000000000000e+00
   4.00000   1.68498434261197e+02   2.17394782238594e+10
   4.00000   1.49387545671767e+03   0.00000000000000e+00
   7.00000   5.39677151747043e+01   2.57678531001532e+10
  10.00000   7.88777737201514e+01   2.00608868053511e+13
  10.00000   8.67280930866121e+01   3.14647474070712e+14
  10.00000   2.46272819348189e+02   6.45228621289524e+19
  10.00000   2.70783149596875e+02   0.00000000000000e+00
  10.00000   4.78467622017463e+02   4.26245441787270e+22
# orbitals: 1s2 2s2 2p6 3s2
CORE 12 19 Ga
   0.00000   5.53618196316705e+00   1.69701512929134e+00
   0.00000   1.57205248261616e+01   7.43211767619779e+02
   0.00000   1.72851118406429e+01   1.83700622602059e+02
   0.00000   7.17380374180950e+01   1.42464019622000e+04
   0.00000   7.88777737201514e+01   8.58613564896351e+03
   0.00000   6.36015959921983e+02   0.00000000000000e+00
   0.00000   6.99315520394720e+02   2.14961555634003e+03
   3.00000   1.53246553646481e+02   7.12990900827722e+08
   4.00000   1.68498434261197e+02   8.95410170212872e+09
   6.00000   1.18263732428392e+01   6.22216730333136e+03
   6.00000   4.46399526703034e+01   2.24148490015190e+09
   8.00000   1.30033943797775e+01   3.22134183027899e+03
   9.00000   5.39677151747043e+01   8.25676820052732e+11
  10.00000   2.08969305919380e+01   1.44182160896639e+07
  10.00000   2.29766999767522e+01   2.69563653434340e+07
  10.00000   5.93388581420848e+01   0.00000000000000e+00
  10.00000   8.67280930866121e+01   1.32318215652772e+15
  10.00000   2.46272819348189e+02   6.21200864221625e+19
  10.00000   2.70783149596875e+02   0.00000000000000e+00
# orbitals: 1s2 2s2 2p6 3s2 3p6
CORE 18 21 Ga
   0.00000   5.03506640839176e+00   4.53889625115358e+00
   0.00000   5.53618196316705e+00   9.32815501731895e+00
   0.00000   1.72851118406429e+01   4.83337871242402e+02
   0.00000   1.90054145550104e+01   7.33212230531968e+02
   0.00000   7.17380374180950e+01   6.35114877036444e+03
   0.00000   7.88777737201514e+01   1.64154635888389e+04
   0.00000   7.68914976795437e+02   1.55735760028004e+03
   3.00000   1.53246553646481e+02   1.09385108276473e+09
   4.00000   8.89684699623946e+00   8.28230832597806e+02
   6.00000   1.18263732428392e+01   6.20910050018217e+03
   6.00000   4.90827490175848e+01   3.21150305725581e+09
   7.00000   1.42975586787278e+01   1.53277173344236e+05
   8.00000   1.57205248261616e+01   0.00000000000000e+00
  10.00000   2.29766999767522e+01   1.57246638689877e+08
  10.00000   5.93388581420848e+01   2.46226916051252e+13
  10.00000   8.67280930866121e+01   1.83687110113147e+15
  10.00000   9.53597163774721e+01   0.00000000000000e+00
  10.00000   2.46272819348189e+02   5.77498311801436e+19
  10.00000   2.70783149596875e+02   4.25798708552367e+19
  10.00000   4.78467622017463e+02   0.00000000000000e+00
  10.00000   3.19121171359647e+03   0.00000000000000e+00
# orbitals: 1s2 2s2 2p6 3s2 3p6 3d10
CORE 28 20 Ga
   0.00000   1.77316241930409e+00   5.55577677512862e-03
   0.00000   3.78782358137480e+00   1.48207417761783e+00
   0.00000   4.16480715247686e+00   3.58225112645979e+01
   0.00000   1.90054145550104e+01   1.09199977860250e+03
   0.00000   7.17380374180950e+01   1.88526594581441e+04
   0.00000   7.88777737201514e+01   3.50901516478966e+03
   0.00000   6.99315520394720e+02   1.53811445436223e+03
   1.00000   9.29583970837541e+02   1.23022236388289e+06
   3.00000   1.53246553646481e+02   3.30500980413649e+08
   4.00000   1.68498434261197e+02   8.88209573726389e+09
   6.00000   4.90827490175848e+01   6.05187817378705e+09
   8.00000   1.42975586787278e+01   2.80925066110866e+05
   8.00000   1.57205248261616e+01   2.01040157772415e+05
  10.00000   6.08717110030845e+00   4.15182353643149e-01
  10.00000   2.08969305919380e+01   0.00000000000000e+00
  10.00000   2.29766999767522e+01   2.33599712288447e+08
  10.00000   5.93388581420848e+01   1.60496082360592e+13
  10.00000   8.67280930866121e+01   5.45003307844016e+14
  10.00000   9.53597163774721e+01   2.24845644186728e+15
  10.00000   2.70783149596875e+02   6.68898643244582e+19
# orbitals: 1s2 2s2 2p6 3s2 3p6 3d10 4s2
CORE 30 21 Ga
   0.00000   1.61266204641751e+00   0.00000000000000e+00
   0.00000   1.77316241930409e+00   8.02066017291620e-01
   0.00000   4.16480715247686e+00   4.87554327347662e+00
   0.00000   4.57931005620563e+00   3.53124294426235e+01
   0.00000   1.90054145550104e+01   1.05320754875986e+03
   0.00000   7.17380374180950e+01   2.08384734906745e+04
   0.00000   7.88777737201514e+01   1.47130171134177e+03
   0.00000   9.29583970837541e+02   6.77876770551484e+03
   1.00000   1.35865514906904e+03   0.00000000000000e+00
   2.00000   1.26759468684575e+02   0.00000000000000e+00
   3.00000   1.53246553646481e+02   3.99729208393368e+08
   6.00000   4.90827490175848e+01   7.18811019942784e+09
   7.00000   3.44496322598906e+00   5.79567184613079e-03
   8.00000   1.42975586787278e+01   3.51239863569556e+05
   8.00000   1.57205248261616e+01   7.74255313168997e+04
  10.00000   5.53618196316705e+00   6.77392070528471e-02
  10.00000   6.08717110030845e+00   3.83658221520831e-01
  10.00000   2.29766999767522e+01   2.54663338280077e+08
  10.00000   5.93388581420848e+01   1.28011076057077e+13
  10.00000   9.53597163774721e+01   3.04008235830061e+15
  10.00000   2.70783149596875e+02   1.02020874858132e+20
