# Free-atom, free-ion and frozen-core density fits -- Es (Z = 99)
#
#   rho(r) = sum_i c_i r^n_i exp(-alpha_i r)      r in bohr, rho in e/bohr^3
#
# All-electron B86BPBE densities (scalar-relativistic, spin-restricted),
# fitted with rhofit.py (monotone decay imposed).  Two kinds of block:
#
#   STATE <N> <q> <nterm> <symbol>
#     the atom or ion with N electrons (charge q), in order of increasing N;
#   CORE <N_core> <nterm> <symbol>
#     the frozen core of the neutral atom with N_core electrons, for a
#     pseudopotential with Z - N_core valence electrons, in order of
#     increasing N_core, each preceded by a '# orbitals:' comment.
#
# Each block header is followed by nterm lines:   n   alpha   c
#
# Generated 2026-09-23 by combine_fits.py from
#   /home/alberto/doc/manuals/critic2/atomic_density_fits/15_rhofit/rho_b86bpbe_mono/fit_099_Es.dat
#     recipe: --npow 0,1,2,3,4,5,6,7,8,9,10 --amin 0.2 --ratio 1.1 --mom 3 --cusp none --targetz 1e-3 --besteffort --monotone --stats
#   /home/alberto/doc/manuals/critic2/atomic_density_fits/15_rhofit/core_b86bpbe_mono/core_099_Es.dat
#     recipe: --npow 0,1,2,3,4,5,6,7,8,9,10 --amin 0.2 --ratio 1.1 --mom 3 --cusp none --besteffort --monotone --stats --target 1e-3*N_core
#
STATE 96 +3 29 Es
   0.00000   3.15014824994737e+00   2.43511869766018e+01
   0.00000   3.46431388108346e+00   1.52734892702029e+01
   0.00000   1.58561262256289e+01   9.40941281278807e+02
   0.00000   2.80488165563650e+01   9.39930510601204e+03
   0.00000   7.98110815537896e+01   8.33687228431561e+04
   0.00000   3.32167253304882e+02   9.72646701058845e+05
   0.00000   3.65294435423695e+02   1.08567066481625e+06
   0.00000   1.14308348952535e+03   2.98910105889158e+06
   0.00000   1.25708369441539e+03   0.00000000000000e+00
   0.00000   3.57694981723420e+03   5.96016934651575e+06
   0.00000   9.25497521497066e+03   0.00000000000000e+00
   0.00000   1.01779778481352e+04   6.11308830348263e+06
   0.00000   1.98000000000000e+04   1.82678370912455e+07
   8.00000   6.73939517936953e+00   3.63636623425525e+01
   8.00000   2.49745741403047e+02   0.00000000000000e+00
   9.00000   6.73939517936953e+00   9.15723721953120e+00
   9.00000   2.74652990918288e+02   3.47009620023389e+20
  10.00000   8.96354177288895e+00   0.00000000000000e+00
  10.00000   9.85747962433496e+00   2.20752977160031e+03
  10.00000   1.91765102532220e+01   4.28493672259544e+07
  10.00000   2.10889918155713e+01   1.32949694251071e+08
  10.00000   4.10260313176862e+01   2.53739811741707e+11
  10.00000   4.51175749528611e+01   1.07114175751959e+13
  10.00000   1.06150469649973e+02   2.75882446062698e+17
  10.00000   1.16736901349984e+02   2.12892419608419e+16
  10.00000   2.74652990918288e+02   4.40021525792478e+21
  10.00000   4.01725405571626e+02   4.39279631435586e+23
  10.00000   1.03942153559880e+03   6.96347468287235e+27
  10.00000   1.14308348952535e+03   5.63126170430947e+27
STATE 97 +2 28 Es
   0.00000   2.86447312145484e+00   2.08101360093334e+01
   0.00000   3.15014824994737e+00   1.09973655528208e+01
   0.00000   6.73939517936953e+00   8.51569508725893e+00
   0.00000   1.44181936150047e+01   7.29895955930140e+02
   0.00000   2.80488165563650e+01   9.40326701614359e+03
   0.00000   7.25733139413011e+01   2.93698577455271e+04
   0.00000   7.98110815537896e+01   5.41680602965033e+04
   0.00000   3.32167253304882e+02   3.83182545514063e+05
   0.00000   3.65294435423695e+02   1.79728782230521e+06
   0.00000   1.25708369441539e+03   3.29311385854743e+06
   0.00000   3.93368055106308e+03   3.46592144661708e+06
   0.00000   4.32598819342028e+03   3.30486315561398e+06
   0.00000   1.35369313086984e+04   7.46845870896757e+06
   0.00000   1.48869752529205e+04   0.00000000000000e+00
   0.00000   1.98000000000000e+04   1.54847299804343e+07
   7.00000   2.49745741403047e+02   0.00000000000000e+00
   9.00000   2.74652990918288e+02   5.01564268480677e+20
  10.00000   2.15370406423000e+00   3.10463252419825e-09
  10.00000   8.15067179200441e+00   4.65142332468920e+01
  10.00000   8.96354177288895e+00   2.43412892809290e+02
  10.00000   1.91765102532220e+01   4.50953006611828e+07
  10.00000   2.10889918155713e+01   1.28137278253325e+08
  10.00000   4.10260313176862e+01   2.33239685663906e+11
  10.00000   4.51175749528611e+01   1.06665568271407e+13
  10.00000   1.06150469649973e+02   2.86842324675189e+17
  10.00000   4.01725405571626e+02   2.42886111085580e+23
  10.00000   1.03942153559880e+03   4.94881863004277e+27
  10.00000   1.14308348952535e+03   3.05567350747453e+28
STATE 98 +1 30 Es
   0.00000   1.21749890682399e+00   2.23434404252143e-03
   0.00000   1.33892059308153e+00   1.87155427941034e-01
   0.00000   2.86447312145484e+00   1.17172145426195e+01
   0.00000   3.15014824994737e+00   2.23118154483119e+01
   0.00000   6.73939517936953e+00   0.00000000000000e+00
   0.00000   1.44181936150047e+01   7.99733879312519e+02
   0.00000   2.80488165563650e+01   8.88647019457816e+03
   0.00000   7.25733139413011e+01   4.84717190162662e+04
   0.00000   7.98110815537896e+01   3.32621948183665e+04
   0.00000   3.32167253304882e+02   4.45398608851542e+05
   0.00000   3.65294435423695e+02   1.73113267835504e+06
   0.00000   1.25708369441539e+03   3.31776733598659e+06
   0.00000   3.93368055106308e+03   2.36773489471930e+06
   0.00000   4.32598819342028e+03   4.59915688060954e+06
   0.00000   1.35369313086984e+04   5.77022178886245e+06
   0.00000   1.48869752529205e+04   0.00000000000000e+00
   0.00000   1.98000000000000e+04   1.77278667727363e+07
   7.00000   2.49745741403047e+02   0.00000000000000e+00
   9.00000   2.74652990918288e+02   4.89116534955228e+20
  10.00000   3.46431388108346e+00   6.05743340135287e-04
  10.00000   8.96354177288895e+00   3.50466093370450e+02
  10.00000   1.91765102532220e+01   4.35351974774178e+07
  10.00000   2.10889918155713e+01   1.31159059551392e+08
  10.00000   4.10260313176862e+01   2.47280610574182e+11
  10.00000   4.51175749528611e+01   1.05689834085308e+13
  10.00000   1.06150469649973e+02   2.85226113709754e+17
  10.00000   1.16736901349984e+02   1.83502691715810e+16
  10.00000   4.01725405571626e+02   2.39618399085370e+23
  10.00000   1.03942153559880e+03   6.06215256989958e+27
  10.00000   1.14308348952535e+03   2.70603005804450e+28
STATE 99 +0 30 Es
   0.00000   1.10708849783696e+00   1.86681560337016e-01
   0.00000   2.86447312145484e+00   3.15719766836624e+00
   0.00000   3.15014824994737e+00   3.32997284700026e+01
   0.00000   6.73939517936953e+00   0.00000000000000e+00
   0.00000   1.44181936150047e+01   7.10160437843067e+02
   0.00000   2.80488165563650e+01   9.80338945899421e+03
   0.00000   7.25733139413011e+01   0.00000000000000e+00
   0.00000   7.98110815537896e+01   8.39126476012763e+04
   0.00000   3.32167253304882e+02   7.14599517084810e+05
   0.00000   3.65294435423695e+02   1.40691569781886e+06
   0.00000   1.25708369441539e+03   3.39052100106821e+06
   0.00000   3.93368055106308e+03   6.00118338315180e+06
   0.00000   4.32598819342028e+03   0.00000000000000e+00
   0.00000   1.11930319283367e+04   6.45192925615962e+06
   0.00000   1.98000000000000e+04   1.71410963494092e+07
   9.00000   2.74652990918288e+02   3.70181305945963e+20
  10.00000   2.86447312145484e+00   8.58999383239335e-07
  10.00000   3.15014824994737e+00   2.20428283714409e-04
  10.00000   8.96354177288895e+00   4.45112690861960e+02
  10.00000   1.91765102532220e+01   4.27981640433737e+07
  10.00000   2.10889918155713e+01   1.26917391677317e+08
  10.00000   4.10260313176862e+01   2.17910395813658e+11
  10.00000   4.51175749528611e+01   1.07192643777347e+13
  10.00000   1.06150469649973e+02   2.79797262848681e+17
  10.00000   1.16736901349984e+02   1.18819918363413e+16
  10.00000   2.74652990918288e+02   3.73953871197331e+21
  10.00000   4.01725405571626e+02   4.07052993933698e+23
  10.00000   1.03942153559880e+03   9.02609409230720e+27
  10.00000   1.14308348952535e+03   5.70539433648306e+27
  10.00000   4.32598819342028e+03   4.94196164433348e+34
STATE 100 -1 31 Es
   0.00000   9.15397782643757e-01   0.00000000000000e+00
   0.00000   1.00669079468840e+00   1.02523505355580e-01
   0.00000   2.86447312145484e+00   1.10901663703045e+01
   0.00000   3.15014824994737e+00   2.36209982854008e+01
   0.00000   1.31106617191120e+01   0.00000000000000e+00
   0.00000   1.44181936150047e+01   7.28891288776152e+02
   0.00000   2.80488165563650e+01   9.76030327727403e+03
   0.00000   7.98110815537896e+01   8.31680584675920e+04
   0.00000   3.32167253304882e+02   9.68298452478240e+05
   0.00000   3.65294435423695e+02   1.09082946853745e+06
   0.00000   1.14308348952535e+03   2.98701446437279e+06
   0.00000   1.25708369441539e+03   0.00000000000000e+00
   0.00000   3.57694981723420e+03   5.96861096525970e+06
   0.00000   9.25497521497066e+03   0.00000000000000e+00
   0.00000   1.01779778481352e+04   6.05519742394906e+06
   0.00000   1.98000000000000e+04   1.83938282326195e+07
   9.00000   2.74652990918288e+02   3.56750653246100e+20
  10.00000   1.47245171599728e+00   6.35068792387711e-09
  10.00000   1.61929995486395e+00   6.01639736411760e-08
  10.00000   3.15014824994737e+00   3.62880140857217e-04
  10.00000   8.96354177288895e+00   3.35106587766142e+02
  10.00000   1.91765102532220e+01   4.19473966442714e+07
  10.00000   2.10889918155713e+01   1.33776896014492e+08
  10.00000   4.10260313176862e+01   2.42634555135044e+11
  10.00000   4.51175749528611e+01   1.06568468920591e+13
  10.00000   1.06150469649973e+02   2.78324303694354e+17
  10.00000   1.16736901349984e+02   1.57789473251231e+16
  10.00000   2.74652990918288e+02   4.12351178506904e+21
  10.00000   4.01725405571626e+02   4.30469536584502e+23
  10.00000   1.03942153559880e+03   6.76836539960898e+27
  10.00000   1.14308348952535e+03   6.33546073191478e+27
# orbitals: 1s2
CORE 2 10 Es
   0.00000   1.28379122407390e+02   7.89541788737811e+02
   0.00000   2.06502640350563e+02   2.47959623287545e+05
   0.00000   2.27097236918546e+02   3.45999061654674e+05
   0.00000   3.65294435423695e+02   8.44459032684220e+05
   0.00000   4.01725405571626e+02   4.60133209371349e+04
   0.00000   7.10635248898124e+02   0.00000000000000e+00
   0.00000   7.81507205950101e+02   1.33102410836082e+06
   0.00000   1.14308348952535e+03   6.92509257057985e+05
   0.00000   2.68939209141939e+03   0.00000000000000e+00
   0.00000   2.95760631396822e+03   5.64408031289182e+06
# orbitals: 1s2 2s2
CORE 4 17 Es
   0.00000   7.25733139413011e+01   1.26848477342200e+04
   0.00000   7.98110815537896e+01   6.86016691166201e+03
   0.00000   2.74652990918288e+02   2.37166633940001e+05
   0.00000   3.02044251071426e+02   1.39120978718438e+06
   0.00000   7.81507205950101e+02   2.94021214749425e+05
   0.00000   8.59447253564945e+02   1.87616520487856e+06
   0.00000   2.02206633890710e+03   0.00000000000000e+00
   0.00000   2.22372787898617e+03   3.45729766329716e+06
   0.00000   5.23188045844098e+03   0.00000000000000e+00
   0.00000   5.75365813232733e+03   6.30296410741252e+06
   0.00000   1.01779778481352e+04   8.76914531915342e+05
   0.00000   1.98000000000000e+04   2.01347868260438e+07
   5.00000   1.41182427145981e+02   2.20109256473307e+12
  10.00000   1.70747017475405e+02   5.70140405920760e+17
  10.00000   2.74652990918288e+02   8.06551992865930e+20
  10.00000   3.02044251071426e+02   3.72405219028962e+21
  10.00000   8.59447253564945e+02   7.21408691179822e+26
# orbitals: 1s2 2s2 2p6
CORE 10 16 Es
   0.00000   6.59919123245182e+01   0.00000000000000e+00
   0.00000   7.25733139413011e+01   7.03160739140061e+04
   0.00000   3.32167253304882e+02   1.88263238786298e+06
   0.00000   1.03942153559880e+03   1.56504498207873e+06
   0.00000   1.14308348952535e+03   1.21828218957078e+06
   0.00000   2.95760631396822e+03   0.00000000000000e+00
   0.00000   3.25256965554918e+03   4.92460210971935e+06
   0.00000   8.41567622839884e+03   6.08701649778118e+06
   0.00000   1.98000000000000e+04   1.77612569108805e+07
   3.00000   1.06150469649973e+02   1.75196427220571e+09
   4.00000   1.28379122407390e+02   1.00198460127539e+11
   7.00000   2.06502640350563e+02   8.49028222815950e+15
  10.00000   3.02044251071426e+02   3.64796712335286e+21
  10.00000   3.32167253304882e+02   1.54209272838712e+22
  10.00000   9.45160295434933e+02   2.31729836611608e+27
  10.00000   1.03942153559880e+03   4.80152377852875e+27
# orbitals: 1s2 2s2 2p6 3s2
CORE 12 19 Es
   0.00000   3.39224354441934e+01   0.00000000000000e+00
   0.00000   6.00073533333376e+01   4.42526464237995e+04
   0.00000   6.59919123245182e+01   1.94973624655123e+04
   0.00000   3.32167253304882e+02   1.93181323069261e+06
   0.00000   1.03942153559880e+03   2.65069278007143e+06
   0.00000   2.68939209141939e+03   9.38614241534069e+05
   0.00000   2.95760631396822e+03   3.50537072348615e+06
   0.00000   7.65249011868495e+03   7.18326920483584e+06
   0.00000   8.41567622839884e+03   0.00000000000000e+00
   0.00000   1.98000000000000e+04   1.76675445554057e+07
   7.00000   2.06502640350563e+02   3.83239343749699e+16
   9.00000   7.25733139413011e+01   1.03816069679317e+13
   9.00000   2.27097236918546e+02   1.73771358552300e+19
  10.00000   7.25733139413011e+01   4.09832627285263e+13
  10.00000   9.65240817308316e+01   1.13165152396104e+16
  10.00000   1.06150469649973e+02   7.26260460216695e+15
  10.00000   3.65294435423695e+02   1.15560582594354e+23
  10.00000   9.45160295434933e+02   1.45885007666217e+27
  10.00000   1.03942153559880e+03   4.71339216064584e+27
# orbitals: 1s2 2s2 2p6 3s2 3p6
CORE 18 21 Es
   0.00000   3.08461370177744e+01   1.97570494984767e+03
   0.00000   6.59919123245182e+01   0.00000000000000e+00
   0.00000   7.25733139413011e+01   8.73579987854300e+04
   0.00000   3.32167253304882e+02   1.04173286701899e+06
   0.00000   3.65294435423695e+02   9.97914737542386e+05
   0.00000   1.14308348952535e+03   2.52904888188749e+06
   0.00000   1.25708369441539e+03   5.55707107761505e+05
   0.00000   3.93368055106308e+03   6.94807238258872e+06
   0.00000   4.32598819342028e+03   0.00000000000000e+00
   0.00000   1.48869752529205e+04   0.00000000000000e+00
   0.00000   1.63716596566209e+04   2.00962463034585e+07
   7.00000   2.27097236918546e+02   9.63636229046464e+14
   8.00000   6.59919123245182e+01   3.68783514693686e+12
   8.00000   2.27097236918546e+02   3.43795432895179e+18
   9.00000   7.25733139413011e+01   5.04982390700825e+13
  10.00000   9.65240817308316e+01   2.26431121363532e+16
  10.00000   1.06150469649973e+02   6.83279664259695e+16
  10.00000   3.65294435423695e+02   1.11687310365606e+23
  10.00000   4.01725405571626e+02   1.82373064461998e+23
  10.00000   1.03942153559880e+03   7.50163853074670e+27
  10.00000   1.14308348952535e+03   4.96823876646104e+27
# orbitals: 1s2 2s2 2p6 3s2 3p6 3d10
CORE 28 20 Es
   0.00000   3.08461370177744e+01   9.39012215030362e+03
   0.00000   3.39224354441934e+01   1.20058879465589e+03
   0.00000   7.25733139413011e+01   6.94220534452618e+04
   0.00000   3.32167253304882e+02   1.23480497508950e+06
   0.00000   3.65294435423695e+02   7.98827985097388e+05
   0.00000   1.14308348952535e+03   2.98147769502796e+06
   0.00000   3.25256965554918e+03   0.00000000000000e+00
   0.00000   3.57694981723420e+03   5.82618561016956e+06
   0.00000   9.25497521497066e+03   0.00000000000000e+00
   0.00000   1.01779778481352e+04   6.42192710653971e+06
   0.00000   1.98000000000000e+04   1.72482259395670e+07
   7.00000   6.59919123245182e+01   2.05074455966345e+12
   7.00000   2.27097236918546e+02   3.38985939010384e+16
   8.00000   6.59919123245182e+01   2.87865520240486e+12
   8.00000   2.49745741403047e+02   3.11255163075459e+18
  10.00000   1.06150469649973e+02   1.57598189417361e+17
  10.00000   2.74652990918288e+02   3.64095133973272e+21
  10.00000   4.01725405571626e+02   2.39108070061983e+23
  10.00000   1.03942153559880e+03   1.13633814318912e+28
  10.00000   1.14308348952535e+03   0.00000000000000e+00
# orbitals: 1s2 2s2 2p6 3s2 3p6 3d10 4s2
CORE 30 23 Es
   0.00000   2.31922059814042e+01   5.32774487465246e+03
   0.00000   2.55051745947726e+01   1.56351370174098e+03
   0.00000   7.98110815537896e+01   8.20241578000493e+04
   0.00000   3.32167253304882e+02   1.83609466622803e+06
   0.00000   3.65294435423695e+02   1.52037441803234e+04
   0.00000   9.45160295434933e+02   2.31548075259715e+06
   0.00000   1.03942153559880e+03   0.00000000000000e+00
   0.00000   2.44550121063438e+03   3.82915762775712e+06
   0.00000   2.68939209141939e+03   8.88995278586619e+03
   0.00000   6.32747291660426e+03   6.91286151738085e+06
   0.00000   1.98000000000000e+04   2.09555875232770e+07
   7.00000   2.27097236918546e+02   7.19531970329096e+16
   8.00000   7.98110815537896e+01   9.68522691206708e+13
   9.00000   8.77706748232236e+01   0.00000000000000e+00
   9.00000   2.49745741403047e+02   1.26731122739214e+20
  10.00000   8.96354177288895e+00   4.16014556427406e-02
  10.00000   4.10260313176862e+01   1.18882812723413e+11
  10.00000   4.51175749528611e+01   1.98843736333441e+11
  10.00000   1.06150469649973e+02   8.47308854341324e+16
  10.00000   1.16736901349984e+02   4.55855747292050e+16
  10.00000   2.74652990918288e+02   0.00000000000000e+00
  10.00000   4.01725405571626e+02   4.44692967167968e+23
  10.00000   1.03942153559880e+03   3.22462797206565e+27
# orbitals: 1s2 2s2 2p6 3s2 3p6 3d10 4s2 4p6
CORE 36 24 Es
   0.00000   2.55051745947726e+01   6.25133549308554e+03
   0.00000   2.80488165563650e+01   1.83169189429381e+03
   0.00000   7.98110815537896e+01   8.39890401590011e+04
   0.00000   3.32167253304882e+02   1.79133975556641e+06
   0.00000   3.65294435423695e+02   5.73213998334912e+04
   0.00000   9.45160295434933e+02   2.32069659901806e+06
   0.00000   1.03942153559880e+03   0.00000000000000e+00
   0.00000   2.44550121063438e+03   3.43257550710301e+06
   0.00000   2.68939209141939e+03   5.19709032740902e+05
   0.00000   6.32747291660426e+03   4.41095116100555e+06
   0.00000   6.95851449452832e+03   2.71724055976250e+06
   0.00000   1.98000000000000e+04   2.00978165014069e+07
   8.00000   2.49745741403047e+02   3.36794153487043e+18
   9.00000   3.08461370177744e+01   8.32592453216445e+08
  10.00000   3.39224354441934e+01   8.28412067339438e+09
  10.00000   4.10260313176862e+01   4.34198508474044e+11
  10.00000   4.51175749528611e+01   2.04738791992958e+12
  10.00000   9.65240817308316e+01   6.69508363493981e+16
  10.00000   1.06150469649973e+02   0.00000000000000e+00
  10.00000   1.16736901349984e+02   3.15691250673144e+17
  10.00000   2.74652990918288e+02   8.84419450548078e+21
  10.00000   4.01725405571626e+02   5.69864005906980e+23
  10.00000   1.03942153559880e+03   2.51139332957897e+27
  10.00000   1.14308348952535e+03   0.00000000000000e+00
# orbitals: 1s2 2s2 2p6 3s2 3p6 3d10 4s2 4p6 4d10
CORE 46 26 Es
   0.00000   1.31106617191120e+01   6.13406730784563e+01
   0.00000   2.80488165563650e+01   0.00000000000000e+00
   0.00000   3.08461370177744e+01   1.28192594816521e+04
   0.00000   7.98110815537896e+01   7.50405586320987e+04
   0.00000   8.77706748232236e+01   0.00000000000000e+00
   0.00000   3.32167253304882e+02   1.85209883345862e+06
   0.00000   3.65294435423695e+02   0.00000000000000e+00
   0.00000   9.45160295434933e+02   2.05802625400137e+06
   0.00000   1.03942153559880e+03   3.63500326927684e+05
   0.00000   2.68939209141939e+03   4.67857988926367e+06
   0.00000   6.32747291660426e+03   0.00000000000000e+00
   0.00000   6.95851449452832e+03   1.75173426820663e+06
   0.00000   1.98000000000000e+04   3.25459277023545e+07
   4.00000   1.98000000000000e+04   2.49212762094771e+22
   9.00000   3.08461370177744e+01   5.72726972862681e+09
   9.00000   9.65240817308316e+01   3.97223395776646e+15
   9.00000   2.74652990918288e+02   2.29446885177074e+20
  10.00000   3.08461370177744e+01   1.75361688472611e+09
  10.00000   4.10260313176862e+01   8.87437180423583e+11
  10.00000   4.51175749528611e+01   4.09346352062478e+12
  10.00000   9.65240817308316e+01   4.45810607649273e+16
  10.00000   1.16736901349984e+02   2.89462296261264e+17
  10.00000   2.74652990918288e+02   7.08233547698184e+21
  10.00000   4.01725405571626e+02   5.21272791609529e+23
  10.00000   1.03942153559880e+03   2.91648553693275e+27
  10.00000   1.14308348952535e+03   0.00000000000000e+00
# orbitals: 1s2 2s2 2p6 3s2 3p6 3d10 4s2 4p6 4d10 4f14
CORE 60 25 Es
   0.00000   1.19217049862687e+01   2.75279201355705e+02
   0.00000   1.31106617191120e+01   7.31249209433715e+02
   0.00000   3.08461370177744e+01   7.70963885489596e+03
   0.00000   3.39224354441934e+01   2.56656408328703e+03
   0.00000   7.98110815537896e+01   7.93144842118903e+04
   0.00000   3.32167253304882e+02   1.44365876785438e+06
   0.00000   3.65294435423695e+02   5.07417024243222e+05
   0.00000   1.03942153559880e+03   2.63595772678840e+06
   0.00000   1.14308348952535e+03   0.00000000000000e+00
   0.00000   2.95760631396822e+03   4.75335526995570e+06
   0.00000   3.25256965554918e+03   0.00000000000000e+00
   0.00000   7.65249011868495e+03   6.32441743169695e+06
   0.00000   1.98000000000000e+04   2.00014558698671e+07
   8.00000   2.80488165563650e+01   3.02462008686172e+08
   9.00000   3.08461370177744e+01   8.80747095937841e+09
   9.00000   9.65240817308316e+01   1.11726595672536e+16
   9.00000   2.74652990918288e+02   2.18202255800735e+20
  10.00000   4.10260313176862e+01   7.78132606072065e+11
  10.00000   4.51175749528611e+01   5.91221412145625e+12
  10.00000   9.65240817308316e+01   1.85081545283175e+14
  10.00000   1.06150469649973e+02   0.00000000000000e+00
  10.00000   2.74652990918288e+02   7.82481224935724e+21
  10.00000   4.01725405571626e+02   5.25269449983204e+23
  10.00000   1.03942153559880e+03   5.70913353619485e+27
  10.00000   1.14308348952535e+03   0.00000000000000e+00
# orbitals: 1s2 2s2 2p6 3s2 3p6 3d10 4s2 4p6 4d10 4f14 5s2
CORE 62 27 Es
   0.00000   9.85747962433496e+00   0.00000000000000e+00
   0.00000   1.08405702797167e+01   7.84258148574729e+02
   0.00000   3.39224354441934e+01   1.28022567237812e+04
   0.00000   3.73055344272893e+01   0.00000000000000e+00
   0.00000   7.98110815537896e+01   7.55509164699929e+04
   0.00000   3.32167253304882e+02   1.50559945356526e+06
   0.00000   3.65294435423695e+02   4.41113412897591e+05
   0.00000   1.03942153559880e+03   2.65965918422080e+06
   0.00000   1.14308348952535e+03   0.00000000000000e+00
   0.00000   2.95760631396822e+03   4.81807073384654e+06
   0.00000   3.25256965554918e+03   0.00000000000000e+00
   0.00000   7.65249011868495e+03   2.62140236271227e+05
   0.00000   8.41567622839884e+03   7.46267122482752e+06
   0.00000   1.98000000000000e+04   1.68084632308271e+07
   4.00000   1.58561262256289e+01   3.32779522219410e+04
   8.00000   2.80488165563650e+01   1.01754208311205e+09
   9.00000   9.65240817308316e+01   9.67152702425666e+15
   9.00000   2.74652990918288e+02   2.96391447051055e+20
  10.00000   2.10889918155713e+01   1.76222838163755e+07
  10.00000   4.10260313176862e+01   5.63789900918926e+11
  10.00000   4.51175749528611e+01   6.13200352340860e+12
  10.00000   1.06150469649973e+02   5.25725403610397e+16
  10.00000   2.74652990918288e+02   5.53466960123188e+21
  10.00000   4.01725405571626e+02   4.69819561845337e+23
  10.00000   1.03942153559880e+03   4.90279599344237e+27
  10.00000   1.14308348952535e+03   0.00000000000000e+00
  10.00000   3.57694981723420e+03   8.21996953122367e+32
# orbitals: 1s2 2s2 2p6 3s2 3p6 3d10 4s2 4p6 4d10 4f14 5s2 5p6
CORE 68 25 Es
   0.00000   8.15067179200441e+00   3.81101830337692e+02
   0.00000   8.96354177288895e+00   9.68632405847373e+01
   0.00000   3.39224354441934e+01   1.33577707597387e+04
   0.00000   7.98110815537896e+01   7.72030226072213e+04
   0.00000   3.32167253304882e+02   1.13078760960317e+06
   0.00000   3.65294435423695e+02   9.05146308162777e+05
   0.00000   1.14308348952535e+03   2.98209700901502e+06
   0.00000   3.25256965554918e+03   4.77657106644231e+06
   0.00000   3.57694981723420e+03   0.00000000000000e+00
   0.00000   8.41567622839884e+03   6.99511887111698e+06
   0.00000   1.98000000000000e+04   1.75622473470542e+07
   9.00000   1.91765102532220e+01   1.95340449830546e+07
   9.00000   9.65240817308316e+01   1.00570413418560e+16
   9.00000   2.74652990918288e+02   2.88089180502842e+20
  10.00000   1.91765102532220e+01   5.43462209252663e+06
  10.00000   2.10889918155713e+01   0.00000000000000e+00
  10.00000   4.10260313176862e+01   5.38671693721676e+11
  10.00000   4.51175749528611e+01   7.34393763916957e+12
  10.00000   1.06150469649973e+02   4.50162698745507e+16
  10.00000   1.16736901349984e+02   5.95832575096009e+16
  10.00000   2.74652990918288e+02   5.64378229922643e+21
  10.00000   4.01725405571626e+02   4.63468574297502e+23
  10.00000   1.03942153559880e+03   7.90481236381552e+27
  10.00000   1.14308348952535e+03   0.00000000000000e+00
  10.00000   3.93368055106308e+03   9.80022687605229e+33
# orbitals: 1s2 2s2 2p6 3s2 3p6 3d10 4s2 4p6 4d10 4f14 5s2 5p6 5d10
CORE 78 26 Es
   0.00000   6.12822471021447e+00   7.61939249704252e+01
   0.00000   6.73939517936953e+00   8.11621826359345e+01
   0.00000   2.55051745947726e+01   5.67113013985335e+03
   0.00000   2.80488165563650e+01   4.39818698467637e+03
   0.00000   7.98110815537896e+01   8.34811787350577e+04
   0.00000   3.32167253304882e+02   9.69460790471381e+05
   0.00000   3.65294435423695e+02   1.08860130530085e+06
   0.00000   1.14308348952535e+03   2.98542440838887e+06
   0.00000   1.25708369441539e+03   0.00000000000000e+00
   0.00000   3.57694981723420e+03   5.96644018546981e+06
   0.00000   3.93368055106308e+03   0.00000000000000e+00
   0.00000   1.01779778481352e+04   6.04493729102173e+06
   0.00000   1.98000000000000e+04   1.84007703980268e+07
   9.00000   1.31106617191120e+01   2.85830846405512e+04
   9.00000   2.74652990918288e+02   3.55142101810384e+20
  10.00000   1.44181936150047e+01   3.88271688668769e+05
  10.00000   1.91765102532220e+01   6.68163930114500e+07
  10.00000   2.10889918155713e+01   6.04292616659394e+07
  10.00000   4.10260313176862e+01   4.68145108512794e+11
  10.00000   4.51175749528611e+01   9.66123026594407e+12
  10.00000   9.65240817308316e+01   7.84311676708438e+13
  10.00000   1.06150469649973e+02   2.79024313844144e+17
  10.00000   2.74652990918288e+02   4.17754924930274e+21
  10.00000   4.01725405571626e+02   4.29304685334033e+23
  10.00000   1.03942153559880e+03   6.78507117510382e+27
  10.00000   1.14308348952535e+03   6.35428599189321e+27
# orbitals: 1s2 2s2 2p6 3s2 3p6 3d10 4s2 4p6 4d10 4f14 5s2 5p6 5d10 6s2
CORE 80 30 Es
   0.00000   4.18976550234553e+00   0.00000000000000e+00
   0.00000   4.60761260632821e+00   6.38419736994346e+01
   0.00000   5.06713178055180e+00   2.34917899024432e+01
   0.00000   5.57247899838937e+00   0.00000000000000e+00
   0.00000   1.44181936150047e+01   3.00515918012021e+02
   0.00000   2.55051745947726e+01   0.00000000000000e+00
   0.00000   2.80488165563650e+01   1.12426928641787e+04
   0.00000   7.98110815537896e+01   0.00000000000000e+00
   0.00000   8.77706748232236e+01   9.06492423654160e+04
   0.00000   3.32167253304882e+02   1.24812909675284e+06
   0.00000   3.65294435423695e+02   7.10014758358394e+05
   0.00000   1.03942153559880e+03   2.59676782152430e+06
   0.00000   1.14308348952535e+03   2.26613390980916e+04
   0.00000   2.95760631396822e+03   4.87785814366927e+06
   0.00000   6.95851449452832e+03   0.00000000000000e+00
   0.00000   7.65249011868495e+03   2.67795483860580e+06
   0.00000   1.98000000000000e+04   2.91376629450480e+07
   4.00000   1.98000000000000e+04   1.66918136643571e+22
   9.00000   9.65240817308316e+01   2.10237693845016e+15
   9.00000   2.74652990918288e+02   2.68860722626787e+20
  10.00000   7.41151794058799e+00   1.91673115853001e+00
  10.00000   1.91765102532220e+01   4.48157900483109e+07
  10.00000   2.10889918155713e+01   6.40488149101681e+07
  10.00000   4.10260313176862e+01   2.80162950039020e+11
  10.00000   4.51175749528611e+01   1.02215824598067e+13
  10.00000   1.06150469649973e+02   2.24701460996758e+17
  10.00000   2.74652990918288e+02   7.63705536021217e+21
  10.00000   4.01725405571626e+02   5.93583001282780e+23
  10.00000   1.03942153559880e+03   3.20028324338101e+27
  10.00000   1.14308348952535e+03   3.50526197291877e+27
# orbitals: 1s2 2s2 2p6 3s2 3p6 3d10 4s2 4p6 4d10 4f14 5s2 5p6 5d10 6s2 6p6
CORE 86 28 Es
   0.00000   2.60470479878981e+00   0.00000000000000e+00
   0.00000   2.86447312145484e+00   1.30610519371383e+01
   0.00000   7.41151794058799e+00   1.44825954418643e+02
   0.00000   8.15067179200441e+00   0.00000000000000e+00
   0.00000   1.44181936150047e+01   2.97302965328381e+02
   0.00000   2.80488165563650e+01   1.00104992112903e+04
   0.00000   7.25733139413011e+01   2.96764763116025e+04
   0.00000   7.98110815537896e+01   5.31323697034422e+04
   0.00000   3.32167253304882e+02   4.04296877101033e+05
   0.00000   3.65294435423695e+02   1.77398280439258e+06
   0.00000   1.25708369441539e+03   3.30456683492939e+06
   0.00000   3.93368055106308e+03   2.80840305960286e+06
   0.00000   4.32598819342028e+03   4.10769352408758e+06
   0.00000   1.48869752529205e+04   9.68912494440771e+06
   0.00000   1.98000000000000e+04   1.30640312871260e+07
   7.00000   5.57247899838937e+00   4.79683811854764e+00
   7.00000   2.49745741403047e+02   0.00000000000000e+00
   9.00000   2.74652990918288e+02   4.97495906843967e+20
  10.00000   8.15067179200441e+00   3.49397471131039e+01
  10.00000   8.96354177288895e+00   5.40145247757033e+02
  10.00000   1.91765102532220e+01   3.05234870818491e+07
  10.00000   2.10889918155713e+01   1.78077236258949e+08
  10.00000   4.10260313176862e+01   2.67760141796143e+11
  10.00000   4.51175749528611e+01   1.02014523024582e+13
  10.00000   1.06150469649973e+02   2.91133219438637e+17
  10.00000   4.01725405571626e+02   2.45224685040907e+23
  10.00000   1.03942153559880e+03   5.36432324344574e+27
  10.00000   1.14308348952535e+03   2.90217495625236e+28
# orbitals: 1s2 2s2 2p6 3s2 3p6 3d10 4s2 4p6 4d10 4f14 5s2 5p6 5d10 5f10
CORE 88 33 Es
   0.00000   1.78079343134620e+00   2.73354865443386e-01
   0.00000   3.80981138486674e+00   1.05585848410908e+01
   0.00000   4.18976550234553e+00   4.79932808612432e+01
   0.00000   1.58561262256289e+01   7.17866238463478e+02
   0.00000   1.74374644699898e+01   0.00000000000000e+00
   0.00000   2.80488165563650e+01   1.05201303870547e+04
   0.00000   7.98110815537896e+01   0.00000000000000e+00
   0.00000   8.77706748232236e+01   9.04230478976351e+04
   0.00000   3.32167253304882e+02   1.48224931985367e+06
   0.00000   3.65294435423695e+02   4.13797878693252e+05
   0.00000   9.45160295434933e+02   1.31993221345893e+06
   0.00000   1.03942153559880e+03   1.13564802657194e+06
   0.00000   2.68939209141939e+03   4.42321549072840e+06
   0.00000   6.32747291660426e+03   0.00000000000000e+00
   0.00000   6.95851449452832e+03   3.96468467732605e+06
   0.00000   1.98000000000000e+04   2.70485701432069e+07
   4.00000   1.98000000000000e+04   1.51053328641574e+22
   8.00000   1.31106617191120e+01   0.00000000000000e+00
   9.00000   1.31106617191120e+01   1.14581738074925e+05
   9.00000   9.65240817308316e+01   1.77870084352115e+15
   9.00000   2.74652990918288e+02   2.45494753328863e+20
  10.00000   3.46431388108346e+00   0.00000000000000e+00
  10.00000   6.12822471021447e+00   1.53100535563136e-01
  10.00000   6.73939517936953e+00   3.79880932080762e+00
  10.00000   1.44181936150047e+01   0.00000000000000e+00
  10.00000   1.91765102532220e+01   8.05420918910636e+07
  10.00000   4.10260313176862e+01   3.97767564319315e+11
  10.00000   4.51175749528611e+01   1.01817891176487e+13
  10.00000   1.06150469649973e+02   2.27563949843694e+17
  10.00000   2.74652990918288e+02   8.31049570572751e+21
  10.00000   4.01725405571626e+02   6.24082063879162e+23
  10.00000   1.03942153559880e+03   1.60747444172324e+27
  10.00000   1.14308348952535e+03   3.11640031429077e+27
# orbitals: 1s2 2s2 2p6 3s2 3p6 3d10 4s2 4p6 4d10 4f14 5s2 5p6 5d10 5f11
CORE 89 34 Es
   0.00000   1.61929995486395e+00   0.00000000000000e+00
   0.00000   1.78079343134620e+00   2.99548562414425e-01
   0.00000   3.80981138486674e+00   2.24866294547492e+01
   0.00000   4.18976550234553e+00   3.30724026736240e+01
   0.00000   1.58561262256289e+01   7.52869151884032e+02
   0.00000   1.74374644699898e+01   0.00000000000000e+00
   0.00000   2.80488165563650e+01   1.04617608563243e+04
   0.00000   7.98110815537896e+01   0.00000000000000e+00
   0.00000   8.77706748232236e+01   9.04636941609890e+04
   0.00000   3.32167253304882e+02   1.48404155190895e+06
   0.00000   3.65294435423695e+02   4.11527509300178e+05
   0.00000   9.45160295434933e+02   1.32668809900102e+06
   0.00000   1.03942153559880e+03   1.12871459627352e+06
   0.00000   2.68939209141939e+03   4.42494792123548e+06
   0.00000   6.32747291660426e+03   0.00000000000000e+00
   0.00000   6.95851449452832e+03   3.95408062751977e+06
   0.00000   1.98000000000000e+04   2.70750226724801e+07
   4.00000   1.98000000000000e+04   1.51494779199645e+22
   8.00000   1.31106617191120e+01   0.00000000000000e+00
   9.00000   1.31106617191120e+01   1.27460143691283e+05
   9.00000   9.65240817308316e+01   1.65435980972317e+15
   9.00000   2.74652990918288e+02   2.44844349369156e+20
  10.00000   3.46431388108346e+00   0.00000000000000e+00
  10.00000   6.12822471021447e+00   2.25581892197053e-01
  10.00000   6.73939517936953e+00   3.39731735101563e+00
  10.00000   1.44181936150047e+01   0.00000000000000e+00
  10.00000   1.91765102532220e+01   8.16580083892196e+07
  10.00000   4.10260313176862e+01   4.02254431535163e+11
  10.00000   4.51175749528611e+01   1.01929333523733e+13
  10.00000   1.06150469649973e+02   2.30183738081900e+17
  10.00000   2.74652990918288e+02   8.33140684304689e+21
  10.00000   4.01725405571626e+02   6.25008715049695e+23
  10.00000   1.03942153559880e+03   1.60743836381096e+27
  10.00000   1.14308348952535e+03   3.05742961740648e+27
# orbitals: 1s2 2s2 2p6 3s2 3p6 3d10 4s2 4p6 4d10 4f14 5s2 5p6 5d10 5f10 6s2
CORE 90 33 Es
   0.00000   1.61929995486395e+00   8.04726485629359e-02
   0.00000   3.80981138486674e+00   5.94478454437062e+01
   0.00000   4.18976550234553e+00   0.00000000000000e+00
   0.00000   1.74374644699898e+01   9.40951935684933e+02
   0.00000   2.55051745947726e+01   0.00000000000000e+00
   0.00000   2.80488165563650e+01   1.02479893947583e+04
   0.00000   7.98110815537896e+01   0.00000000000000e+00
   0.00000   8.77706748232236e+01   9.04178830757091e+04
   0.00000   3.32167253304882e+02   1.53888236212414e+06
   0.00000   3.65294435423695e+02   3.38508964688412e+05
   0.00000   9.45160295434933e+02   2.03776916190365e+06
   0.00000   1.03942153559880e+03   2.60465788541955e+05
   0.00000   2.44550121063438e+03   3.87535645651273e+06
   0.00000   2.68939209141939e+03   0.00000000000000e+00
   0.00000   6.32747291660426e+03   6.07594409808602e+06
   0.00000   6.95851449452832e+03   0.00000000000000e+00
   0.00000   1.98000000000000e+04   2.29750724085424e+07
   4.00000   1.98000000000000e+04   6.03604662047695e+21
   9.00000   9.65240817308316e+01   1.32620081791748e+15
   9.00000   2.74652990918288e+02   2.53474097778080e+20
  10.00000   3.80981138486674e+00   2.23388215565214e-04
  10.00000   5.57247899838937e+00   7.98768918718489e-02
  10.00000   6.12822471021447e+00   7.93950873597415e-01
  10.00000   1.31106617191120e+01   6.15727916235524e+04
  10.00000   1.91765102532220e+01   6.48758347786581e+07
  10.00000   2.10889918155713e+01   1.61019098868120e+07
  10.00000   4.10260313176862e+01   2.58486500128355e+11
  10.00000   4.51175749528611e+01   1.06001565246524e+13
  10.00000   1.06150469649973e+02   2.38763947337014e+17
  10.00000   2.74652990918288e+02   8.14047732854732e+21
  10.00000   4.01725405571626e+02   6.23160810064685e+23
  10.00000   1.03942153559880e+03   5.31270028397429e+26
  10.00000   1.14308348952535e+03   5.44874117514938e+27
# orbitals: 1s2 2s2 2p6 3s2 3p6 3d10 4s2 4p6 4d10 4f14 5s2 5p6 5d10 5f11 6s2
CORE 91 33 Es
   0.00000   1.61929995486395e+00   2.99982802681382e-02
   0.00000   1.78079343134620e+00   2.23371852251094e-01
   0.00000   3.80981138486674e+00   5.94494565239292e+01
   0.00000   1.74374644699898e+01   9.48105661941450e+02
   0.00000   2.55051745947726e+01   0.00000000000000e+00
   0.00000   2.80488165563650e+01   1.02301504062809e+04
   0.00000   7.98110815537896e+01   0.00000000000000e+00
   0.00000   8.77706748232236e+01   9.04371888803219e+04
   0.00000   3.32167253304882e+02   1.53993590586074e+06
   0.00000   3.65294435423695e+02   3.37141790521411e+05
   0.00000   9.45160295434933e+02   2.04339118716407e+06
   0.00000   1.03942153559880e+03   2.54425877029455e+05
   0.00000   2.44550121063438e+03   3.87726170968724e+06
   0.00000   2.68939209141939e+03   0.00000000000000e+00
   0.00000   6.32747291660426e+03   6.06545980464444e+06
   0.00000   6.95851449452832e+03   0.00000000000000e+00
   0.00000   1.98000000000000e+04   2.30007418465652e+07
   4.00000   1.98000000000000e+04   6.09080982579148e+21
   9.00000   9.65240817308316e+01   1.39651594029977e+15
   9.00000   2.74652990918288e+02   2.53128094497543e+20
  10.00000   5.57247899838937e+00   0.00000000000000e+00
  10.00000   6.12822471021447e+00   7.11758349661154e-01
  10.00000   1.19217049862687e+01   4.99718369959687e+03
  10.00000   1.31106617191120e+01   6.11647634213673e+04
  10.00000   1.91765102532220e+01   6.93729188785855e+07
  10.00000   2.10889918155713e+01   4.74343850960131e+06
  10.00000   4.10260313176862e+01   2.40652948655503e+11
  10.00000   4.51175749528611e+01   1.06598133659809e+13
  10.00000   1.06150469649973e+02   2.36954785239282e+17
  10.00000   2.74652990918288e+02   8.15451634618911e+21
  10.00000   4.01725405571626e+02   6.23584409177505e+23
  10.00000   1.03942153559880e+03   5.20687931611062e+26
  10.00000   1.14308348952535e+03   5.44455267531961e+27
# orbitals: 1s2 2s2 2p6 3s2 3p6 3d10 4s2 4p6 4d10 4f14 5s2 5p6 5d10 5f11 6s2 6p6
CORE 97 26 Es
   0.00000   2.86447312145484e+00   2.59822671523139e+01
   0.00000   3.15014824994737e+00   3.97009210167267e+00
   0.00000   6.73939517936953e+00   1.41953064928023e+01
   0.00000   1.44181936150047e+01   7.18838776587577e+02
   0.00000   2.80488165563650e+01   9.41531406219422e+03
   0.00000   7.25733139413011e+01   2.94450802406954e+04
   0.00000   7.98110815537896e+01   5.40659725838599e+04
   0.00000   3.32167253304882e+02   3.84654820983386e+05
   0.00000   3.65294435423695e+02   1.79561337725217e+06
   0.00000   1.25708369441539e+03   3.29455705193470e+06
   0.00000   3.93368055106308e+03   3.26260660245892e+06
   0.00000   4.32598819342028e+03   3.57507437923151e+06
   0.00000   1.48869752529205e+04   1.07312783585086e+07
   0.00000   1.98000000000000e+04   1.17508595062676e+07
   7.00000   2.49745741403047e+02   0.00000000000000e+00
   9.00000   2.74652990918288e+02   5.01442095370125e+20
  10.00000   3.46431388108346e+00   1.20950894822365e-04
  10.00000   8.96354177288895e+00   2.52579806726306e+02
  10.00000   1.91765102532220e+01   4.57949986381539e+07
  10.00000   2.10889918155713e+01   1.27274109870348e+08
  10.00000   4.10260313176862e+01   2.33155905725409e+11
  10.00000   4.51175749528611e+01   1.06563963433902e+13
  10.00000   1.06150469649973e+02   2.86912987630955e+17
  10.00000   4.01725405571626e+02   2.42953172755542e+23
  10.00000   1.03942153559880e+03   4.95984481413546e+27
  10.00000   1.14308348952535e+03   3.04884143327100e+28
