# Free-atom, free-ion and frozen-core density fits -- Ba (Z = 56)
#
#   rho(r) = sum_i c_i r^n_i exp(-alpha_i r)      r in bohr, rho in e/bohr^3
#
# All-electron B86BPBE densities (scalar-relativistic, spin-restricted),
# fitted with rhofit.py (monotone decay imposed).  Two kinds of block:
#
#   STATE <N> <q> <nterm> <symbol>
#     the atom or ion with N electrons (charge q), in order of increasing N;
#   CORE <N_core> <nterm> <symbol>
#     the frozen core of the neutral atom with N_core electrons, for a
#     pseudopotential with Z - N_core valence electrons, in order of
#     increasing N_core, each preceded by a '# orbitals:' comment.
#
# Each block header is followed by nterm lines:   n   alpha   c
#
# Generated 2026-09-23 by combine_fits.py from
#   /home/alberto/doc/manuals/critic2/atomic_density_fits/15_rhofit/rho_b86bpbe_mono/fit_056_Ba.dat
#     recipe: --npow 0,1,2,3,4,5,6,7,8,9,10 --amin 0.2 --ratio 1.1 --mom 3 --cusp none --targetz 1e-3 --besteffort --monotone --stats
#   /home/alberto/doc/manuals/critic2/atomic_density_fits/15_rhofit/core_b86bpbe_mono/core_056_Ba.dat
#     recipe: --npow 0,1,2,3,4,5,6,7,8,9,10 --amin 0.2 --ratio 1.1 --mom 3 --cusp none --besteffort --monotone --stats --target 1e-3*N_core
#
STATE 54 +2 27 Ba
   0.00000   2.60508541377403e+00   6.80094569739671e+00
   0.00000   1.44217052399661e+01   3.03949013846071e+02
   0.00000   1.58600738958155e+01   9.90769920924754e+02
   0.00000   3.73166397828457e+01   7.71632880008931e+03
   0.00000   1.41235155316080e+02   1.36062246380372e+05
   0.00000   1.55321438257690e+02   3.39522712675382e+04
   0.00000   7.81875238608211e+02   7.80763289194577e+04
   0.00000   3.57894417466015e+03   0.00000000000000e+00
   0.00000   3.93589510634331e+03   6.62091516886177e+04
   6.00000   4.01899363880587e+02   1.03201277739059e+16
   9.00000   5.06806420349182e+00   6.35175563583060e-01
   9.00000   1.44217052399661e+01   5.14374010240749e+05
   9.00000   4.51314943192593e+01   0.00000000000000e+00
   9.00000   1.28426373853576e+02   2.60863534219619e+16
  10.00000   5.06806420349182e+00   0.00000000000000e+00
  10.00000   6.74074475741948e+00   3.96917290849962e+00
  10.00000   7.41304222951620e+00   1.04300701479041e+02
  10.00000   1.91814922001921e+01   6.05399492465732e+07
  10.00000   2.10945847710148e+01   5.57636689026445e+07
  10.00000   4.51314943192593e+01   3.76522539915899e+12
  10.00000   5.45829364954149e+01   1.13422400914396e+13
  10.00000   6.00268409223095e+01   3.67400512136504e+13
  10.00000   1.28426373853576e+02   4.61567377414564e+17
  10.00000   1.87848869811921e+02   3.79445060945680e+19
  10.00000   5.34543549827519e+02   2.08267619400528e+23
  10.00000   2.44681175370485e+03   1.52108742294606e+31
  10.00000   2.69084789747097e+03   0.00000000000000e+00
STATE 55 +1 31 Ba
   0.00000   1.10719634478880e+00   4.17830032335967e-02
   0.00000   1.21762409876909e+00   3.60298228069644e-02
   0.00000   2.15399546271762e+00   3.43322255009320e+00
   0.00000   3.81045058002583e+00   0.00000000000000e+00
   0.00000   4.19049112223463e+00   6.17136892006270e+00
   0.00000   1.58600738958155e+01   1.32294243326968e+03
   0.00000   3.73166397828457e+01   7.68890464376908e+03
   0.00000   1.41235155316080e+02   1.33465636218474e+05
   0.00000   1.55321438257690e+02   3.68695162189559e+04
   0.00000   7.81875238608211e+02   7.71537024007053e+04
   0.00000   3.93589510634331e+03   7.02939997286281e+04
   6.00000   4.01899363880587e+02   1.10367249126534e+16
   8.00000   1.16779235766526e+02   1.14131157273819e+15
   9.00000   1.44217052399661e+01   5.23342701257194e+05
   9.00000   1.28426373853576e+02   0.00000000000000e+00
   9.00000   2.44681175370485e+03   6.49248541817005e+27
  10.00000   2.60508541377403e+00   9.46884719764883e-06
  10.00000   2.86490719924492e+00   3.66277724638437e-05
  10.00000   6.74074475741948e+00   2.40715692257977e+00
  10.00000   7.41304222951620e+00   9.40534835974399e+01
  10.00000   1.91814922001921e+01   5.95520449500275e+07
  10.00000   2.10945847710148e+01   5.66393242812411e+07
  10.00000   4.51314943192593e+01   3.86852059291545e+12
  10.00000   5.45829364954149e+01   1.00535246465744e+13
  10.00000   6.00268409223095e+01   4.19120687678899e+13
  10.00000   1.28426373853576e+02   3.74584127208852e+17
  10.00000   1.87848869811921e+02   3.39234983808904e+19
  10.00000   5.34543549827519e+02   2.30612433867643e+23
  10.00000   8.59856643531270e+02   0.00000000000000e+00
  10.00000   2.44681175370485e+03   1.27186917274922e+31
  10.00000   2.69084789747097e+03   0.00000000000000e+00
STATE 56 +0 33 Ba
   0.00000   9.15477047471386e-01   1.30715178286075e-02
   0.00000   1.00678341300320e+00   3.67015954387236e-02
   0.00000   2.15399546271762e+00   3.09200445539038e+00
   0.00000   2.36882716998542e+00   1.15137409390128e+00
   0.00000   1.44217052399661e+01   7.74392694112451e+02
   0.00000   1.58600738958155e+01   4.11619186650573e+02
   0.00000   3.73166397828457e+01   7.89873417601153e+03
   0.00000   1.41235155316080e+02   1.35604236591446e+05
   0.00000   1.55321438257690e+02   3.43541245196226e+04
   0.00000   7.10966058525796e+02   5.55098718101109e+04
   0.00000   7.81875238608211e+02   1.41457135315007e+04
   0.00000   3.57894417466015e+03   9.12313363908790e+04
   0.00000   3.93589510634331e+03   0.00000000000000e+00
   0.00000   1.12000000000000e+04   0.00000000000000e+00
   6.00000   4.01899363880587e+02   4.32690709974376e+14
   7.00000   4.41983351050817e+02   1.33773268725142e+18
   8.00000   1.16779235766526e+02   1.13714362075059e+15
   9.00000   1.44217052399661e+01   5.87418088291190e+05
   9.00000   2.44681175370485e+03   0.00000000000000e+00
  10.00000   1.95864709430730e+00   2.20970561977844e-07
  10.00000   2.60508541377403e+00   2.68874291607286e-05
  10.00000   2.86490719924492e+00   6.48844341270741e-05
  10.00000   6.74074475741948e+00   0.00000000000000e+00
  10.00000   7.41304222951620e+00   9.29075622117434e+01
  10.00000   1.91814922001921e+01   5.76503199010643e+07
  10.00000   2.10945847710148e+01   7.02901066239993e+07
  10.00000   4.51314943192593e+01   3.71338232669894e+12
  10.00000   5.45829364954149e+01   1.11596674829957e+13
  10.00000   6.00268409223095e+01   3.68336128392704e+13
  10.00000   1.28426373853576e+02   3.84947952072789e+17
  10.00000   1.87848869811921e+02   3.46227943135973e+19
  10.00000   5.34543549827519e+02   0.00000000000000e+00
  10.00000   2.44681175370485e+03   7.58031068611803e+30
STATE 57 -1 38 Ba
   0.00000   1.95864709430730e+00   9.05443782032822e-01
   0.00000   2.15399546271762e+00   2.81766253777814e+00
   0.00000   1.74419002326884e+01   0.00000000000000e+00
   0.00000   1.91814922001921e+01   1.70241747848606e+03
   0.00000   3.39323500652909e+01   6.86208983456165e+03
   0.00000   1.41235155316080e+02   7.59065240245192e+04
   0.00000   1.55321438257690e+02   1.01204306045482e+05
   0.00000   7.81875238608211e+02   5.98997392191144e+03
   0.00000   8.59856643531270e+02   6.36656828621642e+04
   0.00000   3.25436554055782e+03   5.31650638970490e+04
   0.00000   1.12000000000000e+04   1.30351734352173e+05
   5.00000   3.65450640399913e+02   2.06186902036432e+14
   7.00000   1.06188390258238e+02   3.05898766528957e+13
   8.00000   1.12000000000000e+04   0.00000000000000e+00
   9.00000   1.95864709430730e+00   2.07936177635987e-06
   9.00000   4.10384663014268e+01   3.36737397317874e+11
   9.00000   1.16779235766526e+02   1.04646386515264e+16
   9.00000   2.69084789747097e+03   5.39088350342720e+28
   9.00000   1.12000000000000e+04   0.00000000000000e+00
  10.00000   1.00678341300320e+00   1.86303182372596e-12
  10.00000   1.10719634478880e+00   3.41355721640650e-10
  10.00000   1.95864709430730e+00   8.24231548702132e-07
  10.00000   2.86490719924492e+00   1.61595405508662e-04
  10.00000   6.12941872956842e+00   1.36241175136504e+00
  10.00000   7.41304222951620e+00   5.49695615264205e+01
  10.00000   8.15239221691400e+00   1.18763979856578e+02
  10.00000   1.58600738958155e+01   3.07961879695240e+06
  10.00000   1.91814922001921e+01   3.51120672463652e+07
  10.00000   2.10945847710148e+01   1.34975119703340e+08
  10.00000   4.51314943192593e+01   6.87982136716532e+11
  10.00000   5.45829364954149e+01   1.28100375421450e+13
  10.00000   6.00268409223095e+01   4.95248511862192e+13
  10.00000   1.70812636049764e+02   5.61796590673764e+18
  10.00000   1.87848869811921e+02   1.03656740329760e+19
  10.00000   4.86065169946754e+02   4.29057187495396e+23
  10.00000   7.10966058525796e+02   1.62780068892449e+24
  10.00000   7.81875238608211e+02   4.47187512773659e+25
  10.00000   2.69084789747097e+03   0.00000000000000e+00
# orbitals: 1s2
CORE 2 5 Ba
   0.00000   1.06188390258238e+02   3.20519057443682e+04
   0.00000   1.16779235766526e+02   7.03572784711524e+04
   0.00000   1.70812636049764e+02   3.93012671580233e+04
   0.00000   3.65450640399913e+02   0.00000000000000e+00
   0.00000   4.01899363880587e+02   4.83375412467507e+04
# orbitals: 1s2 2s2
CORE 4 18 Ba
   0.00000   3.39323500652909e+01   4.63554427957153e+02
   0.00000   1.28426373853576e+02   1.59781646503164e+05
   0.00000   1.41235155316080e+02   0.00000000000000e+00
   0.00000   4.86065169946754e+02   6.01003346682223e+04
   0.00000   5.34543549827519e+02   0.00000000000000e+00
   0.00000   1.83964821513014e+03   5.97080486520869e+04
   0.00000   2.02312806625756e+03   0.00000000000000e+00
   0.00000   7.65708832105398e+03   1.00174245467621e+05
   3.00000   4.96327461296603e+01   2.56639865403560e+06
   4.00000   6.00268409223095e+01   3.34036463839740e+08
   7.00000   9.65580409190176e+01   0.00000000000000e+00
   8.00000   1.06188390258238e+02   1.31127072931677e+14
   9.00000   4.01899363880587e+02   6.33936109063700e+20
  10.00000   1.55321438257690e+02   4.54085258635734e+17
  10.00000   1.70812636049764e+02   7.10449175856111e+17
  10.00000   5.87856987764639e+02   0.00000000000000e+00
  10.00000   6.46487714939636e+02   7.55215395920169e+22
  10.00000   1.67280836634920e+03   8.36981874949394e+28
# orbitals: 1s2 2s2 2p6
CORE 10 16 Ba
   0.00000   3.39323500652909e+01   1.61364860469564e+03
   0.00000   3.73166397828457e+01   5.61411930982238e+03
   0.00000   1.41235155316080e+02   1.66207888577460e+05
   0.00000   7.81875238608211e+02   7.63678848348208e+04
   0.00000   4.32844703133942e+03   9.06148150286248e+04
   0.00000   4.76015066380095e+03   0.00000000000000e+00
   3.00000   5.45829364954149e+01   5.67375048012512e+07
   4.00000   6.60137006629340e+01   6.46649579253824e+08
   6.00000   4.01899363880587e+02   1.13878099967292e+16
   8.00000   1.16779235766526e+02   1.95086428039416e+14
   8.00000   4.41983351050817e+02   0.00000000000000e+00
   9.00000   1.28426373853576e+02   0.00000000000000e+00
  10.00000   1.55321438257690e+02   1.25144862763185e+18
  10.00000   4.86065169946754e+02   3.41455074136640e+23
  10.00000   2.69084789747097e+03   4.56275908526141e+31
  10.00000   2.95922332249730e+03   0.00000000000000e+00
# orbitals: 1s2 2s2 2p6 3s2
CORE 12 20 Ba
   0.00000   3.08549855414030e+01   6.83539958210567e+03
   0.00000   3.39323500652909e+01   5.98218349373245e+02
   0.00000   1.41235155316080e+02   1.01007243071380e+05
   0.00000   1.55321438257690e+02   7.46510963595242e+04
   0.00000   8.59856643531270e+02   7.36827724760605e+04
   0.00000   9.45615631390193e+02   0.00000000000000e+00
   0.00000   3.93589510634331e+03   7.69268351050450e+04
   5.00000   3.65450640399913e+02   2.55717671402799e+14
   7.00000   9.65580409190176e+01   5.39313729123771e+12
   8.00000   3.08549855414030e+01   0.00000000000000e+00
   8.00000   1.06188390258238e+02   3.61652381444394e+14
   9.00000   3.08549855414030e+01   1.73164823155897e+08
  10.00000   3.39323500652909e+01   3.74559605213764e+09
  10.00000   4.51314943192593e+01   7.36624535066281e+11
  10.00000   1.16779235766526e+02   8.32814547356021e+16
  10.00000   1.70812636049764e+02   1.12195952739144e+19
  10.00000   4.86065169946754e+02   3.19956547138684e+23
  10.00000   8.59856643531270e+02   2.82646138406634e+25
  10.00000   2.95922332249730e+03   9.28585685580839e+31
  10.00000   3.25436554055782e+03   0.00000000000000e+00
# orbitals: 1s2 2s2 2p6 3s2 3p6
CORE 18 19 Ba
   0.00000   1.31137839202213e+01   9.60823179634435e+01
   0.00000   1.44217052399661e+01   0.00000000000000e+00
   0.00000   3.39323500652909e+01   8.90193763395842e+03
   0.00000   1.41235155316080e+02   1.10614848071632e+05
   0.00000   1.55321438257690e+02   6.19301176395226e+04
   0.00000   9.45615631390193e+02   8.32404803455783e+04
   0.00000   1.03992791014233e+03   0.00000000000000e+00
   0.00000   5.23491085325189e+03   1.13113407987679e+05
   4.00000   3.32307494292000e+02   0.00000000000000e+00
   5.00000   3.65450640399913e+02   9.71087901788086e+13
   7.00000   3.08549855414030e+01   4.10347858999531e+08
   7.00000   1.06188390258238e+02   4.98611611996919e+13
   8.00000   3.08549855414030e+01   6.83620351651112e+08
   9.00000   1.16779235766526e+02   1.30755873519206e+16
   9.00000   4.86065169946754e+02   7.52981595429667e+21
  10.00000   4.51314943192593e+01   4.07310295992992e+11
  10.00000   4.96327461296603e+01   4.79843424004240e+12
  10.00000   1.87848869811921e+02   2.65199616415792e+19
  10.00000   3.57894417466015e+03   1.94126484842657e+33
# orbitals: 1s2 2s2 2p6 3s2 3p6 3d10
CORE 28 17 Ba
   0.00000   1.31137839202213e+01   5.51239879864621e+01
   0.00000   1.44217052399661e+01   1.05252105794479e+03
   0.00000   3.73166397828457e+01   7.91892730011379e+03
   0.00000   1.41235155316080e+02   1.16750022443087e+05
   0.00000   1.55321438257690e+02   5.48053109912164e+04
   0.00000   8.59856643531270e+02   7.77174667117593e+04
   0.00000   9.45615631390193e+02   0.00000000000000e+00
   0.00000   4.76015066380095e+03   1.13518137440100e+05
   5.00000   3.65450640399913e+02   1.07369128340041e+14
   6.00000   2.80567108063055e+01   1.54990710657652e+08
   7.00000   3.08549855414030e+01   0.00000000000000e+00
   8.00000   1.16779235766526e+02   1.49231729462282e+15
  10.00000   4.96327461296603e+01   6.89282765851018e+12
  10.00000   1.28426373853576e+02   2.47738822632482e+17
  10.00000   1.87848869811921e+02   2.67729884560800e+19
  10.00000   5.34543549827519e+02   7.49033915953108e+23
  10.00000   3.25436554055782e+03   4.75107398197009e+32
# orbitals: 1s2 2s2 2p6 3s2 3p6 3d10 4s2
CORE 30 23 Ba
   0.00000   6.12941872956842e+00   0.00000000000000e+00
   0.00000   1.08430345177412e+01   2.73627166404439e+02
   0.00000   1.19244795150631e+01   4.47170496442965e+02
   0.00000   3.73166397828457e+01   8.31629990395154e+03
   0.00000   1.41235155316080e+02   1.40888616549254e+05
   0.00000   1.55321438257690e+02   2.85551233062026e+04
   0.00000   7.10966058525796e+02   6.83120745174551e+04
   0.00000   7.81875238608211e+02   0.00000000000000e+00
   0.00000   3.93589510634331e+03   1.21895304908593e+05
   0.00000   4.32844703133942e+03   0.00000000000000e+00
   7.00000   1.06188390258238e+02   4.20049174254505e+13
   7.00000   4.41983351050817e+02   1.12235940582156e+18
   8.00000   3.73166397828457e+01   2.50737468597919e+10
   8.00000   1.16779235766526e+02   0.00000000000000e+00
   9.00000   1.19244795150631e+01   1.11978871732456e+03
  10.00000   1.74419002326884e+01   1.53995422530360e+06
  10.00000   1.91814922001921e+01   5.92329384959244e+06
  10.00000   4.96327461296603e+01   2.25634987808057e+12
  10.00000   5.45829364954149e+01   8.19241171623205e+12
  10.00000   1.28426373853576e+02   4.41121412820545e+17
  10.00000   1.87848869811921e+02   3.30011032530593e+19
  10.00000   5.34543549827519e+02   1.26405511312389e+23
  10.00000   2.69084789747097e+03   2.11330647698735e+31
# orbitals: 1s2 2s2 2p6 3s2 3p6 3d10 4s2 4p6
CORE 36 26 Ba
   0.00000   6.12941872956842e+00   0.00000000000000e+00
   0.00000   6.74074475741948e+00   2.97344550890475e+01
   0.00000   1.19244795150631e+01   0.00000000000000e+00
   0.00000   1.31137839202213e+01   8.23926529580322e+02
   0.00000   3.73166397828457e+01   8.59828958610395e+03
   0.00000   1.41235155316080e+02   1.16794027924361e+05
   0.00000   1.55321438257690e+02   5.45083154211003e+04
   0.00000   7.81875238608211e+02   7.25424867585704e+04
   0.00000   8.59856643531270e+02   0.00000000000000e+00
   0.00000   3.93589510634331e+03   9.08722501084979e+04
   0.00000   4.32844703133942e+03   0.00000000000000e+00
   6.00000   4.01899363880587e+02   1.46008547910954e+16
   8.00000   1.16779235766526e+02   1.32441415151008e+15
   9.00000   1.31137839202213e+01   3.74125225742068e+04
   9.00000   4.10384663014268e+01   2.20978097961514e+11
   9.00000   1.28426373853576e+02   0.00000000000000e+00
  10.00000   1.44217052399661e+01   1.63952865736278e+05
  10.00000   1.91814922001921e+01   4.37151220733098e+07
  10.00000   4.51314943192593e+01   7.46917390546143e+11
  10.00000   5.45829364954149e+01   1.88757275543854e+13
  10.00000   1.28426373853576e+02   3.44134147523046e+17
  10.00000   1.87848869811921e+02   3.30559131339908e+19
  10.00000   5.34543549827519e+02   2.10967774314296e+23
  10.00000   8.59856643531270e+02   0.00000000000000e+00
  10.00000   2.69084789747097e+03   2.91169081214046e+31
  10.00000   2.95922332249730e+03   0.00000000000000e+00
# orbitals: 1s2 2s2 2p6 3s2 3p6 3d10 4s2 4p6 4d10
CORE 46 25 Ba
   0.00000   4.60843553189665e+00   3.98586617302821e+00
   0.00000   5.06806420349182e+00   1.30778018014740e+01
   0.00000   1.44217052399661e+01   1.10705269795138e+03
   0.00000   3.73166397828457e+01   8.01289667357822e+03
   0.00000   1.41235155316080e+02   1.28636488530250e+05
   0.00000   1.55321438257690e+02   4.18747025475783e+04
   0.00000   7.81875238608211e+02   7.60619188187937e+04
   0.00000   3.57894417466015e+03   0.00000000000000e+00
   0.00000   3.93589510634331e+03   7.32205173676402e+04
   5.00000   8.15239221691400e+00   4.93576749268466e+02
   6.00000   4.01899363880587e+02   1.22540362883603e+16
   8.00000   1.31137839202213e+01   0.00000000000000e+00
   8.00000   1.16779235766526e+02   1.21979806314485e+15
   9.00000   1.31137839202213e+01   1.41640853145574e+05
   9.00000   1.28426373853576e+02   0.00000000000000e+00
  10.00000   1.44217052399661e+01   3.50530396690173e+05
  10.00000   1.91814922001921e+01   7.60113548054248e+07
  10.00000   4.51314943192593e+01   3.42846394705904e+12
  10.00000   5.45829364954149e+01   1.31077195525984e+13
  10.00000   6.00268409223095e+01   2.65814713418573e+13
  10.00000   1.28426373853576e+02   3.52704081003677e+17
  10.00000   1.87848869811921e+02   3.30697092888579e+19
  10.00000   5.34543549827519e+02   2.25551710689426e+23
  10.00000   2.44681175370485e+03   1.12441407890475e+31
  10.00000   2.69084789747097e+03   4.42533876864594e+30
# orbitals: 1s2 2s2 2p6 3s2 3p6 3d10 4s2 4p6 4d10 5s2
CORE 48 29 Ba
   0.00000   2.86490719924492e+00   0.00000000000000e+00
   0.00000   3.15064266871571e+00   8.64788929358592e+00
   0.00000   3.46487635918829e+00   1.63038901780336e+00
   0.00000   1.58600738958155e+01   1.35015268280240e+03
   0.00000   3.73166397828457e+01   7.57293559604576e+03
   0.00000   1.41235155316080e+02   1.37991036574819e+05
   0.00000   1.55321438257690e+02   3.19694334677570e+04
   0.00000   7.10966058525796e+02   6.77938463330546e+04
   0.00000   7.81875238608211e+02   0.00000000000000e+00
   0.00000   3.25436554055782e+03   8.23131107037551e+04
   0.00000   3.57894417466015e+03   0.00000000000000e+00
   0.00000   1.12000000000000e+04   2.47623714095917e+04
   6.00000   4.01899363880587e+02   0.00000000000000e+00
   7.00000   4.41983351050817e+02   1.39195162827380e+18
   8.00000   1.16779235766526e+02   1.20371697867800e+15
   9.00000   4.10384663014268e+01   8.95750549414525e+10
   9.00000   2.44681175370485e+03   0.00000000000000e+00
  10.00000   6.74074475741948e+00   0.00000000000000e+00
  10.00000   7.41304222951620e+00   1.33071896544834e+01
  10.00000   1.44217052399661e+01   6.79644365020520e+05
  10.00000   1.91814922001921e+01   6.84299971610309e+07
  10.00000   2.10945847710148e+01   2.53603079485636e+07
  10.00000   4.51314943192593e+01   2.74226755772307e+12
  10.00000   5.45829364954149e+01   1.31659733288983e+13
  10.00000   6.00268409223095e+01   3.09293884521215e+13
  10.00000   1.28426373853576e+02   3.47382092935531e+17
  10.00000   1.87848869811921e+02   3.31140871419832e+19
  10.00000   5.34543549827519e+02   7.79527547991157e+21
  10.00000   2.44681175370485e+03   6.69430265184987e+30
# orbitals: 1s2 2s2 2p6 3s2 3p6 3d10 4s2 4p6 4d10 5s2 5p6
CORE 54 29 Ba
   0.00000   2.36882716998542e+00   4.53828277307274e+00
   0.00000   2.60508541377403e+00   6.43404654738019e-01
   0.00000   1.44217052399661e+01   5.89017407721100e+02
   0.00000   1.58600738958155e+01   6.30132695837256e+02
   0.00000   3.73166397828457e+01   7.83846740457262e+03
   0.00000   1.41235155316080e+02   1.36654938095383e+05
   0.00000   1.55321438257690e+02   3.32208324674858e+04
   0.00000   7.10966058525796e+02   5.71998924864332e+04
   0.00000   7.81875238608211e+02   1.24222798626882e+04
   0.00000   3.57894417466015e+03   9.17924206899990e+04
   0.00000   3.93589510634331e+03   0.00000000000000e+00
   0.00000   1.12000000000000e+04   0.00000000000000e+00
   6.00000   4.01899363880587e+02   0.00000000000000e+00
   7.00000   4.41983351050817e+02   1.36147988124782e+18
   8.00000   1.16779235766526e+02   1.12469908580551e+15
   9.00000   5.06806420349182e+00   5.63347552501462e-01
   9.00000   1.44217052399661e+01   5.89558873453545e+05
   9.00000   2.44681175370485e+03   0.00000000000000e+00
  10.00000   6.74074475741948e+00   0.00000000000000e+00
  10.00000   7.41304222951620e+00   1.04569115212613e+02
  10.00000   1.91814922001921e+01   5.73879884683983e+07
  10.00000   2.10945847710148e+01   6.73550033179608e+07
  10.00000   4.51314943192593e+01   3.76288794616841e+12
  10.00000   5.45829364954149e+01   1.06425372464981e+13
  10.00000   6.00268409223095e+01   3.86174540093602e+13
  10.00000   1.28426373853576e+02   3.87319784255121e+17
  10.00000   1.87848869811921e+02   3.46622076820380e+19
  10.00000   5.34543549827519e+02   0.00000000000000e+00
  10.00000   2.44681175370485e+03   7.65728730382482e+30
