# Free-atom, free-ion and frozen-core density fits -- Al (Z = 13)
#
#   rho(r) = sum_i c_i r^n_i exp(-alpha_i r)      r in bohr, rho in e/bohr^3
#
# All-electron B86BPBE densities (scalar-relativistic, spin-restricted),
# fitted with rhofit.py (monotone decay imposed).  Two kinds of block:
#
#   STATE <N> <q> <nterm> <symbol>
#     the atom or ion with N electrons (charge q), in order of increasing N;
#   CORE <N_core> <nterm> <symbol>
#     the frozen core of the neutral atom with N_core electrons, for a
#     pseudopotential with Z - N_core valence electrons, in order of
#     increasing N_core, each preceded by a '# orbitals:' comment.
#
# Each block header is followed by nterm lines:   n   alpha   c
#
# Generated 2026-09-23 by combine_fits.py from
#   /home/alberto/doc/manuals/critic2/atomic_density_fits/15_rhofit/rho_b86bpbe_mono/fit_013_Al.dat
#     recipe: --npow 0,1,2,3,4,5,6,7,8,9,10 --amin 0.2 --ratio 1.1 --mom 3 --cusp none --targetz 1e-3 --besteffort --monotone --stats
#   /home/alberto/doc/manuals/critic2/atomic_density_fits/15_rhofit/core_b86bpbe_mono/core_013_Al.dat
#     recipe: --npow 0,1,2,3,4,5,6,7,8,9,10 --amin 0.2 --ratio 1.1 --mom 3 --cusp none --besteffort --monotone --stats --target 1e-3*N_core
#
STATE 10 +3 14 Al
   0.00000   5.00922726138792e+00   5.17961947610634e+00
   0.00000   5.50693777147650e+00   2.46962061904422e+01
   0.00000   2.75600841234774e+01   8.41917970232450e+02
   0.00000   3.02984193619109e+01   5.80951782457903e+02
   1.00000   4.02567094335679e+01   4.11490166516904e+02
   2.00000   7.31692274395557e+00   1.12908691256432e+02
   2.00000   4.86538419483583e+01   7.04631571118364e+04
   3.00000   8.84315702256371e+00   2.19304285445261e+02
   3.00000   5.34880263904468e+01   6.87866419247579e+05
   6.00000   1.56114749930612e+01   1.00957015629536e+05
   9.00000   9.44263439280846e+01   0.00000000000000e+00
  10.00000   2.75600841234774e+01   0.00000000000000e+00
  10.00000   3.02984193619109e+01   9.07316699960737e+08
  10.00000   9.44263439280846e+01   2.59095671799841e+14
STATE 11 +2 14 Al
   0.00000   1.76700169739937e+00   3.19068635800075e-02
   0.00000   5.00922726138792e+00   3.04549147176945e+01
   0.00000   2.75600841234774e+01   7.98181255195583e+02
   0.00000   3.02984193619109e+01   6.26988004153617e+02
   2.00000   4.86538419483583e+01   1.14011903797405e+05
   5.00000   1.29171014550534e+01   1.83284533406126e+04
   6.00000   1.56114749930612e+01   4.01404150668902e+04
   7.00000   3.77009622445925e+00   3.17522680099035e-02
   7.00000   4.14468823577055e+00   7.21835252034888e-02
   9.00000   9.44263439280846e+01   1.96622020171474e+13
  10.00000   6.05410017083394e+00   2.57571776527738e-01
  10.00000   6.65562793687869e+00   2.14769396670388e+00
  10.00000   3.02984193619109e+01   1.12754775786833e+09
  10.00000   9.44263439280846e+01   1.64380659229711e+14
STATE 12 +1 16 Al
   0.00000   1.46203611168733e+00   3.18529539110671e-02
   0.00000   1.60730217787779e+00   0.00000000000000e+00
   0.00000   5.00922726138792e+00   3.05186606534343e+01
   0.00000   2.75600841234774e+01   7.52081684010217e+02
   0.00000   3.02984193619109e+01   6.76408897110778e+02
   2.00000   4.86538419483583e+01   1.19760984655884e+05
   5.00000   1.29171014550534e+01   1.62033934499322e+04
   6.00000   3.11941795687459e+00   9.60368544044421e-03
   6.00000   3.42935939524036e+00   1.20600531866392e-01
   6.00000   1.56114749930612e+01   5.80374134160207e+04
   9.00000   9.44263439280846e+01   1.96736340336531e+13
  10.00000   6.05410017083394e+00   6.77935743724904e-01
  10.00000   6.65562793687869e+00   2.85646547109530e+00
  10.00000   3.02984193619109e+01   1.11187587085028e+09
  10.00000   9.44263439280846e+01   1.79633322090501e+14
  10.00000   1.03808426502878e+02   0.00000000000000e+00
STATE 13 +0 21 Al
   0.00000   1.00092230081939e+00   1.46549398112148e-02
   0.00000   1.10037267967120e+00   5.20010444512567e-02
   0.00000   5.00922726138792e+00   2.28351284712578e+01
   0.00000   5.50693777147650e+00   5.20951250847769e+00
   0.00000   2.75600841234774e+01   1.02091119204145e+03
   0.00000   3.02984193619109e+01   3.99140072043082e+02
   1.00000   4.02567094335679e+01   9.19496704613721e+02
   2.00000   4.86538419483583e+01   5.69409171711472e+04
   2.00000   1.33966839976431e+03   9.22743990397747e+07
   3.00000   1.76700169739937e+00   6.29131155601948e-03
   3.00000   5.34880263904468e+01   1.02319063450582e+05
   4.00000   2.13557994474488e+00   0.00000000000000e+00
   4.00000   1.06877479593890e+01   0.00000000000000e+00
   4.00000   1.17496691322550e+01   8.58879970396315e+03
   7.00000   3.42935939524036e+00   4.37028820367079e-02
  10.00000   5.50693777147650e+00   0.00000000000000e+00
  10.00000   6.05410017083394e+00   1.42095851695896e+00
  10.00000   3.02984193619109e+01   7.97223900456232e+08
  10.00000   3.33088321398922e+01   1.25466443396094e+08
  10.00000   9.44263439280846e+01   3.18407044966446e+14
  10.00000   1.51631818094573e+02   3.13914665837419e+16
STATE 14 -1 20 Al
   0.00000   1.00092230081939e+00   6.09035524182409e-02
   0.00000   1.10037267967120e+00   1.15625846044995e-02
   0.00000   5.00922726138792e+00   1.83483362482389e+01
   0.00000   5.50693777147650e+00   1.05607511808052e+01
   0.00000   2.75600841234774e+01   9.45367462810317e+02
   0.00000   3.02984193619109e+01   4.71348770413423e+02
   1.00000   4.02567094335679e+01   1.87416888898645e+03
   2.00000   4.86538419483583e+01   8.53690828942713e+03
   3.00000   1.76700169739937e+00   1.68575845462675e-02
   3.00000   5.34880263904468e+01   9.64795586071771e+05
   4.00000   1.06877479593890e+01   2.93812019124339e+02
   4.00000   1.17496691322550e+01   8.22072447440901e+03
   5.00000   2.58103979589204e+00   0.00000000000000e+00
   5.00000   1.29171014550534e+01   0.00000000000000e+00
   7.00000   3.42935939524036e+00   4.67620727809593e-02
  10.00000   5.50693777147650e+00   6.95985885967717e-02
  10.00000   6.05410017083394e+00   1.31081823664493e+00
  10.00000   3.02984193619109e+01   8.56902687386217e+08
  10.00000   9.44263439280846e+01   2.49848428063276e+14
  10.00000   1.66697764515339e+02   4.80526217555090e+16
STATE 15 -2 18 Al
   0.00000   1.00092230081939e+00   7.94035586578687e-02
   0.00000   5.00922726138792e+00   1.21917677581883e+01
   0.00000   5.50693777147650e+00   1.75146154479170e+01
   0.00000   2.75600841234774e+01   9.50982469142741e+02
   0.00000   3.02984193619109e+01   4.74566811261905e+02
   1.00000   4.02567094335679e+01   4.83761696811977e+02
   2.00000   1.46203611168733e+00   2.91138858698068e-02
   2.00000   4.86538419483583e+01   5.43695827005993e+04
   3.00000   1.76700169739937e+00   0.00000000000000e+00
   3.00000   5.34880263904468e+01   7.19278644470100e+05
   4.00000   1.06877479593890e+01   7.81976259607737e+02
   4.00000   1.17496691322550e+01   7.66302750747487e+03
   6.00000   2.83748865842907e+00   9.21993840079042e-03
   7.00000   3.42935939524036e+00   4.15962383852344e-02
  10.00000   5.50693777147650e+00   1.64080028366358e-01
  10.00000   6.05410017083394e+00   1.09223327601693e+00
  10.00000   3.02984193619109e+01   9.16187969990731e+08
  10.00000   9.44263439280846e+01   2.09861002532173e+14
# orbitals: 1s2
CORE 2 3 Al
   0.00000   2.28035085019828e+01   3.95226250028172e+02
   0.00000   2.50692363789780e+01   4.55882766128553e+02
   0.00000   3.02984193619109e+01   4.81501718986430e+02
# orbitals: 1s2 2s2
CORE 4 12 Al
   0.00000   5.00922726138792e+00   1.28743649223024e+00
   0.00000   5.50693777147650e+00   1.35198366654480e+00
   0.00000   2.50692363789780e+01   3.20343481959291e+02
   0.00000   2.75600841234774e+01   1.11804644403343e+03
   2.00000   4.42565653676581e+01   1.47020156895520e+04
   3.00000   8.84315702256371e+00   3.35430688937310e+02
   3.00000   4.86538419483583e+01   4.05582073908572e+05
   5.00000   1.29171014550534e+01   0.00000000000000e+00
   7.00000   1.71626114811029e+01   1.80278600274023e+05
  10.00000   2.75600841234774e+01   4.74578182553311e+07
  10.00000   3.02984193619109e+01   3.50199825720263e+08
  10.00000   8.58922028586738e+01   3.42770378972441e+13
# orbitals: 1s2 2s2 2p6
CORE 10 13 Al
   0.00000   5.00922726138792e+00   1.78838293428263e+01
   0.00000   5.50693777147650e+00   1.22892576244848e+01
   0.00000   2.75600841234774e+01   8.26580849698545e+02
   0.00000   3.02984193619109e+01   5.98642657483928e+02
   2.00000   4.86538419483583e+01   8.48744435415805e+04
   3.00000   8.84315702256371e+00   5.33378594671117e+02
   3.00000   5.34880263904468e+01   5.73783730399842e+05
   4.00000   1.06877479593890e+01   0.00000000000000e+00
   6.00000   1.56114749930612e+01   9.50339208291374e+04
   9.00000   9.44263439280846e+01   0.00000000000000e+00
  10.00000   2.75600841234774e+01   7.97941479790364e+06
  10.00000   3.02984193619109e+01   9.40297384769790e+08
  10.00000   9.44263439280846e+01   2.61979770546130e+14
# orbitals: 1s2 2s2 2p6 3s2
CORE 12 21 Al
   0.00000   1.32989902041950e+00   1.31424252914022e-02
   0.00000   1.46203611168733e+00   3.34715763162222e-02
   0.00000   5.00922726138792e+00   2.82010501100170e+01
   0.00000   2.75600841234774e+01   6.65177811301565e+02
   0.00000   3.02984193619109e+01   7.56603569435571e+02
   1.00000   3.66183557389887e+01   2.21523572979699e+03
   1.00000   8.34257550000710e+02   2.79620520075776e+04
   3.00000   5.34880263904468e+01   1.64996074684154e+06
   3.00000   1.21859075729488e+03   0.00000000000000e+00
   4.00000   2.34776847766032e+00   2.52809369092489e-02
   4.00000   1.17496691322550e+01   7.39786742726553e+03
   5.00000   2.83748865842907e+00   0.00000000000000e+00
   5.00000   1.42005283827187e+01   4.83954382915141e+03
   7.00000   3.77009622445925e+00   7.76250208890558e-02
   9.00000   8.58922028586738e+01   0.00000000000000e+00
  10.00000   6.05410017083394e+00   5.97752144491563e-01
  10.00000   6.65562793687869e+00   1.64174736112096e+00
  10.00000   3.02984193619109e+01   7.60369782612008e+08
  10.00000   3.33088321398922e+01   0.00000000000000e+00
  10.00000   8.58922028586738e+01   7.65649427094266e+13
  10.00000   3.55668369504138e+02   9.07166843937224e+19
