# Free-atom, free-ion and frozen-core density fits -- Y (Z = 39)
#
#   rho(r) = sum_i c_i r^n_i exp(-alpha_i r)      r in bohr, rho in e/bohr^3
#
# All-electron B86BPBE densities (scalar-relativistic, spin-restricted),
# fitted with rhofit.py (monotone decay imposed).  Two kinds of block:
#
#   STATE <N> <q> <nterm> <symbol>
#     the atom or ion with N electrons (charge q), in order of increasing N;
#   CORE <N_core> <nterm> <symbol>
#     the frozen core of the neutral atom with N_core electrons, for a
#     pseudopotential with Z - N_core valence electrons, in order of
#     increasing N_core, each preceded by a '# orbitals:' comment.
#
# Each block header is followed by nterm lines:   n   alpha   c
#
# Generated 2026-09-23 by combine_fits.py from
#   /home/alberto/doc/manuals/critic2/atomic_density_fits/15_rhofit/rho_b86bpbe_mono/fit_039_Y.dat
#     recipe: --npow 0,1,2,3,4,5,6,7,8,9,10 --amin 0.2 --ratio 1.1 --mom 3 --cusp none --targetz 1e-3 --besteffort --monotone --stats
#   /home/alberto/doc/manuals/critic2/atomic_density_fits/15_rhofit/core_b86bpbe_mono/core_039_Y.dat
#     recipe: --npow 0,1,2,3,4,5,6,7,8,9,10 --amin 0.2 --ratio 1.1 --mom 3 --cusp none --besteffort --monotone --stats --target 1e-3*N_core
#
STATE 36 +3 23 Y
   0.00000   3.16590096639146e+00   6.79696759790960e+00
   0.00000   6.78242288602834e+00   0.00000000000000e+00
   0.00000   7.46011989163979e+00   1.22744694902895e+02
   0.00000   2.33925257357185e+01   2.51542121569474e+03
   0.00000   2.57298976323371e+01   0.00000000000000e+00
   0.00000   9.76093120843747e+01   4.87565661620486e+04
   0.00000   7.93290009559719e+02   9.00630655753857e+03
   0.00000   8.72555232783647e+02   0.00000000000000e+00
   3.00000   1.90115641307595e+02   1.94635197670144e+09
   4.00000   2.30006301024605e+02   9.77297496984107e+10
   7.00000   7.33514029592855e+01   0.00000000000000e+00
   8.00000   2.33925257357185e+01   1.00183567003160e+08
   8.00000   7.33514029592855e+01   9.79588106083476e+12
   9.00000   6.78242288602834e+00   2.83638904753226e+01
   9.00000   2.33925257357185e+01   1.29609580719501e+08
  10.00000   7.46011989163979e+00   3.50105079643169e+00
  10.00000   9.92724257904246e+00   5.57863870306996e+03
  10.00000   3.42389853032235e+01   3.90675854457536e+10
  10.00000   8.06806460599050e+01   5.42104182808061e+14
  10.00000   1.18090003871693e+02   8.60261313480697e+16
  10.00000   3.36653786316263e+02   2.98749152226283e+21
  10.00000   6.55707422964126e+02   5.58776810749406e+23
  10.00000   3.31013816085272e+03   5.90888073476534e+31
STATE 37 +2 24 Y
   0.00000   2.16298523969622e+00   5.27829821227572e-01
   0.00000   2.37910986724540e+00   2.96968060474021e+00
   0.00000   7.46011989163979e+00   1.29399710732585e+02
   0.00000   2.33925257357185e+01   2.50640507795138e+03
   0.00000   9.76093120843747e+01   4.88832332944858e+04
   0.00000   8.72555232783647e+02   9.72616023705101e+03
   3.00000   1.90115641307595e+02   1.37631987520117e+09
   4.00000   2.30006301024605e+02   1.27195882164945e+11
   8.00000   6.78242288602834e+00   0.00000000000000e+00
   8.00000   2.33925257357185e+01   7.77601445612064e+07
   8.00000   7.33514029592855e+01   9.47291438791694e+12
   9.00000   6.78242288602834e+00   1.09227781362401e+00
   9.00000   2.33925257357185e+01   1.76858659384303e+08
  10.00000   3.16590096639146e+00   1.89523302464770e-05
  10.00000   7.46011989163979e+00   3.63076941584222e+01
  10.00000   9.92724257904246e+00   4.72800625764193e+03
  10.00000   3.11286253958483e+01   0.00000000000000e+00
  10.00000   3.42389853032235e+01   4.25158649183040e+10
  10.00000   8.06806460599050e+01   5.80079708700225e+14
  10.00000   1.18090003871693e+02   8.69307042214720e+16
  10.00000   3.36653786316263e+02   3.60958945390127e+21
  10.00000   5.96141227841983e+02   6.71532481959746e+23
  10.00000   6.55707422964126e+02   0.00000000000000e+00
  10.00000   3.31013816085272e+03   6.21057871611201e+31
STATE 38 +1 30 Y
   0.00000   1.22148433404934e+00   0.00000000000000e+00
   0.00000   2.16298523969622e+00   0.00000000000000e+00
   0.00000   2.37910986724540e+00   4.23977614543590e+00
   0.00000   7.46011989163979e+00   4.78331790728120e+01
   0.00000   8.20553211335210e+00   8.76143369960536e+01
   0.00000   2.33925257357185e+01   2.47405987153305e+03
   0.00000   9.76093120843747e+01   4.89250741485002e+04
   0.00000   7.21225448685492e+02   0.00000000000000e+00
   0.00000   7.93290009559719e+02   8.60840392972554e+03
   0.00000   4.00468172435272e+03   9.11461090960106e+03
   3.00000   1.90115641307595e+02   1.74003145504820e+09
   4.00000   2.09111920808166e+02   6.48586651719073e+10
   4.00000   2.30006301024605e+02   0.00000000000000e+00
   7.00000   6.66879676707167e+01   6.74013436030834e+11
   8.00000   7.46011989163979e+00   8.10151261590900e+00
   8.00000   2.33925257357185e+01   5.98022728101483e+07
   8.00000   7.33514029592855e+01   8.06162944488563e+11
   9.00000   8.20553211335210e+00   0.00000000000000e+00
   9.00000   2.33925257357185e+01   2.18837563560096e+08
  10.00000   2.61682958188811e+00   7.00944022496801e-06
  10.00000   3.48223653570632e+00   1.60544628090684e-03
  10.00000   3.83018022968334e+00   3.46227680813995e-03
  10.00000   9.92724257904246e+00   4.48048371389796e+03
  10.00000   3.42389853032235e+01   4.80184317689441e+10
  10.00000   8.06806460599050e+01   2.22782471364423e+14
  10.00000   1.18090003871693e+02   6.67435881547414e+16
  10.00000   3.36653786316263e+02   2.83246942554761e+21
  10.00000   5.96141227841983e+02   7.13353426616733e+23
  10.00000   2.73605130148126e+03   0.00000000000000e+00
  10.00000   3.00943646270924e+03   5.56788828522572e+30
STATE 39 +0 29 Y
   0.00000   1.00963876415772e+00   2.78744565519140e-02
   0.00000   2.16298523969622e+00   5.28856057478736e-01
   0.00000   2.37910986724540e+00   3.67978736719900e+00
   0.00000   7.46011989163979e+00   0.00000000000000e+00
   0.00000   8.20553211335210e+00   1.51995562402275e+02
   0.00000   2.33925257357185e+01   2.45968431758594e+03
   0.00000   9.76093120843747e+01   4.89023909297091e+04
   0.00000   7.21225448685492e+02   0.00000000000000e+00
   0.00000   7.93290009559719e+02   8.62333199506306e+03
   0.00000   4.00468172435272e+03   9.23840523518892e+03
   3.00000   1.90115641307595e+02   1.77462325835102e+09
   4.00000   2.09111920808166e+02   6.60950897278103e+10
   4.00000   2.30006301024605e+02   0.00000000000000e+00
   8.00000   2.33925257357185e+01   1.78830120901725e+07
   8.00000   7.33514029592855e+01   9.89298201168817e+12
   9.00000   7.46011989163979e+00   2.51488225587265e+01
   9.00000   2.33925257357185e+01   2.80523439030582e+08
  10.00000   2.37910986724540e+00   4.69049761322447e-06
  10.00000   3.16590096639146e+00   1.84398067416388e-04
  10.00000   3.48223653570632e+00   1.80180197275866e-03
  10.00000   9.92724257904246e+00   4.02589996320844e+03
  10.00000   3.11286253958483e+01   2.98003167403737e+09
  10.00000   3.42389853032235e+01   4.57288491072186e+10
  10.00000   8.06806460599050e+01   4.93763907960051e+14
  10.00000   1.18090003871693e+02   8.48951368776700e+16
  10.00000   3.36653786316263e+02   2.54683341047770e+21
  10.00000   5.96141227841983e+02   5.96385698334045e+23
  10.00000   2.73605130148126e+03   0.00000000000000e+00
  10.00000   3.00943646270924e+03   7.15366739044283e+30
STATE 40 -1 30 Y
   0.00000   9.17920510676874e-01   4.25519859835594e-02
   0.00000   1.00963876415772e+00   4.04160542396738e-02
   0.00000   2.37910986724540e+00   4.12354326627588e+00
   0.00000   7.46011989163979e+00   0.00000000000000e+00
   0.00000   8.20553211335210e+00   1.52411398304781e+02
   0.00000   2.33925257357185e+01   2.45835361473739e+03
   0.00000   9.76093120843747e+01   4.89044209761903e+04
   0.00000   7.21225448685492e+02   0.00000000000000e+00
   0.00000   7.93290009559719e+02   8.62085678180713e+03
   0.00000   4.00468172435272e+03   9.21168259513755e+03
   3.00000   1.90115641307595e+02   1.76463943999171e+09
   4.00000   2.09111920808166e+02   6.63917284806328e+10
   4.00000   2.30006301024605e+02   0.00000000000000e+00
   8.00000   2.33925257357185e+01   1.87384967266149e+07
   8.00000   7.33514029592855e+01   9.85893209062914e+12
   9.00000   2.16298523969622e+00   6.65332114897360e-06
   9.00000   7.46011989163979e+00   3.69245588892059e+01
   9.00000   2.33925257357185e+01   2.80483687948905e+08
  10.00000   2.16298523969622e+00   0.00000000000000e+00
  10.00000   3.16590096639146e+00   3.59036104547450e-04
  10.00000   3.48223653570632e+00   6.81082488726889e-04
  10.00000   9.92724257904246e+00   3.87226720897219e+03
  10.00000   3.11286253958483e+01   2.81899499497589e+09
  10.00000   3.42389853032235e+01   4.59110395223017e+10
  10.00000   8.06806460599050e+01   4.97591222080729e+14
  10.00000   1.18090003871693e+02   8.49273795803917e+16
  10.00000   3.36653786316263e+02   2.56326930084909e+21
  10.00000   5.96141227841983e+02   6.08587521453538e+23
  10.00000   2.73605130148126e+03   0.00000000000000e+00
  10.00000   3.00943646270924e+03   6.81771191661238e+30
# orbitals: 1s2
CORE 2 6 Y
   0.00000   7.33514029592855e+01   1.41605519650195e+04
   0.00000   8.06806460599050e+01   2.04109166851673e+04
   0.00000   1.18090003871693e+02   7.43853115115869e+03
   0.00000   1.29889510237088e+02   0.00000000000000e+00
   0.00000   2.30006301024605e+02   0.00000000000000e+00
   0.00000   2.52988439427865e+02   5.11139284092301e+03
# orbitals: 1s2 2s2
CORE 4 18 Y
   0.00000   2.12674868790976e+01   7.69007671762690e+01
   0.00000   2.33925257357185e+01   7.33217012841718e+01
   0.00000   8.06806460599050e+01   1.28948052085155e+04
   0.00000   8.87422242251695e+01   3.50565354051978e+04
   0.00000   4.92750726115768e+02   7.80125183364538e+03
   0.00000   5.41986183298691e+02   7.28637956529801e+02
   0.00000   2.73605130148126e+03   1.07372048339472e+04
   4.00000   3.76601311393182e+01   1.22862321678685e+07
   5.00000   2.09111920808166e+02   1.70614081067114e+12
   7.00000   6.06298564530397e+01   5.05425528264523e+10
   8.00000   7.33514029592855e+01   1.47971397217630e+12
   9.00000   1.69949356382685e+03   1.38979212726360e+26
  10.00000   9.76093120843747e+01   0.00000000000000e+00
  10.00000   1.07362395846763e+02   5.81483418135748e+15
  10.00000   2.78266943988199e+02   1.96993753673519e+20
  10.00000   4.47987947976538e+02   2.47278516257604e+22
  10.00000   4.92750726115768e+02   0.00000000000000e+00
  10.00000   1.86930628689281e+03   0.00000000000000e+00
# orbitals: 1s2 2s2 2p6
CORE 10 15 Y
   0.00000   2.33925257357185e+01   2.28202159211789e+03
   0.00000   9.76093120843747e+01   4.84619712591542e+04
   0.00000   7.93290009559719e+02   8.26718376670619e+03
   3.00000   3.42389853032235e+01   7.09988781098894e+05
   3.00000   1.90115641307595e+02   1.81070830231700e+09
   4.00000   4.14231165109066e+01   6.41993230590391e+07
   4.00000   2.09111920808166e+02   1.11536042698613e+11
   8.00000   7.33514029592855e+01   0.00000000000000e+00
   8.00000   8.06806460599050e+01   9.25353530339104e+12
   9.00000   8.87422242251695e+01   0.00000000000000e+00
  10.00000   1.07362395846763e+02   6.64216040287905e+15
  10.00000   3.06071266701536e+02   1.51358354290537e+21
  10.00000   3.36653786316263e+02   0.00000000000000e+00
  10.00000   5.96141227841983e+02   6.49485190701966e+23
  10.00000   3.31013816085272e+03   0.00000000000000e+00
# orbitals: 1s2 2s2 2p6 3s2
CORE 12 21 Y
   0.00000   8.20553211335210e+00   5.52562864290822e+00
   0.00000   1.93354921679941e+01   0.00000000000000e+00
   0.00000   2.12674868790976e+01   2.17345916602085e+03
   0.00000   9.76093120843747e+01   4.93430587296694e+04
   0.00000   7.93290009559719e+02   8.26078678004792e+03
   0.00000   3.64088585344960e+03   8.56648729743348e+03
   3.00000   1.90115641307595e+02   2.21306442381102e+09
   4.00000   2.09111920808166e+02   9.70756586459598e+10
   6.00000   6.06298564530397e+01   1.35280997382621e+10
   7.00000   1.75790049620770e+01   2.71483262253588e+05
   7.00000   6.06298564530397e+01   2.54711214478693e+11
   8.00000   1.93354921679941e+01   8.57553419453366e+05
   8.00000   6.66879676707167e+01   0.00000000000000e+00
  10.00000   2.12674868790976e+01   0.00000000000000e+00
  10.00000   2.83008188021220e+01   7.86699845098890e+08
  10.00000   3.11286253958483e+01   1.67411517638070e+09
  10.00000   1.07362395846763e+02   1.21424935548980e+16
  10.00000   1.18090003871693e+02   2.91874156749256e+16
  10.00000   3.06071266701536e+02   1.06970833585922e+21
  10.00000   5.96141227841983e+02   1.62433215168030e+23
  10.00000   3.00943646270924e+03   6.63835791327399e+30
# orbitals: 1s2 2s2 2p6 3s2 3p6
CORE 18 20 Y
   0.00000   7.46011989163979e+00   1.27458552767118e+01
   0.00000   8.20553211335210e+00   2.50583833706462e+01
   0.00000   2.33925257357185e+01   2.66825152155586e+03
   0.00000   9.76093120843747e+01   4.86034371117251e+04
   0.00000   7.21225448685492e+02   7.73822348858869e+03
   0.00000   3.31013816085272e+03   9.34346539351637e+03
   3.00000   1.90115641307595e+02   1.85539812484843e+09
   4.00000   2.09111920808166e+02   5.92921941943793e+10
   4.00000   2.30006301024605e+02   0.00000000000000e+00
   6.00000   1.59820816957661e+01   3.15758863750420e+05
   7.00000   6.66879676707167e+01   5.94809701860918e+11
   8.00000   2.12674868790976e+01   1.53368722310240e+07
   9.00000   7.33514029592855e+01   1.51693681784055e+13
  10.00000   2.83008188021220e+01   0.00000000000000e+00
  10.00000   3.11286253958483e+01   1.05716146084187e+10
  10.00000   8.06806460599050e+01   4.34022974067395e+14
  10.00000   1.18090003871693e+02   8.17488681718913e+16
  10.00000   3.36653786316263e+02   2.35537073474254e+21
  10.00000   5.96141227841983e+02   5.01018058969443e+23
  10.00000   2.73605130148126e+03   0.00000000000000e+00
# orbitals: 1s2 2s2 2p6 3s2 3p6 3d10
CORE 28 19 Y
   0.00000   6.78242288602834e+00   1.20191443299593e+01
   0.00000   7.46011989163979e+00   1.58167743616593e+02
   0.00000   2.57298976323371e+01   2.68653131440782e+03
   0.00000   9.76093120843747e+01   4.84745992083422e+04
   0.00000   8.72555232783647e+02   9.67035387482180e+03
   3.00000   1.90115641307595e+02   1.01942337122376e+09
   4.00000   1.20102077308054e+01   1.88576208033011e+03
   4.00000   2.30006301024605e+02   1.66954447136274e+11
   5.00000   1.45302271591123e+01   9.73683302591957e+04
   6.00000   1.59820816957661e+01   0.00000000000000e+00
   7.00000   1.93354921679941e+01   4.53191374207302e+06
   7.00000   7.33514029592855e+01   8.74187448396285e+11
   8.00000   2.12674868790976e+01   0.00000000000000e+00
  10.00000   3.11286253958483e+01   1.26696924783650e+10
  10.00000   8.06806460599050e+01   1.28442564445175e+15
  10.00000   1.18090003871693e+02   8.21732239640054e+16
  10.00000   3.36653786316263e+02   3.00400415143530e+21
  10.00000   6.55707422964126e+02   8.85875160496251e+23
  10.00000   3.64088585344960e+03   2.47584834233765e+32
# orbitals: 1s2 2s2 2p6 3s2 3p6 3d10 4s2
CORE 30 23 Y
   0.00000   3.16590096639146e+00   0.00000000000000e+00
   0.00000   3.48223653570632e+00   2.28067945336669e+00
   0.00000   6.78242288602834e+00   1.43453679792754e+02
   0.00000   2.57298976323371e+01   2.76469013092229e+03
   0.00000   9.76093120843747e+01   4.86321749669292e+04
   0.00000   8.72555232783647e+02   9.74361078740208e+03
   3.00000   2.09111920808166e+02   0.00000000000000e+00
   4.00000   2.30006301024605e+02   2.60856086215463e+11
   7.00000   7.33514029592855e+01   0.00000000000000e+00
   8.00000   6.78242288602834e+00   0.00000000000000e+00
   8.00000   2.12674868790976e+01   3.89716249312905e+07
   8.00000   7.33514029592855e+01   8.13786896561640e+12
   9.00000   6.78242288602834e+00   2.64168954622365e+00
   9.00000   3.31013816085272e+03   0.00000000000000e+00
  10.00000   7.46011989163979e+00   8.85322207970127e-01
  10.00000   9.92724257904246e+00   1.54282171367185e+03
  10.00000   3.11286253958483e+01   9.52707515567307e+09
  10.00000   3.42389853032235e+01   1.44907394109113e+10
  10.00000   8.06806460599050e+01   9.62809298881940e+14
  10.00000   1.18090003871693e+02   1.04903403570351e+17
  10.00000   3.36653786316263e+02   2.69445476063678e+21
  10.00000   6.55707422964126e+02   1.05091627593746e+24
  10.00000   3.31013816085272e+03   3.89935694488041e+31
# orbitals: 1s2 2s2 2p6 3s2 3p6 3d10 4s2 4p6
CORE 36 23 Y
   0.00000   2.61682958188811e+00   3.95951876930238e-01
   0.00000   2.87830215616452e+00   4.80051781470974e+00
   0.00000   7.46011989163979e+00   1.25438014544194e+02
   0.00000   2.33925257357185e+01   2.51018708432927e+03
   0.00000   2.57298976323371e+01   0.00000000000000e+00
   0.00000   9.76093120843747e+01   4.87528225074328e+04
   0.00000   8.72555232783647e+02   9.80626259504624e+03
   3.00000   1.90115641307595e+02   2.12115655492314e+09
   4.00000   2.30006301024605e+02   8.14703294704144e+10
   7.00000   7.33514029592855e+01   0.00000000000000e+00
   8.00000   6.16628966733797e+00   7.38098459567731e+00
   8.00000   2.33925257357185e+01   8.28833620195104e+07
   8.00000   7.33514029592855e+01   9.47772318013116e+12
   9.00000   6.78242288602834e+00   1.58078618952013e+01
   9.00000   2.33925257357185e+01   1.64236950447715e+08
  10.00000   9.92724257904246e+00   4.92419499840624e+03
  10.00000   3.11286253958483e+01   0.00000000000000e+00
  10.00000   3.42389853032235e+01   4.13894691877138e+10
  10.00000   8.06806460599050e+01   5.83639169542930e+14
  10.00000   1.18090003871693e+02   8.70953591114150e+16
  10.00000   3.36653786316263e+02   2.96463187495264e+21
  10.00000   6.55707422964126e+02   4.08696112905289e+23
  10.00000   3.31013816085272e+03   1.13929404394612e+32
# orbitals: 1s2 2s2 2p6 3s2 3p6 3d10 4s2 4p6 5s2
CORE 38 29 Y
   0.00000   1.00963876415772e+00   0.00000000000000e+00
   0.00000   2.37910986724540e+00   4.12735766517784e+00
   0.00000   7.46011989163979e+00   4.42687534640468e+01
   0.00000   8.20553211335210e+00   9.98024914469142e+01
   0.00000   2.33925257357185e+01   2.47368520622177e+03
   0.00000   9.76093120843747e+01   4.88919412947768e+04
   0.00000   7.21225448685492e+02   0.00000000000000e+00
   0.00000   7.93290009559719e+02   8.59457513305745e+03
   0.00000   3.64088585344960e+03   7.86994933342857e+03
   3.00000   1.90115641307595e+02   1.77930943179329e+09
   4.00000   2.09111920808166e+02   6.60802030290998e+10
   4.00000   2.30006301024605e+02   0.00000000000000e+00
   8.00000   2.33925257357185e+01   2.75388988959058e+07
   8.00000   7.33514029592855e+01   9.81306992270649e+12
   9.00000   2.16298523969622e+00   6.65017881218372e-06
   9.00000   7.46011989163979e+00   1.95406371912447e+01
   9.00000   2.33925257357185e+01   2.57487005475951e+08
  10.00000   2.37910986724540e+00   3.58254632237001e-07
  10.00000   3.16590096639146e+00   3.12082071852165e-04
  10.00000   3.48223653570632e+00   1.32343848949719e-03
  10.00000   9.92724257904246e+00   4.23676213124159e+03
  10.00000   3.11286253958483e+01   2.85214589367099e+09
  10.00000   3.42389853032235e+01   4.39545534302446e+10
  10.00000   8.06806460599050e+01   5.14070856679630e+14
  10.00000   1.18090003871693e+02   8.56632763065664e+16
  10.00000   3.36653786316263e+02   2.50361891349816e+21
  10.00000   5.96141227841983e+02   5.76876424226000e+23
  10.00000   2.73605130148126e+03   0.00000000000000e+00
  10.00000   3.00943646270924e+03   7.88824500419835e+30
