# Free-atom, free-ion and frozen-core density fits -- Sn (Z = 50)
#
#   rho(r) = sum_i c_i r^n_i exp(-alpha_i r)      r in bohr, rho in e/bohr^3
#
# All-electron B86BPBE densities (scalar-relativistic, spin-restricted),
# fitted with rhofit.py (monotone decay imposed).  Two kinds of block:
#
#   STATE <N> <q> <nterm> <symbol>
#     the atom or ion with N electrons (charge q), in order of increasing N;
#   CORE <N_core> <nterm> <symbol>
#     the frozen core of the neutral atom with N_core electrons, for a
#     pseudopotential with Z - N_core valence electrons, in order of
#     increasing N_core, each preceded by a '# orbitals:' comment.
#
# Each block header is followed by nterm lines:   n   alpha   c
#
# Generated 2026-09-23 by combine_fits.py from
#   /home/alberto/doc/manuals/critic2/atomic_density_fits/15_rhofit/rho_b86bpbe_mono/fit_050_Sn.dat
#     recipe: --npow 0,1,2,3,4,5,6,7,8,9,10 --amin 0.2 --ratio 1.1 --mom 3 --cusp none --targetz 1e-3 --besteffort --monotone --stats
#   /home/alberto/doc/manuals/critic2/atomic_density_fits/15_rhofit/core_b86bpbe_mono/core_050_Sn.dat
#     recipe: --npow 0,1,2,3,4,5,6,7,8,9,10 --amin 0.2 --ratio 1.1 --mom 3 --cusp none --besteffort --monotone --stats --target 1e-3*N_core
#
STATE 46 +4 25 Sn
   0.00000   3.44826829797069e+00   1.41350415318726e+00
   0.00000   3.79157878470042e+00   1.12435746351891e+01
   0.00000   1.30216956688722e+01   7.35625919705708e+02
   0.00000   3.36401475851199e+01   5.67096830668389e+03
   0.00000   1.27035290254871e+02   1.13559847026320e+05
   0.00000   7.01240541569278e+02   3.41141252914907e+04
   0.00000   7.71056231891996e+02   0.00000000000000e+00
   0.00000   3.52038866210101e+03   4.79638796310427e+04
   4.00000   5.54237905866638e+00   3.88066228699973e+01
   5.00000   6.70091787450004e+00   5.61210029454215e+01
   5.00000   3.28181983465334e+02   8.11579009742859e+13
   7.00000   9.55580500166795e+01   0.00000000000000e+00
   8.00000   1.07703414271240e+01   0.00000000000000e+00
   8.00000   3.36401475851199e+01   0.00000000000000e+00
   9.00000   1.07703414271240e+01   1.83757541094670e+04
   9.00000   3.69893694098556e+01   5.80323303671346e+10
   9.00000   1.05071834278037e+02   6.47779819565924e+15
  10.00000   1.57436567113548e+01   4.30205381296702e+06
  10.00000   3.69893694098556e+01   1.15961993075991e+11
  10.00000   4.91738297140373e+01   4.33553226642066e+12
  10.00000   1.53589828149718e+02   1.73135898269637e+18
  10.00000   1.68881271303909e+02   4.50822554224687e+18
  10.00000   4.36286566319226e+02   2.47529778164952e+22
  10.00000   2.40832155719315e+03   2.93783584660608e+30
  10.00000   2.64809467649719e+03   0.00000000000000e+00
STATE 47 +3 26 Sn
   0.00000   2.59384454372732e+00   1.43218767953230e+00
   0.00000   2.85208837972243e+00   7.55873626190349e+00
   0.00000   1.30216956688722e+01   7.46840116511278e+02
   0.00000   3.36401475851199e+01   5.64284753665696e+03
   0.00000   1.27035290254871e+02   1.13662136442438e+05
   0.00000   7.01240541569278e+02   3.39305194224173e+04
   0.00000   7.71056231891996e+02   0.00000000000000e+00
   0.00000   3.87087947100210e+03   5.93706110018095e+04
   0.00000   4.25626523580582e+03   0.00000000000000e+00
   5.00000   2.98466573901896e+02   0.00000000000000e+00
   5.00000   3.28181983465334e+02   8.06082879611765e+13
   7.00000   9.55580500166795e+01   1.84746392821927e+12
   8.00000   3.36401475851199e+01   0.00000000000000e+00
   9.00000   1.07703414271240e+01   1.74760189041485e+04
   9.00000   3.69893694098556e+01   6.19781502165263e+10
   9.00000   1.05071834278037e+02   6.11210721222349e+15
  10.00000   5.04054144422742e+00   1.83169762172352e-02
  10.00000   5.54237905866638e+00   1.68690654246029e-03
  10.00000   1.57436567113548e+01   4.20437962027525e+06
  10.00000   3.69893694098556e+01   1.07043631655393e+11
  10.00000   4.91738297140373e+01   4.22589046150044e+12
  10.00000   1.53589828149718e+02   1.58092349201428e+18
  10.00000   1.68881271303909e+02   4.52543188068884e+18
  10.00000   4.36286566319226e+02   2.73586767430081e+22
  10.00000   7.01240541569278e+02   0.00000000000000e+00
  10.00000   2.64809467649719e+03   8.02496496567989e+30
STATE 48 +2 27 Sn
   0.00000   2.14538813187036e+00   9.56068268781037e-01
   0.00000   2.59384454372732e+00   5.52533491619410e+00
   0.00000   2.85208837972243e+00   0.00000000000000e+00
   0.00000   1.30216956688722e+01   7.44319593590862e+02
   0.00000   3.36401475851199e+01   5.65899210298522e+03
   0.00000   1.27035290254871e+02   1.13711781551752e+05
   0.00000   7.01240541569278e+02   2.67529591902718e+04
   0.00000   7.71056231891996e+02   8.33464860455461e+03
   0.00000   3.52038866210101e+03   4.26597252316505e+04
   5.00000   3.28181983465334e+02   6.91173470582363e+13
   6.00000   3.60855866917419e+02   1.07924672306396e+15
   7.00000   9.55580500166795e+01   0.00000000000000e+00
   9.00000   1.07703414271240e+01   5.74482593520963e+03
   9.00000   3.69893694098556e+01   4.58906673683961e+10
   9.00000   1.05071834278037e+02   6.56226425033873e+15
  10.00000   5.04054144422742e+00   4.94093356423246e-02
  10.00000   5.54237905866638e+00   8.44161014631283e-02
  10.00000   1.18426394150061e+01   3.54819278077770e+04
  10.00000   1.57436567113548e+01   3.63769585972298e+06
  10.00000   1.73110992597382e+01   2.67155667153711e+06
  10.00000   3.69893694098556e+01   1.53464293789139e+11
  10.00000   4.91738297140373e+01   4.85687964757151e+12
  10.00000   1.53589828149718e+02   1.64487711892476e+18
  10.00000   1.68881271303909e+02   4.77344242706922e+18
  10.00000   4.36286566319226e+02   2.46637893267245e+22
  10.00000   2.40832155719315e+03   2.92752210354431e+30
  10.00000   2.64809467649719e+03   0.00000000000000e+00
STATE 49 +1 28 Sn
   0.00000   1.61379649701393e+00   2.47734269317428e-01
   0.00000   1.77446649511084e+00   1.06437166608266e+00
   0.00000   3.13604303905534e+00   5.82604739548133e+00
   0.00000   1.30216956688722e+01   7.41491521117156e+02
   0.00000   3.36401475851199e+01   5.66388903825727e+03
   0.00000   1.27035290254871e+02   1.13694997019119e+05
   0.00000   7.01240541569278e+02   2.69505648828878e+04
   0.00000   7.71056231891996e+02   8.12525856644963e+03
   0.00000   3.52038866210101e+03   4.27715391966794e+04
   5.00000   3.28181983465334e+02   7.08161640238201e+13
   6.00000   3.60855866917419e+02   9.01798215220720e+14
   7.00000   9.55580500166795e+01   0.00000000000000e+00
   8.00000   3.44826829797069e+00   1.40746671568448e-03
   9.00000   3.44826829797069e+00   0.00000000000000e+00
   9.00000   1.07703414271240e+01   7.06564368911196e+03
   9.00000   3.69893694098556e+01   4.45053572419930e+10
   9.00000   1.05071834278037e+02   6.57408392839695e+15
  10.00000   5.04054144422742e+00   4.20781215190799e-02
  10.00000   1.18426394150061e+01   3.60403082206825e+04
  10.00000   1.57436567113548e+01   3.60248436073020e+06
  10.00000   1.73110992597382e+01   3.07827878470306e+06
  10.00000   3.69893694098556e+01   1.57171579631552e+11
  10.00000   4.91738297140373e+01   4.90735416207617e+12
  10.00000   1.53589828149718e+02   1.63061996718736e+18
  10.00000   1.68881271303909e+02   4.81908187452188e+18
  10.00000   4.36286566319226e+02   2.52657372341891e+22
  10.00000   2.40832155719315e+03   2.96676785172576e+30
  10.00000   2.64809467649719e+03   0.00000000000000e+00
STATE 50 +0 28 Sn
   0.00000   1.21392446200583e+00   0.00000000000000e+00
   0.00000   1.33478309651221e+00   5.40745629548423e-01
   0.00000   3.13604303905534e+00   8.22446193518250e+00
   0.00000   1.30216956688722e+01   7.39830534443243e+02
   0.00000   3.36401475851199e+01   5.67256204490750e+03
   0.00000   1.27035290254871e+02   1.13735433806172e+05
   0.00000   7.01240541569278e+02   2.37485129551192e+04
   0.00000   7.71056231891996e+02   1.16093906588592e+04
   0.00000   3.52038866210101e+03   4.13699093178595e+04
   5.00000   3.28181983465334e+02   5.60073326054489e+13
   6.00000   3.60855866917419e+02   2.35127652101648e+15
   7.00000   9.55580500166795e+01   0.00000000000000e+00
   9.00000   1.07703414271240e+01   1.81188075532034e+04
   9.00000   3.69893694098556e+01   5.39489585610517e+10
   9.00000   1.05071834278037e+02   6.51683641484882e+15
  10.00000   1.61379649701393e+00   0.00000000000000e+00
  10.00000   1.77446649511084e+00   2.15152144959939e-09
  10.00000   4.58414297940273e+00   0.00000000000000e+00
  10.00000   5.04054144422742e+00   7.25627242937795e-02
  10.00000   1.57436567113548e+01   4.03599694639627e+06
  10.00000   1.73110992597382e+01   1.30587099062009e+06
  10.00000   3.69893694098556e+01   1.29711117767838e+11
  10.00000   4.91738297140373e+01   4.56290814923325e+12
  10.00000   1.53589828149718e+02   1.71086382291234e+18
  10.00000   1.68881271303909e+02   4.58965970681708e+18
  10.00000   4.36286566319226e+02   2.02708254088777e+22
  10.00000   2.40832155719315e+03   2.43200579813759e+30
  10.00000   2.64809467649719e+03   1.40081511779014e+30
STATE 51 -1 27 Sn
   0.00000   1.21392446200583e+00   1.28472312173091e-01
   0.00000   1.33478309651221e+00   5.40060976367273e-01
   0.00000   3.13604303905534e+00   1.93078538018742e+00
   0.00000   3.44826829797069e+00   6.30195045022435e+00
   0.00000   1.30216956688722e+01   7.37365463244165e+02
   0.00000   3.36401475851199e+01   5.67250357237529e+03
   0.00000   1.27035290254871e+02   1.13618468404320e+05
   0.00000   7.01240541569278e+02   3.41227137147289e+04
   0.00000   7.71056231891996e+02   0.00000000000000e+00
   0.00000   3.52038866210101e+03   4.77510865054307e+04
   5.00000   3.28181983465334e+02   8.05883798808461e+13
   7.00000   9.55580500166795e+01   0.00000000000000e+00
   9.00000   1.07703414271240e+01   1.93491160075641e+04
   9.00000   3.69893694098556e+01   4.98584007187803e+10
   9.00000   1.05071834278037e+02   6.55409088625568e+15
  10.00000   1.46767444803840e+00   5.73543720385894e-11
  10.00000   4.58414297940273e+00   0.00000000000000e+00
  10.00000   5.04054144422742e+00   6.75946063211987e-02
  10.00000   1.57436567113548e+01   3.96223369397464e+06
  10.00000   1.73110992597382e+01   1.96221205155081e+06
  10.00000   3.69893694098556e+01   1.41023358245618e+11
  10.00000   4.91738297140373e+01   4.72420845890955e+12
  10.00000   1.53589828149718e+02   1.66016566409759e+18
  10.00000   1.68881271303909e+02   4.74973553003333e+18
  10.00000   4.36286566319226e+02   2.61145721831461e+22
  10.00000   2.40832155719315e+03   2.76417225277223e+30
  10.00000   2.64809467649719e+03   0.00000000000000e+00
STATE 52 -2 30 Sn
   0.00000   1.21392446200583e+00   3.05851950122765e-01
   0.00000   1.33478309651221e+00   4.34337180451278e-01
   0.00000   3.44826829797069e+00   7.86450986227244e+00
   0.00000   1.30216956688722e+01   7.37789786811614e+02
   0.00000   3.36401475851199e+01   5.67321509417637e+03
   0.00000   1.27035290254871e+02   1.13618306829849e+05
   0.00000   7.01240541569278e+02   3.41237034529055e+04
   0.00000   7.71056231891996e+02   0.00000000000000e+00
   0.00000   3.52038866210101e+03   4.77237984073741e+04
   0.00000   3.87087947100210e+03   0.00000000000000e+00
   5.00000   2.98466573901896e+02   0.00000000000000e+00
   5.00000   3.28181983465334e+02   8.05081181345403e+13
   7.00000   2.85208837972243e+00   0.00000000000000e+00
   7.00000   9.55580500166795e+01   0.00000000000000e+00
   9.00000   1.07703414271240e+01   1.23103400549366e+04
   9.00000   3.69893694098556e+01   4.81408417787870e+10
   9.00000   1.05071834278037e+02   6.56025794442946e+15
  10.00000   4.58414297940273e+00   1.35051171324548e-02
  10.00000   5.04054144422742e+00   3.63847279968842e-02
  10.00000   1.18426394150061e+01   2.17531086727808e+04
  10.00000   1.57436567113548e+01   3.81379591302350e+06
  10.00000   1.73110992597382e+01   2.72002323090251e+06
  10.00000   3.69893694098556e+01   1.46407077875465e+11
  10.00000   4.91738297140373e+01   4.79584802223576e+12
  10.00000   1.53589828149718e+02   1.65168374558695e+18
  10.00000   1.68881271303909e+02   4.77628100507464e+18
  10.00000   4.36286566319226e+02   2.62626301927615e+22
  10.00000   7.01240541569278e+02   0.00000000000000e+00
  10.00000   2.40832155719315e+03   2.74782518394294e+30
  10.00000   2.64809467649719e+03   0.00000000000000e+00
STATE 53 -3 29 Sn
   0.00000   1.21392446200583e+00   4.56772042874877e-01
   0.00000   1.33478309651221e+00   3.41318105072228e-01
   0.00000   3.44826829797069e+00   7.14078179315509e+00
   0.00000   1.30216956688722e+01   7.38723144934350e+02
   0.00000   3.36401475851199e+01   5.66920331286864e+03
   0.00000   1.27035290254871e+02   1.13660112595306e+05
   0.00000   7.01240541569278e+02   3.39488130102440e+04
   0.00000   7.71056231891996e+02   0.00000000000000e+00
   0.00000   3.87087947100210e+03   5.91779878281889e+04
   5.00000   2.98466573901896e+02   3.96292047598848e+12
   5.00000   3.28181983465334e+02   7.40080960400741e+13
   7.00000   2.85208837972243e+00   7.92382412634377e-04
   7.00000   9.55580500166795e+01   0.00000000000000e+00
   9.00000   3.13604303905534e+00   0.00000000000000e+00
   9.00000   1.07703414271240e+01   2.92424065327105e+03
   9.00000   3.69893694098556e+01   4.52567431571201e+10
   9.00000   1.05071834278037e+02   6.57813165727535e+15
  10.00000   4.58414297940273e+00   2.91951790918840e-02
  10.00000   5.04054144422742e+00   0.00000000000000e+00
  10.00000   1.18426394150061e+01   4.94924096979974e+04
  10.00000   1.57436567113548e+01   3.64285048704133e+06
  10.00000   1.73110992597382e+01   3.56956655669491e+06
  10.00000   3.69893694098556e+01   1.55122188804119e+11
  10.00000   4.91738297140373e+01   4.91299357041679e+12
  10.00000   1.53589828149718e+02   1.62549505873291e+18
  10.00000   1.68881271303909e+02   4.86457085695342e+18
  10.00000   4.36286566319226e+02   2.35863791475264e+22
  10.00000   7.01240541569278e+02   0.00000000000000e+00
  10.00000   2.64809467649719e+03   7.67389686269921e+30
# orbitals: 1s2
CORE 2 6 Sn
   0.00000   9.55580500166795e+01   3.29023074639463e+04
   0.00000   1.05071834278037e+02   4.06487462192134e+04
   0.00000   1.53589828149718e+02   2.28792689577788e+04
   0.00000   1.68881271303909e+02   0.00000000000000e+00
   0.00000   3.28181983465334e+02   0.00000000000000e+00
   0.00000   3.60855866917419e+02   2.41326809175168e+04
# orbitals: 1s2 2s2
CORE 4 18 Sn
   0.00000   2.78240165001464e+01   5.73939696145422e+01
   0.00000   3.05941828045094e+01   4.74860848691800e+02
   0.00000   1.15532813369718e+02   1.11435775149252e+05
   0.00000   5.80001272284122e+02   3.54344400799391e+04
   0.00000   2.91173966979128e+03   4.05798692259510e+04
   0.00000   3.20163322704568e+03   0.00000000000000e+00
   4.00000   4.91738297140373e+01   4.34165616653713e+07
   4.00000   5.40695889632309e+01   6.86260018726886e+07
   5.00000   5.94527712739484e+01   0.00000000000000e+00
   6.00000   7.18803484029517e+01   4.25082009872340e+10
   6.00000   2.98466573901896e+02   1.36377262795453e+15
   8.00000   9.55580500166795e+01   0.00000000000000e+00
   9.00000   3.60855866917419e+02   0.00000000000000e+00
   9.00000   1.99194068859081e+03   0.00000000000000e+00
  10.00000   1.27035290254871e+02   7.02983270781443e+16
  10.00000   3.60855866917419e+02   6.41382249462298e+21
  10.00000   6.37746349489660e+02   1.29386754352105e+24
  10.00000   1.99194068859081e+03   6.62915390681823e+29
# orbitals: 1s2 2s2 2p6
CORE 10 15 Sn
   0.00000   3.05941828045094e+01   3.33338643609899e+03
   0.00000   3.36401475851199e+01   1.92684949969685e+03
   0.00000   1.27035290254871e+02   1.13546229399731e+05
   0.00000   7.71056231891996e+02   2.26897408662395e+04
   0.00000   8.47822790463619e+02   1.28054103905337e+04
   0.00000   3.87087947100210e+03   3.88136024430171e+04
   3.00000   4.91738297140373e+01   1.51677641351944e+07
   4.00000   5.40695889632309e+01   3.18444253681140e+08
   4.00000   5.94527712739484e+01   0.00000000000000e+00
   4.00000   2.71441761659491e+02   5.51207773422548e+10
   8.00000   1.05071834278037e+02   1.42612668936248e+14
  10.00000   1.39682956724130e+02   2.47268335999195e+17
  10.00000   4.36286566319226e+02   2.22044565715684e+23
  10.00000   7.01240541569278e+02   3.08042388189481e+25
  10.00000   2.91173966979128e+03   7.22432612100492e+30
# orbitals: 1s2 2s2 2p6 3s2
CORE 12 18 Sn
   0.00000   2.53046763545621e+01   5.49172689409006e+02
   0.00000   2.78240165001464e+01   4.39911335266392e+03
   0.00000   1.27035290254871e+02   1.15483402411175e+05
   0.00000   7.71056231891996e+02   3.57561362239791e+04
   0.00000   3.52038866210101e+03   4.03225353777505e+04
   4.00000   2.71441761659491e+02   7.97263234004696e+11
   5.00000   3.28181983465334e+02   0.00000000000000e+00
   6.00000   7.90367745461967e+01   0.00000000000000e+00
   7.00000   8.69056963336839e+01   7.75839425577392e+12
   8.00000   2.53046763545621e+01   9.12577963069418e+06
   8.00000   8.69056963336839e+01   3.73995013388438e+13
   9.00000   2.78240165001464e+01   1.48457640540694e+08
   9.00000   9.55580500166795e+01   0.00000000000000e+00
  10.00000   3.69893694098556e+01   1.69102755430968e+10
  10.00000   4.06720406287387e+01   1.24038336270933e+11
  10.00000   1.53589828149718e+02   2.03693630960639e+18
  10.00000   4.36286566319226e+02   5.37583873207469e+22
  10.00000   2.91173966979128e+03   4.27003491661280e+31
# orbitals: 1s2 2s2 2p6 3s2 3p6
CORE 18 20 Sn
   0.00000   1.07703414271240e+01   3.04708182819777e+01
   0.00000   1.18426394150061e+01   5.84194163435952e+01
   0.00000   3.05941828045094e+01   6.14728635924007e+03
   0.00000   1.27035290254871e+02   1.13661320940664e+05
   0.00000   7.71056231891996e+02   3.70196352506089e+04
   0.00000   8.47822790463619e+02   0.00000000000000e+00
   0.00000   3.87087947100210e+03   4.43730169800641e+04
   0.00000   4.25626523580582e+03   0.00000000000000e+00
   5.00000   3.28181983465334e+02   6.82682816916298e+13
   7.00000   2.53046763545621e+01   4.47910029605240e+07
   7.00000   9.55580500166795e+01   1.66845885837241e+13
   8.00000   2.78240165001464e+01   2.64840187365685e+08
   9.00000   4.36286566319226e+02   1.20827039962279e+21
  10.00000   4.06720406287387e+01   2.85038901973673e+11
  10.00000   4.47213595499958e+01   6.29132245731148e+11
  10.00000   1.05071834278037e+02   3.36990918185810e+16
  10.00000   1.53589828149718e+02   1.92114168915579e+18
  10.00000   1.68881271303909e+02   1.89815931390306e+18
  10.00000   4.79723370098341e+02   0.00000000000000e+00
  10.00000   2.91173966979128e+03   4.42056103743736e+31
# orbitals: 1s2 2s2 2p6 3s2 3p6 3d10
CORE 28 21 Sn
   0.00000   1.07703414271240e+01   0.00000000000000e+00
   0.00000   1.18426394150061e+01   6.54032955345900e+02
   0.00000   3.36401475851199e+01   5.55062337610245e+03
   0.00000   1.27035290254871e+02   1.13870996516579e+05
   0.00000   7.71056231891996e+02   0.00000000000000e+00
   0.00000   8.47822790463619e+02   4.17708405489274e+04
   0.00000   3.87087947100210e+03   0.00000000000000e+00
   0.00000   4.25626523580582e+03   2.98384992381871e+04
   5.00000   3.28181983465334e+02   7.56918374122837e+13
   6.00000   2.30134511818510e+01   1.08605806300534e+07
   7.00000   2.53046763545621e+01   2.68188431523166e+07
   7.00000   2.78240165001464e+01   1.54579135838434e+08
   7.00000   9.55580500166795e+01   1.48703753137332e+13
   9.00000   1.05071834278037e+02   3.80898715428587e+15
   9.00000   4.36286566319226e+02   0.00000000000000e+00
  10.00000   4.06720406287387e+01   1.90256330594949e+11
  10.00000   4.47213595499958e+01   1.14563381419730e+12
  10.00000   1.15532813369718e+02   0.00000000000000e+00
  10.00000   1.68881271303909e+02   5.59215072695681e+18
  10.00000   4.36286566319226e+02   6.21164017658518e+22
  10.00000   2.91173966979128e+03   6.93344976008396e+31
# orbitals: 1s2 2s2 2p6 3s2 3p6 3d10 4s2
CORE 30 23 Sn
   0.00000   9.79513522212268e+00   3.93888708122123e+02
   0.00000   1.07703414271240e+01   9.12509461556508e+01
   0.00000   3.36401475851199e+01   5.96769002056227e+03
   0.00000   1.27035290254871e+02   1.13785032121514e+05
   0.00000   7.71056231891996e+02   3.81359700978691e+04
   0.00000   4.25626523580582e+03   4.58081526798933e+04
   0.00000   4.68002010737869e+03   0.00000000000000e+00
   5.00000   3.28181983465334e+02   4.53753753901971e+13
   6.00000   3.60855866917419e+02   3.16024392103183e+15
   7.00000   9.55580500166795e+01   0.00000000000000e+00
   9.00000   1.07703414271240e+01   1.15896651148443e+03
   9.00000   3.36401475851199e+01   1.18102717750482e+10
   9.00000   1.05071834278037e+02   6.91250366578037e+15
   9.00000   4.36286566319226e+02   0.00000000000000e+00
  10.00000   1.07703414271240e+01   0.00000000000000e+00
  10.00000   1.43181390693923e+01   1.44253201592308e+04
  10.00000   1.57436567113548e+01   7.68958913529760e+05
  10.00000   3.36401475851199e+01   1.74036165751320e+10
  10.00000   4.47213595499958e+01   1.78382789050642e+12
  10.00000   1.53589828149718e+02   1.58092253087778e+18
  10.00000   1.68881271303909e+02   5.03109040828058e+18
  10.00000   4.36286566319226e+02   2.14458661244569e+22
  10.00000   2.64809467649719e+03   1.49567034937601e+31
# orbitals: 1s2 2s2 2p6 3s2 3p6 3d10 4s2 4p6
CORE 36 25 Sn
   0.00000   4.58414297940273e+00   8.98066896096095e+00
   0.00000   5.04054144422742e+00   7.49331443225329e-01
   0.00000   1.07703414271240e+01   4.67452185494691e+02
   0.00000   3.36401475851199e+01   6.15153057904232e+03
   0.00000   1.27035290254871e+02   1.13491043796176e+05
   0.00000   7.71056231891996e+02   3.83897481860751e+04
   0.00000   4.25626523580582e+03   4.51486571251375e+04
   0.00000   4.68002010737869e+03   0.00000000000000e+00
   5.00000   3.28181983465334e+02   3.52946805812647e+13
   6.00000   3.60855866917419e+02   3.69248470152206e+15
   7.00000   9.55580500166795e+01   0.00000000000000e+00
   8.00000   3.36401475851199e+01   1.08593712359334e+10
   9.00000   1.07703414271240e+01   3.61238178388913e+03
   9.00000   3.69893694098556e+01   0.00000000000000e+00
   9.00000   1.05071834278037e+02   7.19235309281423e+15
   9.00000   2.64809467649719e+03   0.00000000000000e+00
  10.00000   1.18426394150061e+01   1.47638857631690e+04
  10.00000   1.57436567113548e+01   2.45306717801160e+06
  10.00000   1.73110992597382e+01   1.77661338257876e+06
  10.00000   4.47213595499958e+01   1.22456791320621e+11
  10.00000   4.91738297140373e+01   1.78173643966315e+12
  10.00000   1.53589828149718e+02   1.40838502997373e+18
  10.00000   1.68881271303909e+02   5.92163235781285e+18
  10.00000   4.36286566319226e+02   1.62879017756498e+22
  10.00000   2.64809467649719e+03   1.58948018154859e+31
# orbitals: 1s2 2s2 2p6 3s2 3p6 3d10 4s2 4p6 4d10
CORE 46 26 Sn
   0.00000   3.13604303905534e+00   6.27978256597221e+00
   0.00000   3.44826829797069e+00   3.96807273994371e+00
   0.00000   1.30216956688722e+01   7.38273092316501e+02
   0.00000   3.36401475851199e+01   5.66853675920503e+03
   0.00000   1.27035290254871e+02   1.13567156147817e+05
   0.00000   7.01240541569278e+02   3.41075847798982e+04
   0.00000   7.71056231891996e+02   0.00000000000000e+00
   0.00000   3.52038866210101e+03   4.78762980783826e+04
   0.00000   3.87087947100210e+03   0.00000000000000e+00
   4.00000   5.54237905866638e+00   2.73963997220121e+01
   5.00000   3.28181983465334e+02   8.09961805994967e+13
   7.00000   9.55580500166795e+01   0.00000000000000e+00
   8.00000   9.79513522212268e+00   2.08439499625361e+03
   9.00000   1.07703414271240e+01   1.33085320819760e+04
   9.00000   3.69893694098556e+01   5.45748010393489e+10
   9.00000   1.05071834278037e+02   6.49934166551599e+15
  10.00000   1.43181390693923e+01   0.00000000000000e+00
  10.00000   1.57436567113548e+01   4.16014689110810e+06
  10.00000   3.69893694098556e+01   1.26523339846731e+11
  10.00000   4.91738297140373e+01   4.45095694849902e+12
  10.00000   1.53589828149718e+02   1.70443771669799e+18
  10.00000   1.68881271303909e+02   4.58205520957954e+18
  10.00000   4.36286566319226e+02   2.54288462295421e+22
  10.00000   7.01240541569278e+02   0.00000000000000e+00
  10.00000   2.40832155719315e+03   2.85871068809580e+30
  10.00000   2.64809467649719e+03   0.00000000000000e+00
# orbitals: 1s2 2s2 2p6 3s2 3p6 3d10 4s2 4p6 4d10 5s2
CORE 48 28 Sn
   0.00000   1.77446649511084e+00   3.53333232112567e-01
   0.00000   1.95113283991952e+00   9.53248651799857e-01
   0.00000   2.85208837972243e+00   0.00000000000000e+00
   0.00000   3.13604303905534e+00   6.93582648468901e+00
   0.00000   1.30216956688722e+01   6.30903336451505e+02
   0.00000   3.05941828045094e+01   5.24797757719653e+03
   0.00000   3.36401475851199e+01   0.00000000000000e+00
   0.00000   1.27035290254871e+02   1.14588691501379e+05
   0.00000   7.01240541569278e+02   3.05084175493791e+03
   0.00000   7.71056231891996e+02   3.42741783101351e+04
   0.00000   3.52038866210101e+03   3.28958543944929e+04
   5.00000   3.28181983465334e+02   8.71995813342349e+13
   6.00000   3.60855866917419e+02   0.00000000000000e+00
   7.00000   9.55580500166795e+01   0.00000000000000e+00
   9.00000   1.07703414271240e+01   1.89047054459358e+04
   9.00000   3.69893694098556e+01   3.87984659574130e+10
   9.00000   1.05071834278037e+02   5.88162174497574e+15
  10.00000   4.58414297940273e+00   3.49054229979730e-03
  10.00000   5.04054144422742e+00   3.19807088634625e-02
  10.00000   1.57436567113548e+01   3.82642730656609e+06
  10.00000   1.73110992597382e+01   1.82216428595153e+06
  10.00000   3.69893694098556e+01   1.76327337967979e+11
  10.00000   4.91738297140373e+01   5.56246022454742e+12
  10.00000   1.53589828149718e+02   1.83348584317002e+18
  10.00000   1.68881271303909e+02   3.35124820371415e+18
  10.00000   4.36286566319226e+02   4.07927333398950e+22
  10.00000   2.40832155719315e+03   1.59487741954808e+30
  10.00000   2.64809467649719e+03   8.64741792525524e+30
