# Free-atom, free-ion and frozen-core density fits -- Mt (Z = 109)
#
#   rho(r) = sum_i c_i r^n_i exp(-alpha_i r)      r in bohr, rho in e/bohr^3
#
# All-electron B86BPBE densities (scalar-relativistic, spin-restricted),
# fitted with rhofit.py (monotone decay imposed).  Two kinds of block:
#
#   STATE <N> <q> <nterm> <symbol>
#     the atom or ion with N electrons (charge q), in order of increasing N;
#   CORE <N_core> <nterm> <symbol>
#     the frozen core of the neutral atom with N_core electrons, for a
#     pseudopotential with Z - N_core valence electrons, in order of
#     increasing N_core, each preceded by a '# orbitals:' comment.
#
# Each block header is followed by nterm lines:   n   alpha   c
#
# Generated 2026-09-23 by combine_fits.py from
#   /home/alberto/doc/manuals/critic2/atomic_density_fits/15_rhofit/rho_b86bpbe_mono/fit_109_Mt.dat
#     recipe: --npow 0,1,2,3,4,5,6,7,8,9,10 --amin 0.2 --ratio 1.1 --mom 3 --cusp none --targetz 1e-3 --besteffort --monotone --stats
#   /home/alberto/doc/manuals/critic2/atomic_density_fits/15_rhofit/core_b86bpbe_mono/core_109_Mt.dat
#     recipe: --npow 0,1,2,3,4,5,6,7,8,9,10 --amin 0.2 --ratio 1.1 --mom 3 --cusp none --besteffort --monotone --stats --target 1e-3*N_core
#
STATE 108 +1 32 Mt
   0.00000   1.95884080718860e+00   2.63834245027233e+00
   0.00000   2.15421737265672e+00   5.72031950054212e-01
   0.00000   3.46530471575797e+00   3.69685667812118e+01
   0.00000   3.81093736297496e+00   0.00000000000000e+00
   0.00000   2.80627233219702e+01   9.93954047822623e+03
   0.00000   3.08617248948432e+01   4.95081940556141e+03
   0.00000   9.65839069359003e+01   1.32549794492451e+05
   0.00000   4.02031873828341e+02   2.94687435830349e+06
   0.00000   4.42130898940048e+02   2.14731063824617e+05
   0.00000   1.04031365120188e+03   3.22497611730074e+06
   0.00000   1.14407548189048e+03   2.04486137551939e+06
   0.00000   2.69195694005866e+03   1.05114890923375e+07
   0.00000   2.96045517605956e+03   0.00000000000000e+00
   0.00000   6.33405075262655e+03   1.50913889957845e+07
   0.00000   6.96581474131180e+03   0.00000000000000e+00
   0.00000   2.18000000000000e+04   1.07853722477481e+08
   4.00000   2.18000000000000e+04   6.09998973658691e+22
   7.00000   2.74852038019593e+02   3.27966337798636e+17
   9.00000   3.02266030521236e+02   5.43268759417579e+20
  10.00000   5.06877430598877e+00   2.54143815583762e-01
  10.00000   1.44243797176993e+01   4.04786470724594e+05
  10.00000   1.58630804829222e+01   1.01935723535924e+06
  10.00000   2.32032624432801e+01   1.27060129699582e+09
  10.00000   2.55175769639837e+01   7.19304027311204e+08
  10.00000   4.96446097649994e+01   2.09787009978482e+13
  10.00000   5.45962083401850e+01   8.35425648006978e+13
  10.00000   1.16811481330379e+02   6.06384365007141e+17
  10.00000   1.28462364825260e+02   1.31346721094384e+18
  10.00000   3.32414319593118e+02   6.24131538065105e+22
  10.00000   4.86229437323173e+02   5.08758543421940e+24
  10.00000   1.14407548189048e+03   9.79809723804990e+27
  10.00000   1.25818661203834e+03   0.00000000000000e+00
STATE 109 +0 33 Mt
   0.00000   1.61963957711188e+00   5.69033938172192e-01
   0.00000   1.78118390307808e+00   1.42332646179866e+00
   0.00000   3.46530471575797e+00   4.16972111250970e+01
   0.00000   2.80627233219702e+01   5.41677863485129e+03
   0.00000   3.08617248948432e+01   9.38522954726611e+03
   0.00000   9.65839069359003e+01   1.38645617183049e+05
   0.00000   4.02031873828341e+02   2.08679450140027e+06
   0.00000   4.42130898940048e+02   1.28788557768390e+06
   0.00000   1.14407548189048e+03   5.46653034516311e+06
   0.00000   2.44781012924351e+03   0.00000000000000e+00
   0.00000   2.69195694005866e+03   8.91153466696249e+06
   0.00000   5.23721950489340e+03   1.17587993816466e+07
   0.00000   2.18000000000000e+04   1.16848503548620e+08
   3.00000   1.98228508128907e+04   7.21576229425246e+18
   4.00000   2.18000000000000e+04   3.99229611495208e+22
   7.00000   2.74852038019593e+02   0.00000000000000e+00
   9.00000   1.06217273745178e+02   2.12545286301455e+16
   9.00000   3.02266030521236e+02   1.79656348844594e+21
  10.00000   3.46530471575797e+00   1.66960380109128e-04
  10.00000   5.06877430598877e+00   2.18949200471277e-01
  10.00000   5.57433846995903e+00   0.00000000000000e+00
  10.00000   1.44243797176993e+01   3.31575127904183e+05
  10.00000   1.58630804829222e+01   8.60693018971482e+05
  10.00000   2.32032624432801e+01   1.26774993227797e+09
  10.00000   2.55175769639837e+01   6.01563106491675e+08
  10.00000   4.96446097649994e+01   1.96672605135804e+13
  10.00000   5.45962083401850e+01   8.89015680587654e+13
  10.00000   1.16811481330379e+02   0.00000000000000e+00
  10.00000   1.28462364825260e+02   1.54283404073819e+18
  10.00000   3.32414319593118e+02   0.00000000000000e+00
  10.00000   4.42130898940048e+02   1.12773815482105e+24
  10.00000   4.86229437323173e+02   3.09110635408521e+24
  10.00000   1.25818661203834e+03   4.84488952786001e+28
STATE 110 -1 33 Mt
   0.00000   1.61963957711188e+00   1.77137228633292e+00
   0.00000   1.78118390307808e+00   0.00000000000000e+00
   0.00000   3.15101919273747e+00   4.37127239710477e+00
   0.00000   3.46530471575797e+00   3.65512695112048e+01
   0.00000   2.80627233219702e+01   5.54634688575161e+03
   0.00000   3.08617248948432e+01   9.23999791744216e+03
   0.00000   9.65839069359003e+01   1.38668198846137e+05
   0.00000   4.02031873828341e+02   2.08620358767841e+06
   0.00000   4.42130898940048e+02   1.28857615944575e+06
   0.00000   1.14407548189048e+03   5.46616718681013e+06
   0.00000   2.44781012924351e+03   0.00000000000000e+00
   0.00000   2.69195694005866e+03   8.91253354919354e+06
   0.00000   5.23721950489340e+03   1.17558176463577e+07
   0.00000   2.18000000000000e+04   1.16854287781912e+08
   3.00000   1.98228508128907e+04   7.21460715512279e+18
   4.00000   2.18000000000000e+04   3.99579968531444e+22
   7.00000   2.74852038019593e+02   0.00000000000000e+00
   9.00000   1.06217273745178e+02   2.12180712560077e+16
   9.00000   3.02266030521236e+02   1.79750308837555e+21
  10.00000   5.06877430598877e+00   1.97340456196788e-01
  10.00000   5.57433846995903e+00   0.00000000000000e+00
  10.00000   1.44243797176993e+01   2.74082213586641e+05
  10.00000   1.58630804829222e+01   9.63892097589098e+05
  10.00000   2.32032624432801e+01   1.26952053879819e+09
  10.00000   2.55175769639837e+01   6.25479964095419e+08
  10.00000   4.96446097649994e+01   1.97487409253369e+13
  10.00000   5.45962083401850e+01   8.88160139775622e+13
  10.00000   1.16811481330379e+02   0.00000000000000e+00
  10.00000   1.28462364825260e+02   1.54398568173093e+18
  10.00000   3.32414319593118e+02   0.00000000000000e+00
  10.00000   4.42130898940048e+02   1.12462117930093e+24
  10.00000   4.86229437323173e+02   3.10012680367343e+24
  10.00000   1.25818661203834e+03   4.85349437278687e+28
# orbitals: 1s2
CORE 2 13 Mt
   0.00000   1.16811481330379e+02   2.54283305219438e+02
   0.00000   2.27257486669018e+02   1.65022277542485e+05
   0.00000   2.49924355288136e+02   5.70463666155881e+05
   0.00000   4.02031873828341e+02   1.43786087328240e+06
   0.00000   4.42130898940048e+02   0.00000000000000e+00
   0.00000   7.82155590927376e+02   2.54200314539059e+06
   0.00000   8.60168501653083e+02   0.00000000000000e+00
   0.00000   1.38367929019570e+03   0.00000000000000e+00
   0.00000   1.52168872232296e+03   3.27363798531707e+06
   0.00000   2.44781012924351e+03   5.25263417647550e+06
   0.00000   2.69195694005866e+03   0.00000000000000e+00
   0.00000   6.33405075262655e+03   0.00000000000000e+00
   0.00000   6.96581474131180e+03   2.96332127520031e+07
# orbitals: 1s2 2s2
CORE 4 17 Mt
   0.00000   8.78242375282785e+01   3.53929096612418e+04
   0.00000   3.32414319593118e+02   9.80238959904802e+05
   0.00000   3.65569626464500e+02   1.53356225951393e+06
   0.00000   8.60168501653083e+02   3.37871327230464e+06
   0.00000   9.45962491118739e+02   5.53813783339248e+05
   0.00000   2.02393688554418e+03   7.58669025012852e+06
   0.00000   2.22580619313196e+03   0.00000000000000e+00
   0.00000   4.76223031742491e+03   1.08227211630973e+07
   0.00000   5.23721950489340e+03   0.00000000000000e+00
   0.00000   6.33405075262655e+03   0.00000000000000e+00
   0.00000   6.96581474131180e+03   1.30510856172852e+07
   0.00000   2.18000000000000e+04   8.87340365854460e+07
   5.00000   1.55366246888326e+02   2.26443599919763e+12
   5.00000   1.70862617800814e+02   4.69791024182265e+12
  10.00000   3.32414319593118e+02   1.34159775434865e+22
  10.00000   3.65569626464500e+02   2.35557653383010e+22
  10.00000   1.04031365120188e+03   4.74661173474359e+27
# orbitals: 1s2 2s2 2p6
CORE 10 18 Mt
   0.00000   7.98590256091258e+01   7.95918080418554e+04
   0.00000   8.78242375282785e+01   1.59662763407895e+04
   0.00000   3.65569626464500e+02   7.29250963861991e+05
   0.00000   4.02031873828341e+02   2.37789918104393e+06
   0.00000   1.04031365120188e+03   0.00000000000000e+00
   0.00000   1.14407548189048e+03   5.65942053436768e+06
   0.00000   2.69195694005866e+03   1.00546626148450e+06
   0.00000   2.96045517605956e+03   9.27408459707709e+06
   0.00000   6.33405075262655e+03   0.00000000000000e+00
   0.00000   6.96581474131180e+03   2.04260127961521e+07
   0.00000   2.18000000000000e+04   8.46903426697053e+07
   3.00000   1.28462364825260e+02   1.10853178704875e+10
   4.00000   1.41275318047065e+02   0.00000000000000e+00
  10.00000   1.87904610856251e+02   1.98699298000759e+18
  10.00000   3.32414319593118e+02   1.69645906947684e+22
  10.00000   3.65569626464500e+02   3.89189343023583e+22
  10.00000   1.04031365120188e+03   5.96979650326890e+27
  10.00000   1.14407548189048e+03   2.19912610895134e+28
# orbitals: 1s2 2s2 2p6 3s2
CORE 12 21 Mt
   0.00000   3.73250981011753e+01   0.00000000000000e+00
   0.00000   4.10479373671362e+01   2.22023128382141e+03
   0.00000   7.26162179225926e+01   9.90098534427003e+04
   0.00000   4.02031873828341e+02   3.18220090439744e+06
   0.00000   4.42130898940048e+02   1.22287760949193e+05
   0.00000   1.14407548189048e+03   4.71671194291462e+06
   0.00000   1.25818661203834e+03   1.16052803617898e+06
   0.00000   2.96045517605956e+03   1.07319954009562e+07
   0.00000   3.25573367056416e+03   0.00000000000000e+00
   0.00000   6.96581474131180e+03   1.77585748505420e+07
   0.00000   7.66059144539629e+03   3.62043708439894e+06
   0.00000   2.18000000000000e+04   8.68756579655461e+07
   7.00000   2.49924355288136e+02   0.00000000000000e+00
   8.00000   7.98590256091258e+01   8.02326496924459e+12
   8.00000   2.49924355288136e+02   7.20431487288917e+18
  10.00000   1.06217273745178e+02   9.82221655246082e+15
  10.00000   1.16811481330379e+02   9.52912619695751e+16
  10.00000   4.02031873828341e+02   3.93229356792538e+23
  10.00000   4.42130898940048e+02   4.69569137000620e+23
  10.00000   1.14407548189048e+03   2.20762300065955e+28
  10.00000   1.25818661203834e+03   2.27783265568538e+28
# orbitals: 1s2 2s2 2p6 3s2 3p6
CORE 18 21 Mt
   0.00000   3.39399014328490e+01   2.20986766063487e+03
   0.00000   7.98590256091258e+01   1.26688757060283e+05
   0.00000   8.78242375282785e+01   0.00000000000000e+00
   0.00000   4.02031873828341e+02   2.78725738353433e+06
   0.00000   4.42130898940048e+02   4.88003958252122e+05
   0.00000   1.14407548189048e+03   5.48160625538199e+06
   0.00000   1.25818661203834e+03   2.44220387532774e+05
   0.00000   2.96045517605956e+03   1.12384001090697e+07
   0.00000   3.25573367056416e+03   0.00000000000000e+00
   0.00000   6.96581474131180e+03   9.84023872508746e+06
   0.00000   7.66059144539629e+03   1.21581838860293e+07
   0.00000   2.18000000000000e+04   8.46204529677876e+07
   7.00000   7.26162179225926e+01   2.67155311602211e+12
   7.00000   2.49924355288136e+02   0.00000000000000e+00
   8.00000   7.98590256091258e+01   1.54231357897915e+13
   8.00000   2.74852038019593e+02   1.05354543913931e+19
  10.00000   1.16811481330379e+02   3.85921400084578e+17
  10.00000   3.02266030521236e+02   2.53100925642595e+22
  10.00000   4.42130898940048e+02   2.05446399115993e+24
  10.00000   1.14407548189048e+03   1.13279057590094e+28
  10.00000   1.25818661203834e+03   1.87442134813389e+28
# orbitals: 1s2 2s2 2p6 3s2 3p6 3d10
CORE 28 20 Mt
   0.00000   3.39399014328490e+01   7.01306326853459e+03
   0.00000   3.73250981011753e+01   9.53649335111270e+03
   0.00000   8.78242375282785e+01   1.16260626342668e+05
   0.00000   4.02031873828341e+02   1.82171060833303e+06
   0.00000   4.42130898940048e+02   1.69583804852217e+06
   0.00000   1.25818661203834e+03   6.52528314607750e+06
   0.00000   1.38367929019570e+03   0.00000000000000e+00
   0.00000   3.58046351093678e+03   1.47958649711809e+07
   0.00000   3.93758220122726e+03   0.00000000000000e+00
   0.00000   7.66059144539629e+03   0.00000000000000e+00
   0.00000   8.42466581048167e+03   1.68167367267493e+07
   0.00000   2.18000000000000e+04   8.94116621373165e+07
   7.00000   7.26162179225926e+01   4.15586290625017e+12
   8.00000   7.98590256091258e+01   3.88970537042276e+13
   9.00000   3.02266030521236e+02   1.09701575786118e+21
  10.00000   1.16811481330379e+02   3.90004750449082e+17
  10.00000   1.28462364825260e+02   7.44911358293509e+17
  10.00000   3.02266030521236e+02   9.38225048093292e+21
  10.00000   4.42130898940048e+02   1.57764192186875e+24
  10.00000   1.25818661203834e+03   1.05290587400427e+29
# orbitals: 1s2 2s2 2p6 3s2 3p6 3d10 4s2
CORE 30 22 Mt
   0.00000   2.55175769639837e+01   6.54010875069646e+03
   0.00000   2.80627233219702e+01   3.88179160987709e+03
   0.00000   9.65839069359003e+01   1.43798294279679e+05
   0.00000   4.02031873828341e+02   1.35762274321005e+06
   0.00000   4.42130898940048e+02   2.21289983667243e+06
   0.00000   1.25818661203834e+03   6.39819764346290e+06
   0.00000   1.38367929019570e+03   0.00000000000000e+00
   0.00000   3.25573367056416e+03   1.04170481227797e+07
   0.00000   3.58046351093678e+03   1.81685168658981e+06
   0.00000   7.66059144539629e+03   2.04951587645284e+07
   0.00000   8.42466581048167e+03   0.00000000000000e+00
   0.00000   2.18000000000000e+04   8.57733523611128e+07
   9.00000   9.65839069359003e+01   5.30851454904008e+15
   9.00000   3.02266030521236e+02   7.38967460647224e+20
  10.00000   4.51420960108147e+01   1.32300490552739e+10
  10.00000   4.96446097649994e+01   1.51776556621421e+12
  10.00000   1.16811481330379e+02   1.41412200731836e+17
  10.00000   1.28462364825260e+02   9.19400597561563e+17
  10.00000   3.02266030521236e+02   2.87557796402639e+22
  10.00000   4.42130898940048e+02   2.57323261575343e+24
  10.00000   4.86229437323173e+02   0.00000000000000e+00
  10.00000   1.25818661203834e+03   7.96379290228401e+28
# orbitals: 1s2 2s2 2p6 3s2 3p6 3d10 4s2 4p6
CORE 36 27 Mt
   0.00000   2.32032624432801e+01   0.00000000000000e+00
   0.00000   2.80627233219702e+01   8.77926832982693e+03
   0.00000   8.78242375282785e+01   1.33231929849809e+05
   0.00000   4.02031873828341e+02   2.35391572054716e+06
   0.00000   4.42130898940048e+02   9.90807093922759e+05
   0.00000   1.14407548189048e+03   5.37448942863290e+06
   0.00000   1.25818661203834e+03   2.82774202488527e+05
   0.00000   2.96045517605956e+03   1.19447570139119e+07
   0.00000   5.23721950489340e+03   0.00000000000000e+00
   0.00000   2.18000000000000e+04   1.34562206858062e+08
   2.00000   1.12053087021552e+04   0.00000000000000e+00
   3.00000   1.98228508128907e+04   2.38334466932537e+19
   4.00000   2.18000000000000e+04   3.28863157074611e+22
   7.00000   2.74852038019593e+02   3.23215171566599e+17
   9.00000   3.73250981011753e+01   2.31713938869305e+10
   9.00000   1.06217273745178e+02   2.20125278516236e+16
   9.00000   3.02266030521236e+02   7.21484523671946e+19
   9.00000   2.18000000000000e+04   7.61598403130659e+39
  10.00000   3.73250981011753e+01   0.00000000000000e+00
  10.00000   4.96446097649994e+01   9.38360047768242e+12
  10.00000   5.45962083401850e+01   7.15406973652038e+12
  10.00000   1.06217273745178e+02   9.00466169495511e+16
  10.00000   1.28462364825260e+02   1.20655009536574e+17
  10.00000   1.41275318047065e+02   2.57139936819444e+18
  10.00000   3.02266030521236e+02   2.88331717567946e+22
  10.00000   4.42130898940048e+02   1.93184477424614e+24
  10.00000   1.25818661203834e+03   4.93743047164072e+28
# orbitals: 1s2 2s2 2p6 3s2 3p6 3d10 4s2 4p6 4d10
CORE 46 28 Mt
   0.00000   1.74452785722840e+01   0.00000000000000e+00
   0.00000   3.39399014328490e+01   1.81108006020374e+04
   0.00000   9.65839069359003e+01   1.26759856632520e+05
   0.00000   4.02031873828341e+02   3.11179698397211e+06
   0.00000   4.42130898940048e+02   0.00000000000000e+00
   0.00000   1.04031365120188e+03   4.33321317621137e+06
   0.00000   1.14407548189048e+03   6.31034687950724e+05
   0.00000   2.44781012924351e+03   8.48672787043394e+06
   0.00000   2.69195694005866e+03   0.00000000000000e+00
   0.00000   5.23721950489340e+03   1.40453007482234e+07
   0.00000   2.18000000000000e+04   1.13779753496376e+08
   3.00000   2.18000000000000e+04   5.09226754786133e+18
   4.00000   2.18000000000000e+04   5.44677518954721e+22
   9.00000   3.73250981011753e+01   2.48685569064851e+10
   9.00000   1.06217273745178e+02   2.28847985540448e+16
   9.00000   3.02266030521236e+02   1.81633809322515e+21
  10.00000   1.31161617987358e+01   0.00000000000000e+00
  10.00000   1.44243797176993e+01   2.10714020758670e+02
  10.00000   3.73250981011753e+01   1.34836922323751e+11
  10.00000   4.96446097649994e+01   2.21265086687100e+13
  10.00000   5.45962083401850e+01   8.55678154193363e+12
  10.00000   1.16811481330379e+02   3.23995343865558e+17
  10.00000   1.41275318047065e+02   1.92227958327854e+18
  10.00000   3.32414319593118e+02   0.00000000000000e+00
  10.00000   4.42130898940048e+02   7.50533869427428e+23
  10.00000   4.86229437323173e+02   4.09592119046526e+24
  10.00000   1.14407548189048e+03   6.96730391797946e+27
  10.00000   1.25818661203834e+03   0.00000000000000e+00
# orbitals: 1s2 2s2 2p6 3s2 3p6 3d10 4s2 4p6 4d10 4f14
CORE 60 25 Mt
   0.00000   1.44243797176993e+01   3.03848865954562e+02
   0.00000   1.58630804829222e+01   1.81687264842101e+03
   0.00000   3.73250981011753e+01   1.71909846414894e+04
   0.00000   8.78242375282785e+01   0.00000000000000e+00
   0.00000   9.65839069359003e+01   1.23232060944882e+05
   0.00000   4.02031873828341e+02   3.11926415277992e+06
   0.00000   1.04031365120188e+03   4.50373467794282e+06
   0.00000   1.14407548189048e+03   3.69735773364111e+05
   0.00000   2.44781012924351e+03   8.96215646015871e+06
   0.00000   2.69195694005866e+03   0.00000000000000e+00
   0.00000   5.75958454635753e+03   1.70030220316647e+07
   0.00000   2.18000000000000e+04   1.06569330349057e+08
   3.00000   2.18000000000000e+04   1.24469260257506e+18
   4.00000   2.18000000000000e+04   4.37182592449586e+22
   9.00000   3.73250981011753e+01   1.70728799544908e+10
  10.00000   3.73250981011753e+01   2.44030398870534e+11
  10.00000   4.96446097649994e+01   2.81197038975493e+13
  10.00000   5.45962083401850e+01   1.02365190757285e+13
  10.00000   1.16811481330379e+02   7.21340994898244e+17
  10.00000   1.28462364825260e+02   8.13877790765907e+17
  10.00000   3.32414319593118e+02   1.42877808084981e+23
  10.00000   4.42130898940048e+02   3.65289028979733e+23
  10.00000   4.86229437323173e+02   5.54113413610426e+24
  10.00000   1.14407548189048e+03   1.13260724636514e+28
  10.00000   1.25818661203834e+03   0.00000000000000e+00
# orbitals: 1s2 2s2 2p6 3s2 3p6 3d10 4s2 4p6 4d10 4f14 5s2
CORE 62 28 Mt
   0.00000   1.31161617987358e+01   1.35616798906046e+03
   0.00000   4.10479373671362e+01   2.09233911931699e+04
   0.00000   9.65839069359003e+01   1.21255441116084e+05
   0.00000   4.02031873828341e+02   3.11249485778797e+06
   0.00000   4.42130898940048e+02   0.00000000000000e+00
   0.00000   1.04031365120188e+03   4.85588756959101e+06
   0.00000   1.14407548189048e+03   0.00000000000000e+00
   0.00000   2.22580619313196e+03   7.59026761224526e+05
   0.00000   2.44781012924351e+03   7.89600682385906e+06
   0.00000   4.76223031742491e+03   0.00000000000000e+00
   0.00000   5.23721950489340e+03   1.39232670871573e+07
   0.00000   2.18000000000000e+04   1.14614736761196e+08
   3.00000   1.98228508128907e+04   0.00000000000000e+00
   3.00000   2.18000000000000e+04   4.90527393102976e+18
   4.00000   2.18000000000000e+04   5.76308527536220e+22
   5.00000   2.10988444855730e+01   1.51822991355421e+06
   9.00000   1.06217273745178e+02   1.55001141283797e+16
   9.00000   3.02266030521236e+02   1.75849345511252e+21
  10.00000   2.55175769639837e+01   1.28573250364682e+08
  10.00000   3.73250981011753e+01   1.91958381757129e+11
  10.00000   4.96446097649994e+01   2.16890939101401e+13
  10.00000   5.45962083401850e+01   2.83490550690637e+13
  10.00000   1.16811481330379e+02   4.89291888409660e+17
  10.00000   1.41275318047065e+02   2.42749609328652e+18
  10.00000   3.32414319593118e+02   0.00000000000000e+00
  10.00000   4.42130898940048e+02   8.98136746927364e+23
  10.00000   4.86229437323173e+02   3.56900667884911e+24
  10.00000   1.25818661203834e+03   1.97355098704513e+28
# orbitals: 1s2 2s2 2p6 3s2 3p6 3d10 4s2 4p6 4d10 4f14 5s2 5p6
CORE 68 28 Mt
   0.00000   9.86133294563339e+00   5.64960499605029e+02
   0.00000   1.08449112715417e+01   2.12172883794352e+02
   0.00000   3.73250981011753e+01   2.04035855350015e+04
   0.00000   4.10479373671362e+01   0.00000000000000e+00
   0.00000   9.65839069359003e+01   1.22994061088721e+05
   0.00000   4.02031873828341e+02   2.55555654440431e+06
   0.00000   4.42130898940048e+02   7.51785066175087e+05
   0.00000   1.14407548189048e+03   5.73969055152224e+06
   0.00000   1.25818661203834e+03   0.00000000000000e+00
   0.00000   2.96045517605956e+03   1.11557140890246e+07
   0.00000   3.25573367056416e+03   6.93241815074142e+05
   0.00000   6.96581474131180e+03   1.31561684512588e+07
   0.00000   7.66059144539629e+03   0.00000000000000e+00
   0.00000   2.18000000000000e+04   1.08127350892205e+08
   4.00000   2.18000000000000e+04   6.75199928268869e+22
   8.00000   2.10988444855730e+01   4.44867941041783e+07
   8.00000   3.02266030521236e+02   2.28362080564864e+19
   9.00000   2.10988444855730e+01   0.00000000000000e+00
  10.00000   2.32032624432801e+01   0.00000000000000e+00
  10.00000   2.55175769639837e+01   1.52824532020189e+08
  10.00000   4.96446097649994e+01   2.30656325189534e+13
  10.00000   5.45962083401850e+01   3.52368903717697e+13
  10.00000   1.16811481330379e+02   7.22915931670505e+17
  10.00000   1.28462364825260e+02   1.20107447878387e+18
  10.00000   3.32414319593118e+02   9.46510012766223e+22
  10.00000   4.86229437323173e+02   5.00954644841129e+24
  10.00000   1.14407548189048e+03   1.65724590085815e+28
  10.00000   1.25818661203834e+03   0.00000000000000e+00
# orbitals: 1s2 2s2 2p6 3s2 3p6 3d10 4s2 4p6 4d10 4f14 5s2 5p6 5d10
CORE 78 27 Mt
   0.00000   7.41420309972141e+00   0.00000000000000e+00
   0.00000   8.15370246689340e+00   2.60343125129352e+02
   0.00000   3.08617248948432e+01   1.44898770162790e+04
   0.00000   3.39399014328490e+01   0.00000000000000e+00
   0.00000   8.78242375282785e+01   1.23756024444426e+05
   0.00000   4.02031873828341e+02   1.63699755237168e+06
   0.00000   4.42130898940048e+02   1.93139138315212e+06
   0.00000   1.25818661203834e+03   6.57361171673676e+06
   0.00000   1.38367929019570e+03   0.00000000000000e+00
   0.00000   3.58046351093678e+03   1.52890564132828e+07
   0.00000   3.93758220122726e+03   0.00000000000000e+00
   0.00000   8.42466581048167e+03   0.00000000000000e+00
   0.00000   9.26494964836585e+03   2.06073730047552e+07
   0.00000   2.18000000000000e+04   8.18962692682515e+07
   8.00000   3.02266030521236e+02   3.72430069935114e+19
   9.00000   1.58630804829222e+01   4.26091792269825e+05
  10.00000   1.74452785722840e+01   4.94615811832817e+06
  10.00000   2.32032624432801e+01   1.06115128189070e+09
  10.00000   2.55175769639837e+01   3.42398550594887e+08
  10.00000   4.96446097649994e+01   2.44833704953794e+13
  10.00000   5.45962083401850e+01   5.77549911478672e+13
  10.00000   1.16811481330379e+02   6.37902318844177e+17
  10.00000   1.28462364825260e+02   1.41280576223272e+18
  10.00000   3.32414319593118e+02   5.08251688421146e+22
  10.00000   4.86229437323173e+02   2.74875212085537e+24
  10.00000   1.25818661203834e+03   1.03474134420913e+29
  10.00000   1.38367929019570e+03   0.00000000000000e+00
# orbitals: 1s2 2s2 2p6 3s2 3p6 3d10 4s2 4p6 4d10 4f14 5s2 5p6 5d10 6s2
CORE 80 27 Mt
   0.00000   5.57433846995903e+00   4.76818177285591e+01
   0.00000   6.13032806391715e+00   9.39804260944860e+01
   0.00000   3.08617248948432e+01   1.62440531997439e+04
   0.00000   8.78242375282785e+01   9.26879118332961e+03
   0.00000   9.65839069359003e+01   1.21556782022054e+05
   0.00000   4.02031873828341e+02   1.72498656235441e+06
   0.00000   4.42130898940048e+02   1.81507836470959e+06
   0.00000   1.25818661203834e+03   6.55162064420402e+06
   0.00000   2.96045517605956e+03   0.00000000000000e+00
   0.00000   3.25573367056416e+03   1.12681269607496e+07
   0.00000   6.96581474131180e+03   1.67951658048655e+07
   0.00000   7.66059144539629e+03   0.00000000000000e+00
   0.00000   2.18000000000000e+04   9.71179462598235e+07
   4.00000   2.18000000000000e+04   2.59140142211841e+22
   8.00000   3.02266030521236e+02   1.32010068766606e+19
  10.00000   1.44243797176993e+01   4.41310397046825e+04
  10.00000   1.58630804829222e+01   8.42151761280119e+05
  10.00000   2.32032624432801e+01   7.67279819920557e+08
  10.00000   2.55175769639837e+01   5.47414771516947e+08
  10.00000   4.96446097649994e+01   2.27708432199542e+13
  10.00000   5.45962083401850e+01   6.51585994188956e+13
  10.00000   1.16811481330379e+02   6.35651936137505e+17
  10.00000   1.28462364825260e+02   1.28650524966166e+18
  10.00000   3.32414319593118e+02   1.19887215826205e+23
  10.00000   4.86229437323173e+02   5.72072387052710e+24
  10.00000   1.14407548189048e+03   3.13858471784713e+28
  10.00000   1.25818661203834e+03   0.00000000000000e+00
# orbitals: 1s2 2s2 2p6 3s2 3p6 3d10 4s2 4p6 4d10 4f14 5s2 5p6 5d10 6s2 6p6
CORE 86 31 Mt
   0.00000   3.81093736297496e+00   1.07111037970185e+01
   0.00000   4.19104372509470e+00   3.49077682312804e+01
   0.00000   8.96696017419884e+00   0.00000000000000e+00
   0.00000   1.74452785722840e+01   7.65723059412122e+02
   0.00000   3.08617248948432e+01   1.35449869034910e+04
   0.00000   8.78242375282785e+01   1.20061307401706e+05
   0.00000   4.02031873828341e+02   2.70315603312905e+06
   0.00000   4.42130898940048e+02   6.07046703677229e+05
   0.00000   1.14407548189048e+03   5.75665641350074e+06
   0.00000   1.25818661203834e+03   0.00000000000000e+00
   0.00000   2.96045517605956e+03   1.12497212190217e+07
   0.00000   3.25573367056416e+03   5.63983082844570e+05
   0.00000   6.96581474131180e+03   1.33526179074746e+07
   0.00000   7.66059144539629e+03   0.00000000000000e+00
   0.00000   2.18000000000000e+04   1.07780804221209e+08
   4.00000   2.18000000000000e+04   6.64626695282115e+22
   7.00000   2.74852038019593e+02   0.00000000000000e+00
   8.00000   3.02266030521236e+02   2.37867592613083e+19
   9.00000   8.15370246689340e+00   0.00000000000000e+00
  10.00000   8.15370246689340e+00   4.50841062610932e+01
  10.00000   1.08449112715417e+01   1.26646113570158e+04
  10.00000   2.32032624432801e+01   2.75064428426020e+08
  10.00000   2.55175769639837e+01   2.86591408908109e+09
  10.00000   4.96446097649994e+01   2.46809468558110e+13
  10.00000   5.45962083401850e+01   6.34968598634878e+13
  10.00000   1.16811481330379e+02   5.92468479176370e+17
  10.00000   1.28462364825260e+02   1.54490146158957e+18
  10.00000   3.32414319593118e+02   8.40862463007979e+22
  10.00000   4.86229437323173e+02   4.47455821583796e+24
  10.00000   1.14407548189048e+03   1.91241364738545e+28
  10.00000   1.25818661203834e+03   0.00000000000000e+00
# orbitals: 1s2 2s2 2p6 3s2 3p6 3d10 4s2 4p6 4d10 4f14 5s2 5p6 5d10 5f14
CORE 92 29 Mt
   0.00000   4.60906224182702e+00   1.90674824762049e+01
   0.00000   5.06877430598877e+00   4.34517597383514e+01
   0.00000   2.55175769639837e+01   2.20428917612925e+03
   0.00000   2.80627233219702e+01   1.04060634707044e+04
   0.00000   8.78242375282785e+01   1.22316118432441e+05
   0.00000   4.02031873828341e+02   2.67625420095527e+06
   0.00000   4.42130898940048e+02   6.36780397026854e+05
   0.00000   1.14407548189048e+03   5.73277997515151e+06
   0.00000   1.25818661203834e+03   0.00000000000000e+00
   0.00000   2.96045517605956e+03   1.17308565799618e+07
   0.00000   3.25573367056416e+03   0.00000000000000e+00
   0.00000   6.96581474131180e+03   1.35563794094295e+07
   0.00000   7.66059144539629e+03   0.00000000000000e+00
   0.00000   2.18000000000000e+04   1.07337608759739e+08
   4.00000   2.18000000000000e+04   6.59547059225045e+22
   5.00000   9.86133294563339e+00   1.85374920836243e+03
   7.00000   1.31161617987358e+01   2.42275455307783e+05
   7.00000   2.74852038019593e+02   0.00000000000000e+00
   8.00000   3.02266030521236e+02   1.85076249452099e+19
  10.00000   2.10988444855730e+01   1.00840509524602e+08
  10.00000   2.32032624432801e+01   1.08984891218390e+09
  10.00000   4.96446097649994e+01   2.50318880988004e+13
  10.00000   5.45962083401850e+01   6.66536597806514e+13
  10.00000   1.16811481330379e+02   5.88611718432180e+17
  10.00000   1.28462364825260e+02   1.39263950781728e+18
  10.00000   3.32414319593118e+02   9.83112799475307e+22
  10.00000   4.86229437323173e+02   4.88003842230509e+24
  10.00000   1.14407548189048e+03   2.02454551349423e+28
  10.00000   1.25818661203834e+03   0.00000000000000e+00
# orbitals: 1s2 2s2 2p6 3s2 3p6 3d10 4s2 4p6 4d10 4f14 5s2 5p6 5d10 5f14 6s2
CORE 94 29 Mt
   0.00000   4.60906224182702e+00   1.01933264053777e+01
   0.00000   5.06877430598877e+00   6.72158805453418e+01
   0.00000   2.80627233219702e+01   1.29323346407409e+04
   0.00000   8.78242375282785e+01   1.21892388075402e+05
   0.00000   4.02031873828341e+02   2.70843379073063e+06
   0.00000   4.42130898940048e+02   5.98078540283704e+05
   0.00000   1.14407548189048e+03   5.77544296896373e+06
   0.00000   1.25818661203834e+03   0.00000000000000e+00
   0.00000   2.96045517605956e+03   1.03009275660332e+07
   0.00000   3.25573367056416e+03   1.75276058216669e+06
   0.00000   6.96581474131180e+03   1.22658894325517e+07
   0.00000   7.66059144539629e+03   0.00000000000000e+00
   0.00000   2.18000000000000e+04   1.10128605725507e+08
   4.00000   8.15370246689340e+00   9.21673135022223e+02
   4.00000   2.18000000000000e+04   7.24852708049011e+22
   5.00000   9.86133294563339e+00   0.00000000000000e+00
   7.00000   1.31161617987358e+01   2.67621828861652e+05
   7.00000   2.74852038019593e+02   0.00000000000000e+00
   8.00000   3.02266030521236e+02   2.28542067839172e+19
  10.00000   2.10988444855730e+01   2.71999690763841e+07
  10.00000   2.32032624432801e+01   1.10742967502404e+09
  10.00000   4.96446097649994e+01   2.23047775661242e+13
  10.00000   5.45962083401850e+01   7.39042864554727e+13
  10.00000   1.16811481330379e+02   6.02183438727494e+17
  10.00000   1.28462364825260e+02   1.38917376045651e+18
  10.00000   3.32414319593118e+02   8.81477386492628e+22
  10.00000   4.86229437323173e+02   4.59131272623741e+24
  10.00000   1.14407548189048e+03   1.87814113593084e+28
  10.00000   1.25818661203834e+03   0.00000000000000e+00
# orbitals: 1s2 2s2 2p6 3s2 3p6 3d10 4s2 4p6 4d10 4f14 5s2 5p6 5d10 5f14 6s2 6p6
CORE 100 30 Mt
   0.00000   3.81093736297496e+00   3.42409086084990e+00
   0.00000   4.19104372509470e+00   5.88366917851597e+01
   0.00000   2.80627233219702e+01   2.54115234129086e+03
   0.00000   3.08617248948432e+01   1.28096178741177e+04
   0.00000   9.65839069359003e+01   1.32103324316445e+05
   0.00000   4.02031873828341e+02   2.92740012704234e+06
   0.00000   4.42130898940048e+02   2.40270512734006e+05
   0.00000   1.04031365120188e+03   3.09328446857397e+06
   0.00000   1.14407548189048e+03   2.19045452014932e+06
   0.00000   2.69195694005866e+03   1.04448255089431e+07
   0.00000   2.96045517605956e+03   0.00000000000000e+00
   0.00000   6.33405075262655e+03   1.53929502789733e+07
   0.00000   6.96581474131180e+03   0.00000000000000e+00
   0.00000   2.18000000000000e+04   1.07142349204828e+08
   3.00000   6.13032806391715e+00   2.88257126527247e+02
   4.00000   2.18000000000000e+04   5.83419128268678e+22
   7.00000   2.74852038019593e+02   3.79970269479119e+17
   9.00000   1.06217273745178e+02   2.22468194522319e+16
   9.00000   3.02266030521236e+02   1.25522958629346e+21
  10.00000   1.44243797176993e+01   4.19277702440457e+05
  10.00000   2.32032624432801e+01   1.28318340183642e+09
  10.00000   2.55175769639837e+01   9.13278828985870e+07
  10.00000   4.96446097649994e+01   1.86613928666661e+13
  10.00000   5.45962083401850e+01   9.00167384907710e+13
  10.00000   1.16811481330379e+02   0.00000000000000e+00
  10.00000   1.28462364825260e+02   1.47788941519120e+18
  10.00000   3.32414319593118e+02   0.00000000000000e+00
  10.00000   4.86229437323173e+02   4.61868606957137e+24
  10.00000   1.14407548189048e+03   9.75632757916655e+27
  10.00000   1.25818661203834e+03   0.00000000000000e+00
# orbitals: 1s2 2s2 2p6 3s2 3p6 3d10 4s2 4p6 4d10 4f14 5s2 5p6 5d10 6s2 6p6 5f14 7s2
CORE 102 34 Mt
   0.00000   3.46530471575797e+00   9.39035736489075e+00
   0.00000   3.81093736297496e+00   4.69585617551146e+01
   0.00000   2.80627233219702e+01   4.11570808747616e+03
   0.00000   3.08617248948432e+01   1.08314311254848e+04
   0.00000   9.65839069359003e+01   1.38409265025741e+05
   0.00000   4.02031873828341e+02   2.09195270724811e+06
   0.00000   4.42130898940048e+02   1.28188148709629e+06
   0.00000   1.14407548189048e+03   5.46917355189400e+06
   0.00000   2.44781012924351e+03   0.00000000000000e+00
   0.00000   2.69195694005866e+03   8.90383394888370e+06
   0.00000   5.23721950489340e+03   1.17804523983880e+07
   0.00000   5.75958454635753e+03   0.00000000000000e+00
   0.00000   2.18000000000000e+04   1.16803156853967e+08
   3.00000   1.98228508128907e+04   7.22335836911055e+18
   4.00000   2.18000000000000e+04   3.96701261041647e+22
   5.00000   8.96696017419884e+00   9.15497301598301e+02
   6.00000   9.86133294563339e+00   0.00000000000000e+00
   7.00000   2.74852038019593e+02   0.00000000000000e+00
   9.00000   3.15101919273747e+00   4.88519227992864e-04
   9.00000   1.06217273745178e+02   2.16159203110104e+16
   9.00000   3.02266030521236e+02   1.78860155573272e+21
  10.00000   3.15101919273747e+00   1.54028547639490e-05
  10.00000   4.60906224182702e+00   3.75827533936104e-02
  10.00000   5.06877430598877e+00   1.85566843797512e-01
  10.00000   1.44243797176993e+01   6.98676255060252e+05
  10.00000   2.32032624432801e+01   1.27425745579659e+09
  10.00000   2.55175769639837e+01   2.14506319792555e+08
  10.00000   4.96446097649994e+01   1.90322865313559e+13
  10.00000   5.45962083401850e+01   8.88008032923192e+13
  10.00000   1.16811481330379e+02   0.00000000000000e+00
  10.00000   1.28462364825260e+02   1.52809252960682e+18
  10.00000   4.42130898940048e+02   1.15226171996593e+24
  10.00000   4.86229437323173e+02   3.01634748003982e+24
  10.00000   1.25818661203834e+03   4.78273437819459e+28
