# Free-atom, free-ion and frozen-core density fits -- Kr (Z = 36)
#
#   rho(r) = sum_i c_i r^n_i exp(-alpha_i r)      r in bohr, rho in e/bohr^3
#
# All-electron B86BPBE densities (scalar-relativistic, spin-restricted),
# fitted with rhofit.py (monotone decay imposed).  Two kinds of block:
#
#   STATE <N> <q> <nterm> <symbol>
#     the atom or ion with N electrons (charge q), in order of increasing N;
#   CORE <N_core> <nterm> <symbol>
#     the frozen core of the neutral atom with N_core electrons, for a
#     pseudopotential with Z - N_core valence electrons, in order of
#     increasing N_core, each preceded by a '# orbitals:' comment.
#
# Each block header is followed by nterm lines:   n   alpha   c
#
# Generated 2026-09-23 by combine_fits.py from
#   /home/alberto/doc/manuals/critic2/atomic_density_fits/15_rhofit/rho_b86bpbe_mono/fit_036_Kr.dat
#     recipe: --npow 0,1,2,3,4,5,6,7,8,9,10 --amin 0.2 --ratio 1.1 --mom 3 --cusp none --targetz 1e-3 --besteffort --monotone --stats
#   /home/alberto/doc/manuals/critic2/atomic_density_fits/15_rhofit/core_b86bpbe_mono/core_036_Kr.dat
#     recipe: --npow 0,1,2,3,4,5,6,7,8,9,10 --amin 0.2 --ratio 1.1 --mom 3 --cusp none --besteffort --monotone --stats --target 1e-3*N_core
#
STATE 34 +2 23 Kr
   0.00000   2.33492009511753e+00   3.75994826089126e-01
   0.00000   2.56637309215499e+00   1.60089534423248e+00
   0.00000   6.00827394086051e+00   9.34520504233530e+01
   0.00000   2.25641256532283e+01   1.85442506830683e+03
   0.00000   8.47397724381651e+01   3.06869961553860e+04
   0.00000   9.31397490969374e+01   6.05046260211858e+03
   0.00000   7.45051013418769e+02   7.16063279630257e+03
   0.00000   8.18905485082345e+02   0.00000000000000e+00
   3.00000   1.80496778742117e+02   0.00000000000000e+00
   4.00000   1.98388834441508e+02   6.91675583822172e+10
   7.00000   4.97340910487436e+00   3.52822046886580e+00
   7.00000   6.38181165151408e+01   2.00166623041457e+11
   8.00000   2.05291391877242e+01   0.00000000000000e+00
   9.00000   5.46640689320279e+00   0.00000000000000e+00
   9.00000   2.05291391877242e+01   4.40840053952981e+07
   9.00000   7.01441978074308e+01   4.18552216590974e+13
  10.00000   7.97798171266750e+00   6.44007206804673e+01
  10.00000   8.76881296276815e+00   4.98644758628782e+02
  10.00000   2.72592592529182e+01   9.45813326309466e+08
  10.00000   2.99613805222079e+01   5.91107660027792e+09
  10.00000   7.70973628606020e+01   0.00000000000000e+00
  10.00000   1.12520228188940e+02   4.66959298503851e+16
  10.00000   3.18240961038285e+02   9.36139908414956e+19
STATE 35 +1 24 Kr
   0.00000   2.12434110505956e+00   1.39230350843587e+00
   0.00000   2.33492009511753e+00   2.26639604541722e-01
   0.00000   6.00827394086051e+00   7.66122504800878e+01
   0.00000   6.60385449778926e+00   1.94376624751541e+01
   0.00000   2.25641256532283e+01   1.84912547266720e+03
   0.00000   8.47397724381651e+01   3.10546038080997e+04
   0.00000   9.31397490969374e+01   5.65280077648412e+03
   0.00000   7.45051013418769e+02   6.07371264317213e+03
   2.00000   1.31362870952783e+03   0.00000000000000e+00
   3.00000   1.80496778742117e+02   0.00000000000000e+00
   4.00000   1.98388834441508e+02   6.78239831525013e+10
   6.00000   2.31611038092211e+03   3.08516946542435e+20
   7.00000   4.97340910487436e+00   3.13044049152827e+00
   7.00000   6.38181165151408e+01   1.96458322671273e+11
   8.00000   2.05291391877242e+01   0.00000000000000e+00
   9.00000   2.05291391877242e+01   4.64290655217074e+07
   9.00000   7.01441978074308e+01   4.21362872536254e+13
  10.00000   5.46640689320279e+00   2.13172625732205e-01
  10.00000   7.97798171266750e+00   9.06774994179083e+01
  10.00000   8.76881296276815e+00   3.96193265341949e+02
  10.00000   2.72592592529182e+01   8.17826569621054e+08
  10.00000   2.99613805222079e+01   6.32049553365834e+09
  10.00000   1.12520228188940e+02   4.70426433989028e+16
  10.00000   3.18240961038285e+02   7.66488556899299e+19
STATE 36 +0 23 Kr
   0.00000   1.93275356192372e+00   1.95692380873835e+00
   0.00000   2.12434110505956e+00   3.27034583575012e-01
   0.00000   6.60385449778926e+00   8.73457173275089e+01
   0.00000   2.05291391877242e+01   1.65045398996174e+03
   0.00000   2.25641256532283e+01   0.00000000000000e+00
   0.00000   8.47397724381651e+01   3.39628062321491e+04
   0.00000   9.31397490969374e+01   2.84661767056613e+03
   0.00000   7.45051013418769e+02   6.58051676341138e+03
   3.00000   1.80496778742117e+02   0.00000000000000e+00
   4.00000   1.98388834441508e+02   6.40393038007082e+10
   7.00000   6.38181165151408e+01   2.65742024343195e+11
   8.00000   4.97340910487436e+00   7.08422279202434e-01
   8.00000   1.86776816556441e+01   3.64773489578937e+06
   9.00000   2.05291391877242e+01   4.05388636798202e+07
   9.00000   7.01441978074308e+01   2.88738626366154e+13
   9.00000   2.79804563678707e+03   0.00000000000000e+00
  10.00000   5.46640689320279e+00   1.07696743988740e-01
  10.00000   7.97798171266750e+00   1.60226832024197e+02
  10.00000   2.72592592529182e+01   2.53264589951524e+08
  10.00000   2.99613805222079e+01   8.87229467982683e+09
  10.00000   1.12520228188940e+02   3.77265486984782e+16
  10.00000   3.18240961038285e+02   2.37738622806502e+20
  10.00000   2.79804563678707e+03   1.13468433794055e+31
STATE 37 -1 22 Kr
   0.00000   1.75844468773488e+00   5.87707349190441e-02
   0.00000   1.93275356192372e+00   2.02874267492443e+00
   0.00000   6.60385449778926e+00   1.03402927706295e+02
   0.00000   2.25641256532283e+01   1.83650354076357e+03
   0.00000   8.47397724381651e+01   3.10456280484412e+04
   0.00000   9.31397490969374e+01   5.67021989848895e+03
   0.00000   7.45051013418769e+02   7.26373546309886e+03
   3.00000   1.80496778742117e+02   0.00000000000000e+00
   4.00000   1.98388834441508e+02   6.76461448600001e+10
   6.00000   4.11678934214917e+00   7.16880937282098e-01
   7.00000   6.38181165151408e+01   1.86789064950608e+11
   8.00000   1.86776816556441e+01   6.53718155911784e+06
   8.00000   2.05291391877242e+01   1.65255523021814e+07
   9.00000   7.01441978074308e+01   4.29572769648849e+13
  10.00000   1.59985617449611e+00   3.12124838916920e-08
  10.00000   1.75844468773488e+00   1.40614386074218e-07
  10.00000   7.97798171266750e+00   1.57944770661200e+02
  10.00000   2.72592592529182e+01   6.08141677165708e+07
  10.00000   2.99613805222079e+01   6.40464585981145e+09
  10.00000   7.70973628606020e+01   0.00000000000000e+00
  10.00000   1.12520228188940e+02   4.74128268301495e+16
  10.00000   3.18240961038285e+02   1.00782860608207e+20
# orbitals: 1s2
CORE 2 5 Kr
   0.00000   6.38181165151408e+01   8.93822888015834e+02
   0.00000   7.01441978074308e+01   2.27408319011691e+04
   0.00000   9.31397490969374e+01   7.88771838431832e+03
   0.00000   1.02372387985472e+02   0.00000000000000e+00
   0.00000   1.98388834441508e+02   3.78423626985950e+03
# orbitals: 1s2 2s2
CORE 4 15 Kr
   0.00000   1.86776816556441e+01   7.03832608906707e+01
   0.00000   7.70973628606020e+01   2.86323631966840e+04
   0.00000   8.47397724381651e+01   8.08115793098896e+03
   0.00000   5.10499038757301e+02   6.08889870653544e+03
   0.00000   2.79804563678707e+03   5.99034299247549e+03
   3.00000   2.99613805222079e+01   9.83554207463391e+04
   4.00000   3.61957317461289e+01   1.05910322481603e+07
   4.00000   1.80496778742117e+02   0.00000000000000e+00
   5.00000   1.98388834441508e+02   1.14189185051798e+12
   8.00000   6.38181165151408e+01   3.69158359865614e+11
  10.00000   8.47397724381651e+01   0.00000000000000e+00
  10.00000   9.31397490969374e+01   1.04132561971164e+15
  10.00000   2.63427152082398e+02   7.90731360347405e+19
  10.00000   4.64458760020626e+02   8.75885240825906e+21
  10.00000   1.91718363206360e+03   1.98524948261328e+29
# orbitals: 1s2 2s2 2p6
CORE 10 15 Kr
   0.00000   2.05291391877242e+01   6.61286097729948e+02
   0.00000   2.25641256532283e+01   7.97142695240643e+02
   0.00000   8.47397724381651e+01   3.64390156458525e+04
   0.00000   6.77857240802969e+02   5.86561301876195e+03
   0.00000   7.45051013418769e+02   0.00000000000000e+00
   3.00000   3.29313542406857e+01   3.38452422827020e+06
   4.00000   3.97836963236421e+01   0.00000000000000e+00
   4.00000   1.98388834441508e+02   7.13534221845748e+10
   7.00000   6.38181165151408e+01   1.49880830460571e+11
   9.00000   2.79804563678707e+03   2.70319367663938e+28
  10.00000   9.31397490969374e+01   2.78136525078564e+13
  10.00000   1.02372387985472e+02   2.85415516772614e+15
  10.00000   2.89539824622246e+02   5.21870653673398e+20
  10.00000   3.18240961038285e+02   0.00000000000000e+00
  10.00000   5.61103139836474e+02   2.33838493997130e+23
# orbitals: 1s2 2s2 2p6 3s2
CORE 12 20 Kr
   0.00000   6.60385449778926e+00   7.81662955883869e-01
   0.00000   1.86776816556441e+01   1.46439368162523e+03
   0.00000   2.05291391877242e+01   8.46151260543626e+01
   0.00000   8.47397724381651e+01   2.38334470264180e+04
   0.00000   9.31397490969374e+01   1.36856257863419e+04
   0.00000   7.45051013418769e+02   5.59478484140148e+03
   3.00000   1.80496778742117e+02   9.91469837551421e+08
   4.00000   1.98388834441508e+02   6.70128811892739e+10
   6.00000   1.40662929559127e+01   0.00000000000000e+00
   6.00000   5.28260869688103e+01   9.61941503958608e+09
   7.00000   1.54606385991151e+01   1.18657301432315e+05
   7.00000   5.80625643010580e+01   0.00000000000000e+00
   9.00000   3.07540675498387e+03   4.20195526519677e+26
  10.00000   2.48008336754387e+01   1.15855982904744e+08
  10.00000   2.72592592529182e+01   4.38568123350952e+08
  10.00000   7.01441978074308e+01   1.07535124613933e+14
  10.00000   1.02372387985472e+02   1.22761733139658e+16
  10.00000   2.89539824622246e+02   4.69878050397050e+20
  10.00000   3.18240961038285e+02   0.00000000000000e+00
  10.00000   5.61103139836474e+02   8.94881074538409e+22
# orbitals: 1s2 2s2 2p6 3s2 3p6
CORE 18 19 Kr
   0.00000   6.60385449778926e+00   1.25690968295934e+01
   0.00000   7.25847300859345e+00   2.47458267054561e+01
   0.00000   2.05291391877242e+01   0.00000000000000e+00
   0.00000   2.25641256532283e+01   2.07514792995644e+03
   0.00000   8.47397724381651e+01   1.89713550959947e+04
   0.00000   9.31397490969374e+01   1.78347686624412e+04
   0.00000   6.77857240802969e+02   5.26917732404012e+03
   3.00000   1.80496778742117e+02   1.84439061726579e+09
   4.00000   1.98388834441508e+02   3.06325455537839e+09
   6.00000   1.40662929559127e+01   7.16082762926357e+04
   6.00000   5.80625643010580e+01   2.16374521720793e+10
   7.00000   1.69932011683271e+01   8.78371436221096e+05
  10.00000   2.72592592529182e+01   1.58685287336308e+09
  10.00000   2.99613805222079e+01   7.82794436250675e+08
  10.00000   7.01441978074308e+01   1.88770740534107e+14
  10.00000   1.02372387985472e+02   1.15107150346105e+16
  10.00000   1.12520228188940e+02   9.22571597594180e+15
  10.00000   3.18240961038285e+02   1.22230836557834e+21
  10.00000   2.54569883247339e+03   1.57760659506075e+30
# orbitals: 1s2 2s2 2p6 3s2 3p6 3d10
CORE 28 20 Kr
   0.00000   6.00827394086051e+00   9.52138317566203e+01
   0.00000   6.60385449778926e+00   4.45500577914368e+00
   0.00000   2.25641256532283e+01   1.82774477791487e+03
   0.00000   8.47397724381651e+01   3.15255148741672e+04
   0.00000   9.31397490969374e+01   5.10597527182752e+03
   0.00000   7.45051013418769e+02   6.07389316515327e+03
   2.00000   1.31362870952783e+03   0.00000000000000e+00
   3.00000   1.80496778742117e+02   0.00000000000000e+00
   4.00000   1.98388834441508e+02   6.64119999305650e+10
   6.00000   1.40662929559127e+01   9.94192122406282e+04
   6.00000   2.31611038092211e+03   3.34302536627264e+20
   7.00000   1.54606385991151e+01   0.00000000000000e+00
   7.00000   1.69932011683271e+01   1.19031251514727e+06
   7.00000   6.38181165151408e+01   1.92499006732231e+11
   9.00000   7.01441978074308e+01   4.19670903598996e+13
  10.00000   2.72592592529182e+01   1.74632573974759e+09
  10.00000   2.99613805222079e+01   2.27415826439099e+09
  10.00000   7.70973628606020e+01   0.00000000000000e+00
  10.00000   1.12520228188940e+02   4.58842592861971e+16
  10.00000   3.18240961038285e+02   1.07810220528914e+20
# orbitals: 1s2 2s2 2p6 3s2 3p6 3d10 4s2
CORE 30 23 Kr
   0.00000   2.56637309215499e+00   6.21143433554230e-01
   0.00000   5.46640689320279e+00   3.99907536962417e+01
   0.00000   6.00827394086051e+00   5.16023170000748e+01
   0.00000   2.25641256532283e+01   1.83620251434583e+03
   0.00000   8.47397724381651e+01   3.19366075602273e+04
   0.00000   9.31397490969374e+01   4.73106539266440e+03
   0.00000   7.45051013418769e+02   6.38803560472917e+03
   3.00000   1.80496778742117e+02   0.00000000000000e+00
   4.00000   1.98388834441508e+02   6.49498251631709e+10
   7.00000   6.38181165151408e+01   1.73097037616285e+11
   7.00000   2.54569883247339e+03   0.00000000000000e+00
   8.00000   1.86776816556441e+01   8.57557590416887e+06
   8.00000   2.79804563678707e+03   0.00000000000000e+00
   9.00000   5.46640689320279e+00   8.42967742350615e-02
   9.00000   7.01441978074308e+01   4.50394181272625e+13
  10.00000   6.00827394086051e+00   4.75389725026739e-01
  10.00000   7.97798171266750e+00   3.23658919996096e+01
  10.00000   8.76881296276815e+00   1.83010471147303e+02
  10.00000   2.72592592529182e+01   1.22120610560610e+09
  10.00000   2.99613805222079e+01   4.11820848368548e+09
  10.00000   1.12520228188940e+02   4.83985835466907e+16
  10.00000   3.18240961038285e+02   6.99898623560744e+19
  10.00000   3.07540675498387e+03   3.37955198100089e+31
