# Free-atom, free-ion and frozen-core density fits -- Cs (Z = 55)
#
#   rho(r) = sum_i c_i r^n_i exp(-alpha_i r)      r in bohr, rho in e/bohr^3
#
# All-electron B86BPBE densities (scalar-relativistic, spin-restricted),
# fitted with rhofit.py (monotone decay imposed).  Two kinds of block:
#
#   STATE <N> <q> <nterm> <symbol>
#     the atom or ion with N electrons (charge q), in order of increasing N;
#   CORE <N_core> <nterm> <symbol>
#     the frozen core of the neutral atom with N_core electrons, for a
#     pseudopotential with Z - N_core valence electrons, in order of
#     increasing N_core, each preceded by a '# orbitals:' comment.
#
# Each block header is followed by nterm lines:   n   alpha   c
#
# Generated 2026-09-23 by combine_fits.py from
#   /home/alberto/doc/manuals/critic2/atomic_density_fits/15_rhofit/rho_b86bpbe_mono/fit_055_Cs.dat
#     recipe: --npow 0,1,2,3,4,5,6,7,8,9,10 --amin 0.2 --ratio 1.1 --mom 3 --cusp none --targetz 1e-3 --besteffort --monotone --stats
#   /home/alberto/doc/manuals/critic2/atomic_density_fits/15_rhofit/core_b86bpbe_mono/core_055_Cs.dat
#     recipe: --npow 0,1,2,3,4,5,6,7,8,9,10 --amin 0.2 --ratio 1.1 --mom 3 --cusp none --besteffort --monotone --stats --target 1e-3*N_core
#
STATE 54 +1 29 Cs
   0.00000   2.14557462269735e+00   1.78459357286785e+00
   0.00000   2.35919679169495e+00   2.27672278315271e+00
   0.00000   1.43203794705208e+01   1.13200469874984e+03
   0.00000   3.69964435532685e+01   7.38405723719824e+03
   0.00000   1.39716471577474e+02   1.54744138140045e+05
   0.00000   1.53627213896728e+02   3.38401087152108e+03
   0.00000   7.01450253489346e+02   6.25022551717031e+04
   0.00000   7.71289504480266e+02   0.00000000000000e+00
   0.00000   3.52164961342750e+03   8.33868414589613e+04
   0.00000   1.10000000000000e+04   0.00000000000000e+00
   7.00000   4.36409454674972e+02   9.51947955330961e+17
   8.00000   1.15559730171416e+02   9.60104798121371e+14
   9.00000   4.58466898422678e+00   1.88607722712260e-01
   9.00000   1.43203794705208e+01   1.06108289869627e+05
   9.00000   4.06799605157831e+01   1.92666373613814e+11
  10.00000   4.58466898422678e+00   0.00000000000000e+00
  10.00000   6.70177997256817e+00   1.77374433925702e+01
  10.00000   7.36903654744547e+00   3.71802240476104e+01
  10.00000   1.43203794705208e+01   5.46921478383763e+05
  10.00000   1.90377737706433e+01   6.89262234664868e+07
  10.00000   2.09332522512089e+01   5.27000625825769e+06
  10.00000   4.47302234654787e+01   1.11249167623011e+12
  10.00000   5.40806817928558e+01   1.43715872834005e+13
  10.00000   5.94651752629244e+01   8.34945471288350e+12
  10.00000   1.27065328693532e+02   3.53003138651688e+17
  10.00000   1.85741626707587e+02   2.88814288708600e+19
  10.00000   5.27636998457778e+02   6.81578098939575e+22
  10.00000   2.40915067669823e+03   6.66013967405893e+30
  10.00000   2.64901555371254e+03   0.00000000000000e+00
STATE 55 +0 34 Cs
   0.00000   6.86905640054724e-01   1.54649171648015e-03
   0.00000   7.55296769951991e-01   4.74358669089373e-03
   0.00000   1.95129566035715e+00   3.23043185069805e+00
   0.00000   2.14557462269735e+00   0.00000000000000e+00
   0.00000   1.43203794705208e+01   2.05392312870260e+02
   0.00000   1.57461749152467e+01   1.12844549068375e+03
   0.00000   3.69964435532685e+01   7.04056938683009e+03
   0.00000   1.39716471577474e+02   1.57880739080562e+05
   0.00000   1.53627213896728e+02   1.73880894972579e+02
   0.00000   7.01450253489346e+02   6.27559268578305e+04
   0.00000   7.71289504480266e+02   0.00000000000000e+00
   0.00000   3.20276886913425e+03   6.68661582304389e+04
   0.00000   3.52164961342750e+03   0.00000000000000e+00
   0.00000   1.10000000000000e+04   4.74001570168267e+04
   7.00000   4.36409454674972e+02   8.82326778389338e+17
   8.00000   1.46778161418139e+00   2.34597554969474e-07
   8.00000   1.15559730171416e+02   9.73279961921293e+14
   9.00000   1.43203794705208e+01   7.52866977963960e+05
   9.00000   4.06799605157831e+01   3.14642539649808e+11
  10.00000   2.14557462269735e+00   6.62344079267791e-07
  10.00000   2.35919679169495e+00   3.42323770946643e-06
  10.00000   6.70177997256817e+00   1.58562497182941e+01
  10.00000   7.36903654744547e+00   1.34579123949520e+01
  10.00000   1.43203794705208e+01   0.00000000000000e+00
  10.00000   1.90377737706433e+01   4.84038012940806e+07
  10.00000   2.09332522512089e+01   4.64231063979646e+07
  10.00000   4.47302234654787e+01   0.00000000000000e+00
  10.00000   5.40806817928558e+01   1.51455568015310e+13
  10.00000   5.94651752629244e+01   8.36003549319310e+12
  10.00000   1.27065328693532e+02   3.35920979861931e+17
  10.00000   1.85741626707587e+02   2.82039827055684e+19
  10.00000   5.27636998457778e+02   9.88746516633712e+22
  10.00000   2.40915067669823e+03   7.31989330943851e+30
  10.00000   2.64901555371254e+03   0.00000000000000e+00
STATE 56 -1 33 Cs
   0.00000   7.55296769951991e-01   2.03034386909830e-02
   0.00000   1.95129566035715e+00   2.93407767619112e+00
   0.00000   2.14557462269735e+00   0.00000000000000e+00
   0.00000   4.16953323294301e+00   0.00000000000000e+00
   0.00000   1.43203794705208e+01   1.13744451848865e+03
   0.00000   3.69964435532685e+01   7.37620360676633e+03
   0.00000   1.39716471577474e+02   1.54656898621660e+05
   0.00000   1.53627213896728e+02   3.49659087989580e+03
   0.00000   7.01450253489346e+02   6.22615663632285e+04
   0.00000   7.71289504480266e+02   0.00000000000000e+00
   0.00000   3.20276886913425e+03   5.73577475047378e+04
   0.00000   3.52164961342750e+03   1.56233053659248e+04
   7.00000   1.46778161418139e+00   1.29245736663814e-06
   7.00000   4.36409454674972e+02   9.58212044381908e+17
   8.00000   1.15559730171416e+02   9.67048126032485e+14
   9.00000   1.43203794705208e+01   2.84932097953209e+05
   9.00000   4.06799605157831e+01   2.16958136891499e+11
  10.00000   1.61391994408111e+00   1.35805578550281e-08
  10.00000   2.14557462269735e+00   1.05619991191300e-06
  10.00000   2.35919679169495e+00   7.00062251481763e-06
  10.00000   6.70177997256817e+00   1.29817827553810e+01
  10.00000   7.36903654744547e+00   3.15660420730664e+01
  10.00000   1.43203794705208e+01   4.16603154200445e+05
  10.00000   1.90377737706433e+01   6.33938975506812e+07
  10.00000   2.09332522512089e+01   1.94466882723918e+07
  10.00000   4.47302234654787e+01   8.56410523895260e+11
  10.00000   5.40806817928558e+01   1.48001942441015e+13
  10.00000   5.94651752629244e+01   7.15905420588312e+12
  10.00000   1.27065328693532e+02   3.50101858348541e+17
  10.00000   1.85741626707587e+02   2.87944591294796e+19
  10.00000   5.27636998457778e+02   6.73849109759479e+22
  10.00000   2.40915067669823e+03   6.79780219496288e+30
  10.00000   2.64901555371254e+03   0.00000000000000e+00
# orbitals: 1s2
CORE 2 5 Cs
   0.00000   1.05095948474655e+02   3.81802648145879e+04
   0.00000   1.15559730171416e+02   5.95300404790531e+04
   0.00000   1.68922966513534e+02   3.57696268421810e+04
   0.00000   3.60954998770706e+02   0.00000000000000e+00
   0.00000   3.96893152089739e+02   4.31055694235445e+04
# orbitals: 1s2 2s2
CORE 4 17 Cs
   0.00000   3.05998210951601e+01   6.55017295998006e+01
   0.00000   3.36464642107786e+01   4.60129557483827e+02
   0.00000   1.27065328693532e+02   1.52765280965173e+05
   0.00000   5.27636998457778e+02   0.00000000000000e+00
   0.00000   5.80170692164609e+02   6.43427487756702e+04
   0.00000   2.40915067669823e+03   0.00000000000000e+00
   0.00000   2.64901555371254e+03   4.95204955606520e+04
   0.00000   9.09811862218915e+03   1.20951283047536e+05
   3.00000   4.91837471301230e+01   2.44898708835583e+06
   4.00000   5.94651752629244e+01   3.34183001038315e+08
   7.00000   3.60954998770706e+02   2.04321242284914e+16
   8.00000   1.05095948474655e+02   7.06780450745987e+13
  10.00000   1.39716471577474e+02   1.08606418192089e+17
  10.00000   1.53627213896728e+02   2.15157469959763e+17
  10.00000   4.36409454674972e+02   8.58693696877079e+22
  10.00000   1.81218415071097e+03   8.61885875942324e+28
  10.00000   1.99261260321162e+03   1.08558722118426e+30
# orbitals: 1s2 2s2 2p6
CORE 10 15 Cs
   0.00000   3.36464642107786e+01   2.45826982526636e+03
   0.00000   3.69964435532685e+01   4.56705377657127e+03
   0.00000   1.39716471577474e+02   1.57255201387289e+05
   0.00000   7.71289504480266e+02   6.34446510665206e+04
   0.00000   3.52164961342750e+03   6.76316113621529e+04
   0.00000   3.87227942649090e+03   0.00000000000000e+00
   3.00000   5.40806817928558e+01   4.64310906124507e+07
   4.00000   5.94651752629244e+01   2.52089810357137e+08
   4.00000   6.53857708857037e+01   2.44033157536134e+08
   6.00000   3.96893152089739e+02   1.37605267355916e+16
   8.00000   1.15559730171416e+02   3.25195603793178e+14
   9.00000   1.27065328693532e+02   0.00000000000000e+00
  10.00000   1.53627213896728e+02   8.88812898237736e+17
  10.00000   4.79860161675563e+02   3.32145533701454e+23
  10.00000   2.91276235715908e+03   4.95964362146382e+31
# orbitals: 1s2 2s2 2p6 3s2
CORE 12 18 Cs
   0.00000   1.30236879295139e+01   0.00000000000000e+00
   0.00000   3.05998210951601e+01   6.90643369412572e+03
   0.00000   1.39716471577474e+02   1.29842343950230e+05
   0.00000   1.53627213896728e+02   3.33040567344574e+04
   0.00000   8.48082236426835e+02   6.76266959674916e+04
   0.00000   9.32520766281404e+02   0.00000000000000e+00
   0.00000   5.14787892667267e+03   1.21958088705649e+05
   5.00000   3.60954998770706e+02   1.96015721863124e+14
   7.00000   2.78290475097187e+01   2.21538027489845e+07
   7.00000   9.55796484588831e+01   2.24772615139933e+13
   8.00000   3.05998210951601e+01   1.44412840095594e+08
   9.00000   1.05095948474655e+02   1.88836324083854e+15
  10.00000   4.06799605157831e+01   0.00000000000000e+00
  10.00000   4.47302234654787e+01   5.46290185502425e+11
  10.00000   1.68922966513534e+02   7.69486907097716e+18
  10.00000   4.79860161675563e+02   2.39528012571377e+23
  10.00000   3.20276886913425e+03   2.86918203346490e+32
  10.00000   3.52164961342750e+03   0.00000000000000e+00
# orbitals: 1s2 2s2 2p6 3s2 3p6
CORE 18 19 Cs
   0.00000   1.30236879295139e+01   1.16673962219237e+02
   0.00000   1.43203794705208e+01   0.00000000000000e+00
   0.00000   3.36464642107786e+01   8.24069598151838e+03
   0.00000   1.39716471577474e+02   1.45453129742934e+05
   0.00000   1.53627213896728e+02   1.36355873113750e+04
   0.00000   8.48082236426835e+02   7.42412224561660e+04
   0.00000   4.68174525527904e+03   7.46792527807410e+04
   6.00000   3.96893152089739e+02   6.49961077484177e+15
   7.00000   3.05998210951601e+01   1.60011445587900e+08
   7.00000   1.05095948474655e+02   6.92106772621975e+13
   8.00000   3.05998210951601e+01   1.11615942834515e+09
   9.00000   1.15559730171416e+02   0.00000000000000e+00
   9.00000   4.79860161675563e+02   4.09058984782506e+21
  10.00000   4.47302234654787e+01   6.93870988252909e+11
  10.00000   4.91837471301230e+01   3.51421242780400e+12
  10.00000   1.15559730171416e+02   6.15359087769381e+16
  10.00000   1.85741626707587e+02   1.86075303505586e+19
  10.00000   2.91276235715908e+03   1.42313797013701e+32
  10.00000   3.20276886913425e+03   0.00000000000000e+00
# orbitals: 1s2 2s2 2p6 3s2 3p6 3d10
CORE 28 21 Cs
   0.00000   1.30236879295139e+01   1.59801747237796e+02
   0.00000   1.43203794705208e+01   9.32414761506466e+02
   0.00000   3.69964435532685e+01   7.19196542980800e+03
   0.00000   1.39716471577474e+02   1.57728472422647e+05
   0.00000   1.53627213896728e+02   0.00000000000000e+00
   0.00000   7.71289504480266e+02   6.95691603900557e+04
   0.00000   3.87227942649090e+03   1.59697218828524e+04
   0.00000   4.25781937523052e+03   6.24162495748463e+04
   6.00000   2.53091638310484e+01   1.59545563834651e+07
   6.00000   3.96893152089739e+02   0.00000000000000e+00
   7.00000   2.78290475097187e+01   0.00000000000000e+00
   7.00000   3.05998210951601e+01   8.05599988897511e+08
   7.00000   1.05095948474655e+02   3.49165685108706e+12
   7.00000   4.36409454674972e+02   6.36199267385689e+17
   8.00000   1.15559730171416e+02   8.13782140201396e+14
  10.00000   4.91837471301230e+01   6.26279363784563e+12
  10.00000   1.27065328693532e+02   3.59524772884027e+17
  10.00000   1.85741626707587e+02   2.67714592109415e+19
  10.00000   5.27636998457778e+02   3.26873726153206e+23
  10.00000   2.64901555371254e+03   3.66428528654951e+31
  10.00000   2.91276235715908e+03   0.00000000000000e+00
# orbitals: 1s2 2s2 2p6 3s2 3p6 3d10 4s2
CORE 30 25 Cs
   0.00000   1.07719143346446e+01   3.93316840407812e+02
   0.00000   1.18444101034146e+01   2.72463395009682e+02
   0.00000   3.69964435532685e+01   7.90466650250725e+03
   0.00000   1.39716471577474e+02   1.57715467879231e+05
   0.00000   1.53627213896728e+02   0.00000000000000e+00
   0.00000   7.01450253489346e+02   6.27626492092586e+04
   0.00000   7.71289504480266e+02   0.00000000000000e+00
   0.00000   2.91276235715908e+03   0.00000000000000e+00
   0.00000   3.20276886913425e+03   6.86752476183787e+04
   7.00000   1.05095948474655e+02   4.25071406308137e+13
   8.00000   3.69964435532685e+01   1.67656395817114e+10
   8.00000   4.79860161675563e+02   1.08503807754631e+20
   9.00000   3.69964435532685e+01   1.80608794196290e+10
   9.00000   1.15559730171416e+02   1.21264245685902e+16
  10.00000   1.07719143346446e+01   0.00000000000000e+00
  10.00000   1.18444101034146e+01   8.36588088285170e+02
  10.00000   1.73139283754278e+01   2.21825452883394e+06
  10.00000   1.90377737706433e+01   2.60605230704409e+06
  10.00000   4.91837471301230e+01   2.62642032735092e+12
  10.00000   5.40806817928558e+01   6.07304636162282e+12
  10.00000   1.27065328693532e+02   0.00000000000000e+00
  10.00000   1.85741626707587e+02   2.47117143318410e+19
  10.00000   5.27636998457778e+02   2.33736787299034e+22
  10.00000   2.40915067669823e+03   6.89879139535782e+30
  10.00000   2.64901555371254e+03   0.00000000000000e+00
# orbitals: 1s2 2s2 2p6 3s2 3p6 3d10 4s2 4p6
CORE 36 23 Cs
   0.00000   6.09494260362782e+00   1.61868392187567e+01
   0.00000   1.18444101034146e+01   2.83316451693053e+02
   0.00000   1.30236879295139e+01   4.85410808769435e+02
   0.00000   3.69964435532685e+01   7.97629185689144e+03
   0.00000   1.39716471577474e+02   1.51039865830411e+05
   0.00000   1.53627213896728e+02   7.02504883670234e+03
   0.00000   7.01450253489346e+02   6.12324079179313e+04
   0.00000   7.71289504480266e+02   0.00000000000000e+00
   0.00000   3.52164961342750e+03   9.02839109622242e+04
   0.00000   3.87227942649090e+03   0.00000000000000e+00
   7.00000   1.05095948474655e+02   3.87435164717972e+13
   7.00000   4.36409454674972e+02   9.03486904447324e+17
   8.00000   1.15559730171416e+02   0.00000000000000e+00
   9.00000   1.30236879295139e+01   8.07848977643130e+04
   9.00000   4.06799605157831e+01   2.78085991336013e+11
  10.00000   1.73139283754278e+01   2.27658378139530e+06
  10.00000   1.90377737706433e+01   3.15707582031081e+07
  10.00000   4.91837471301230e+01   0.00000000000000e+00
  10.00000   5.40806817928558e+01   1.34441211759925e+13
  10.00000   1.27065328693532e+02   3.71075181553222e+17
  10.00000   1.85741626707587e+02   2.73825950505310e+19
  10.00000   5.27636998457778e+02   1.16983573136426e+23
  10.00000   2.64901555371254e+03   1.82124824458049e+31
# orbitals: 1s2 2s2 2p6 3s2 3p6 3d10 4s2 4p6 4d10
CORE 46 25 Cs
   0.00000   4.16953323294301e+00   3.33930945780852e+00
   0.00000   4.58466898422678e+00   4.36893974416890e+00
   0.00000   1.43203794705208e+01   1.14717377928446e+03
   0.00000   3.69964435532685e+01   7.32063517801399e+03
   0.00000   1.39716471577474e+02   1.54758395580898e+05
   0.00000   1.53627213896728e+02   3.34629040059210e+03
   0.00000   7.01450253489346e+02   6.23569646820908e+04
   0.00000   7.71289504480266e+02   0.00000000000000e+00
   0.00000   3.52164961342750e+03   8.34657206732622e+04
   0.00000   3.87227942649090e+03   0.00000000000000e+00
   5.00000   8.10272791107135e+00   8.31220553242137e+02
   7.00000   4.36409454674972e+02   9.65586685757399e+17
   8.00000   1.30236879295139e+01   1.49083399846039e+05
   8.00000   1.15559730171416e+02   1.01093226903155e+15
   9.00000   1.30236879295139e+01   9.59471242291225e+04
   9.00000   4.06799605157831e+01   2.82582063924726e+11
  10.00000   1.73139283754278e+01   0.00000000000000e+00
  10.00000   1.90377737706433e+01   5.70540705231309e+07
  10.00000   4.47302234654787e+01   3.91497931535309e+10
  10.00000   5.40806817928558e+01   1.63596685824651e+13
  10.00000   1.27065328693532e+02   3.28587210415869e+17
  10.00000   1.85741626707587e+02   2.78903777605661e+19
  10.00000   5.27636998457778e+02   8.13266361089601e+22
  10.00000   2.40915067669823e+03   6.43247090637271e+30
  10.00000   2.64901555371254e+03   0.00000000000000e+00
# orbitals: 1s2 2s2 2p6 3s2 3p6 3d10 4s2 4p6 4d10 5s2
CORE 48 28 Cs
   0.00000   2.85236605349955e+00   4.24477244392320e+00
   0.00000   3.13635926290733e+00   4.18305612317724e+00
   0.00000   1.43203794705208e+01   0.00000000000000e+00
   0.00000   1.57461749152467e+01   1.40960243359045e+03
   0.00000   3.69964435532685e+01   6.90913672048159e+03
   0.00000   1.39716471577474e+02   1.53849146302325e+05
   0.00000   1.53627213896728e+02   4.65951016763430e+03
   0.00000   7.01450253489346e+02   6.21048103005104e+04
   0.00000   7.71289504480266e+02   0.00000000000000e+00
   0.00000   3.52164961342750e+03   8.45870026455860e+04
   0.00000   3.87227942649090e+03   0.00000000000000e+00
   6.00000   3.96893152089739e+02   8.40290770437474e+15
   8.00000   1.30236879295139e+01   1.41901133224746e+05
   8.00000   1.15559730171416e+02   1.57113011248356e+14
   9.00000   1.30236879295139e+01   7.94372542095935e+04
   9.00000   4.06799605157831e+01   3.01094889680503e+11
   9.00000   1.27065328693532e+02   2.21640549350500e+16
  10.00000   6.09494260362782e+00   0.00000000000000e+00
  10.00000   6.70177997256817e+00   2.38033291184463e+00
  10.00000   1.73139283754278e+01   9.43465005835672e+04
  10.00000   1.90377737706433e+01   5.60237960499676e+07
  10.00000   4.47302234654787e+01   0.00000000000000e+00
  10.00000   5.40806817928558e+01   1.73285089695115e+13
  10.00000   1.27065328693532e+02   3.42629082609254e+17
  10.00000   1.85741626707587e+02   2.89586360035567e+19
  10.00000   5.27636998457778e+02   2.15070308865332e+23
  10.00000   2.40915067669823e+03   6.57768375775999e+30
  10.00000   2.64901555371254e+03   0.00000000000000e+00
# orbitals: 1s2 2s2 2p6 3s2 3p6 3d10 4s2 4p6 4d10 5s2 5p6
CORE 54 31 Cs
   0.00000   1.95129566035715e+00   0.00000000000000e+00
   0.00000   2.14557462269735e+00   4.17622846194923e+00
   0.00000   1.43203794705208e+01   1.07039715910813e+02
   0.00000   1.57461749152467e+01   1.24797036585417e+03
   0.00000   3.69964435532685e+01   7.00914652993987e+03
   0.00000   1.39716471577474e+02   1.57426813096713e+05
   0.00000   1.53627213896728e+02   6.97842713826433e+02
   0.00000   7.01450253489346e+02   6.26185962746930e+04
   0.00000   7.71289504480266e+02   0.00000000000000e+00
   0.00000   3.20276886913425e+03   6.71424989825763e+04
   0.00000   3.52164961342750e+03   0.00000000000000e+00
   0.00000   1.10000000000000e+04   4.64827108975942e+04
   7.00000   4.36409454674972e+02   9.02667563136560e+17
   8.00000   1.15559730171416e+02   9.97817344112761e+14
   9.00000   4.58466898422678e+00   4.15800902657329e-02
   9.00000   1.43203794705208e+01   6.91196452194946e+05
   9.00000   4.06799605157831e+01   3.12903882699089e+11
  10.00000   1.46778161418139e+00   4.05270376115866e-13
  10.00000   4.58466898422678e+00   2.09499820347161e-02
  10.00000   6.70177997256817e+00   2.26973383516547e+01
  10.00000   1.43203794705208e+01   0.00000000000000e+00
  10.00000   1.90377737706433e+01   5.16831090668346e+07
  10.00000   2.09332522512089e+01   3.49845815992255e+07
  10.00000   4.47302234654787e+01   0.00000000000000e+00
  10.00000   5.40806817928558e+01   1.55954610711678e+13
  10.00000   5.94651752629244e+01   7.37514184271049e+12
  10.00000   1.27065328693532e+02   3.25433086089405e+17
  10.00000   1.85741626707587e+02   2.78432294974653e+19
  10.00000   5.27636998457778e+02   9.93052665325350e+22
  10.00000   2.40915067669823e+03   7.12048279010885e+30
  10.00000   2.64901555371254e+03   0.00000000000000e+00
