# Free-atom, free-ion and frozen-core density fits -- Cn (Z = 112)
#
#   rho(r) = sum_i c_i r^n_i exp(-alpha_i r)      r in bohr, rho in e/bohr^3
#
# All-electron B86BPBE densities (scalar-relativistic, spin-restricted),
# fitted with rhofit.py (monotone decay imposed).  Two kinds of block:
#
#   STATE <N> <q> <nterm> <symbol>
#     the atom or ion with N electrons (charge q), in order of increasing N;
#   CORE <N_core> <nterm> <symbol>
#     the frozen core of the neutral atom with N_core electrons, for a
#     pseudopotential with Z - N_core valence electrons, in order of
#     increasing N_core, each preceded by a '# orbitals:' comment.
#
# Each block header is followed by nterm lines:   n   alpha   c
#
# Generated 2026-09-23 by combine_fits.py from
#   /home/alberto/doc/manuals/critic2/atomic_density_fits/15_rhofit/rho_b86bpbe_mono/fit_112_Cn.dat
#     recipe: --npow 0,1,2,3,4,5,6,7,8,9,10 --amin 0.2 --ratio 1.1 --mom 3 --cusp none --targetz 1e-3 --besteffort --monotone --stats
#   /home/alberto/doc/manuals/critic2/atomic_density_fits/15_rhofit/core_b86bpbe_mono/core_112_Cn.dat
#     recipe: --npow 0,1,2,3,4,5,6,7,8,9,10 --amin 0.2 --ratio 1.1 --mom 3 --cusp none --besteffort --monotone --stats --target 1e-3*N_core
#
STATE 111 +1 32 Cn
   0.00000   2.16623625447984e+00   1.83303328484639e+00
   0.00000   2.38282886807061e+00   8.72248876082728e+00
   0.00000   3.83732000553554e+00   3.24791199074937e+01
   0.00000   4.22099707098224e+00   0.00000000000000e+00
   0.00000   2.83893670725533e+01   1.09624502662981e+04
   0.00000   3.12278973573806e+01   4.60162940271554e+03
   0.00000   9.79912141743335e+01   1.56378034375780e+05
   0.00000   4.50173230803610e+02   4.20317164706551e+06
   0.00000   4.95184109200050e+02   0.00000000000000e+00
   0.00000   1.28421290306044e+03   8.00289636007758e+06
   0.00000   3.02775218286209e+03   5.07679803495180e+06
   0.00000   3.33048405582148e+03   1.07075112211489e+07
   0.00000   6.48957998717972e+03   1.45728634406923e+07
   0.00000   7.13844508101367e+03   0.00000000000000e+00
   0.00000   2.24000000000000e+04   1.80161327599226e+08
   4.00000   2.24000000000000e+04   1.31471879167634e+23
   8.00000   3.07490380971507e+02   0.00000000000000e+00
   9.00000   5.10727351552520e+00   2.50656458535926e-01
   9.00000   3.38235017033666e+02   2.92302109052809e+21
  10.00000   6.17964010013284e+00   0.00000000000000e+00
  10.00000   1.45695614472413e+01   2.91636070976409e+05
  10.00000   1.60263090139960e+01   1.11469354686673e+06
  10.00000   2.34628975511143e+01   1.02218583682647e+09
  10.00000   2.58088514111786e+01   3.02337682910652e+09
  10.00000   5.02895683638899e+01   8.25673070022641e+12
  10.00000   5.53178052543771e+01   1.54571055177287e+14
  10.00000   1.18566282916247e+02   3.84114423656375e+17
  10.00000   1.30421213811926e+02   2.74998369476407e+18
  10.00000   3.38235017033666e+02   9.70643610725526e+22
  10.00000   4.95184109200050e+02   6.88367102587244e+24
  10.00000   1.28421290306044e+03   1.21472381140269e+29
  10.00000   1.41261580856330e+03   0.00000000000000e+00
STATE 112 +0 31 Cn
   0.00000   1.96933131585840e+00   4.44993024236557e+00
   0.00000   2.16623625447984e+00   5.26562084145642e-01
   0.00000   3.48851813381068e+00   2.74596193432804e+01
   0.00000   3.83732000553554e+00   1.08559805941688e+01
   0.00000   2.83893670725533e+01   7.91563137993335e+03
   0.00000   3.12278973573806e+01   7.87264398678561e+03
   0.00000   9.79912141743335e+01   1.55832590262861e+05
   0.00000   4.50173230803610e+02   4.20384006519303e+06
   0.00000   1.28421290306044e+03   8.00838715880966e+06
   0.00000   3.02775218286209e+03   4.44504008993393e+06
   0.00000   3.33048405582148e+03   1.15459489584512e+07
   0.00000   6.48957998717972e+03   1.38450221993798e+07
   0.00000   7.13844508101367e+03   0.00000000000000e+00
   0.00000   2.24000000000000e+04   1.81611426789827e+08
   4.00000   2.24000000000000e+04   1.36462011514118e+23
   9.00000   1.07788932748685e+02   1.36211866750660e+16
   9.00000   3.38235017033666e+02   2.55259119076515e+21
  10.00000   2.38282886807061e+00   0.00000000000000e+00
  10.00000   6.17964010013284e+00   2.65538467171581e-01
  10.00000   1.45695614472413e+01   2.52178066230905e+05
  10.00000   1.60263090139960e+01   9.89263180087352e+05
  10.00000   2.34628975511143e+01   1.01486447721948e+09
  10.00000   2.58088514111786e+01   3.00235871805482e+09
  10.00000   5.02895683638899e+01   7.48402056692443e+12
  10.00000   5.53178052543771e+01   1.58274786174867e+14
  10.00000   1.18566282916247e+02   0.00000000000000e+00
  10.00000   1.30421213811926e+02   2.84580519714059e+18
  10.00000   3.38235017033666e+02   1.08441748247675e+23
  10.00000   4.95184109200050e+02   7.16469284299404e+24
  10.00000   1.28421290306044e+03   1.25033269270994e+29
  10.00000   1.41261580856330e+03   0.00000000000000e+00
STATE 113 -1 32 Cn
   0.00000   1.79032449650872e+00   0.00000000000000e+00
   0.00000   1.96933131585840e+00   4.59731640539965e+00
   0.00000   3.48851813381068e+00   3.62437373524888e+01
   0.00000   3.83732000553554e+00   0.00000000000000e+00
   0.00000   2.83893670725533e+01   7.62584064238885e+03
   0.00000   3.12278973573806e+01   9.61299396023410e+03
   0.00000   9.79912141743335e+01   8.99464788400707e+03
   0.00000   1.07788932748685e+02   1.63452350806187e+05
   0.00000   4.50173230803610e+02   4.14434300394874e+06
   0.00000   1.28421290306044e+03   8.24276331348984e+06
   0.00000   3.02775218286209e+03   0.00000000000000e+00
   0.00000   3.33048405582148e+03   1.61815050233535e+07
   0.00000   6.48957998717972e+03   1.50972822917440e+07
   0.00000   7.13844508101367e+03   0.00000000000000e+00
   0.00000   2.24000000000000e+04   1.77487781853114e+08
   4.00000   2.24000000000000e+04   1.12037059443631e+23
   9.00000   3.38235017033666e+02   2.07215153028095e+21
  10.00000   1.79032449650872e+00   7.26040901481869e-08
  10.00000   1.96933131585840e+00   6.88393310267594e-07
  10.00000   4.22099707098224e+00   7.12454816791714e-03
  10.00000   1.45695614472413e+01   2.12327632889561e+05
  10.00000   1.60263090139960e+01   1.21610593982702e+06
  10.00000   2.34628975511143e+01   9.99156220275696e+08
  10.00000   2.58088514111786e+01   3.10713546751923e+09
  10.00000   5.02895683638899e+01   8.04697949355953e+12
  10.00000   5.53178052543771e+01   1.56451354182960e+14
  10.00000   1.18566282916247e+02   4.15640168207905e+17
  10.00000   1.30421213811926e+02   2.54948182602276e+18
  10.00000   3.38235017033666e+02   1.42104278471449e+23
  10.00000   4.95184109200050e+02   8.89405384102524e+24
  10.00000   1.28421290306044e+03   8.39907497569298e+28
  10.00000   1.41261580856330e+03   0.00000000000000e+00
# orbitals: 1s2
CORE 2 13 Cn
   0.00000   1.07788932748685e+02   0.00000000000000e+00
   0.00000   1.18566282916247e+02   4.77779306567238e+02
   0.00000   2.54130896551851e+02   8.16191670596044e+05
   0.00000   2.79540348066892e+02   0.00000000000000e+00
   0.00000   4.09253717894022e+02   5.83981972566510e+05
   0.00000   4.50173230803610e+02   1.32551528474896e+06
   0.00000   8.77180355894707e+02   3.42239749379491e+06
   0.00000   1.41261580856330e+03   0.00000000000000e+00
   0.00000   1.55385716639933e+03   2.86909229216558e+06
   0.00000   2.50233966453365e+03   9.04488920740414e+06
   0.00000   2.75253780747044e+03   0.00000000000000e+00
   0.00000   7.13844508101367e+03   0.00000000000000e+00
   0.00000   7.85218739507265e+03   4.79591872878692e+07
# orbitals: 1s2 2s2
CORE 4 16 Cn
   0.00000   8.90840813662033e+01   2.46240902026754e+04
   0.00000   9.79912141743335e+01   1.92004370240180e+04
   0.00000   3.38235017033666e+02   0.00000000000000e+00
   0.00000   3.72053676561563e+02   2.90247885193359e+06
   0.00000   8.77180355894707e+02   2.47410412045127e+06
   0.00000   9.64885833762510e+02   2.72285638548500e+06
   0.00000   2.06810314005928e+03   4.28115735801691e+06
   0.00000   2.27488384708251e+03   6.83762832798343e+06
   0.00000   5.89969495205854e+03   2.91440879736256e+07
   0.00000   6.48957998717972e+03   2.31934591599165e+06
   0.00000   2.24000000000000e+04   1.43906934703139e+08
   5.00000   1.73583858058076e+02   9.78434368229108e+12
  10.00000   2.10031001224172e+02   8.88523139707311e+18
  10.00000   3.38235017033666e+02   9.38032860862311e+21
  10.00000   3.72053676561563e+02   5.13145823360063e+22
  10.00000   1.06136060382470e+03   6.25373731444936e+27
# orbitals: 1s2 2s2 2p6
CORE 10 18 Cn
   0.00000   8.09865825189354e+01   4.75560424725412e+04
   0.00000   8.90840813662033e+01   6.79687373405301e+04
   0.00000   4.09253717894022e+02   2.59756596632337e+06
   0.00000   4.50173230803610e+02   1.09187672801570e+06
   0.00000   1.06136060382470e+03   0.00000000000000e+00
   0.00000   1.16748146975946e+03   6.70786012931986e+06
   0.00000   2.75253780747044e+03   1.23822773420735e+07
   0.00000   3.02775218286209e+03   0.00000000000000e+00
   0.00000   6.48957998717972e+03   1.87621939247219e+07
   0.00000   7.13844508101367e+03   1.22340106131808e+07
   0.00000   2.24000000000000e+04   1.35501951354802e+08
   3.00000   1.30421213811926e+02   1.11564013516699e+10
   4.00000   1.57805561094430e+02   1.47610444845836e+10
   7.00000   2.54130896551851e+02   5.24547625226266e+16
   8.00000   2.79540348066892e+02   0.00000000000000e+00
  10.00000   3.72053676561563e+02   9.97691441008178e+22
  10.00000   1.16748146975946e+03   4.10667888336685e+28
  10.00000   1.28421290306044e+03   3.45137911207075e+28
# orbitals: 1s2 2s2 2p6 3s2
CORE 12 21 Cn
   0.00000   4.15627085801595e+01   1.89026471922719e+03
   0.00000   7.36251241244165e+01   1.07629365068590e+05
   0.00000   4.09253717894022e+02   2.62907524125961e+06
   0.00000   4.50173230803610e+02   1.13100630205456e+06
   0.00000   1.16748146975946e+03   7.31783469127300e+06
   0.00000   1.28421290306044e+03   0.00000000000000e+00
   0.00000   3.02775218286209e+03   1.57414831005685e+07
   0.00000   3.33048405582148e+03   0.00000000000000e+00
   0.00000   6.48957998717972e+03   1.46621684060350e+07
   0.00000   7.13844508101367e+03   0.00000000000000e+00
   0.00000   2.24000000000000e+04   1.78989565343916e+08
   4.00000   2.24000000000000e+04   1.40396185209477e+23
   7.00000   2.54130896551851e+02   2.51090920825459e+17
   8.00000   8.09865825189354e+01   2.78738399445149e+12
   9.00000   8.90840813662033e+01   1.20675434351540e+14
   9.00000   2.79540348066892e+02   1.84539379272963e+20
  10.00000   1.07788932748685e+02   0.00000000000000e+00
  10.00000   1.18566282916247e+02   1.59191456159268e+17
  10.00000   4.50173230803610e+02   1.48252438118599e+24
  10.00000   1.16748146975946e+03   2.77915497890906e+28
  10.00000   1.28421290306044e+03   0.00000000000000e+00
# orbitals: 1s2 2s2 2p6 3s2 3p6
CORE 18 21 Cn
   0.00000   3.77847722793553e+01   5.02597924444170e+03
   0.00000   8.09865825189354e+01   0.00000000000000e+00
   0.00000   8.90840813662033e+01   1.56179394000563e+05
   0.00000   4.50173230803610e+02   4.20777269088693e+06
   0.00000   1.28421290306044e+03   6.32627003763997e+06
   0.00000   1.41261580856330e+03   1.81560901453666e+06
   0.00000   3.02775218286209e+03   4.84752155138052e+06
   0.00000   3.33048405582148e+03   9.57528541583457e+06
   0.00000   7.13844508101367e+03   2.94001435728239e+07
   0.00000   7.85218739507265e+03   0.00000000000000e+00
   0.00000   2.24000000000000e+04   1.40221171177266e+08
   7.00000   7.36251241244165e+01   1.34567244345810e+12
   8.00000   8.09865825189354e+01   4.22712302245336e+13
   8.00000   2.79540348066892e+02   1.67931548272713e+19
  10.00000   1.18566282916247e+02   4.12500759869411e+17
  10.00000   1.30421213811926e+02   3.28389878158534e+17
  10.00000   3.07490380971507e+02   2.57376330176046e+22
  10.00000   4.50173230803610e+02   2.87044144021987e+24
  10.00000   4.95184109200050e+02   0.00000000000000e+00
  10.00000   1.28421290306044e+03   1.16171624818479e+29
  10.00000   1.41261580856330e+03   7.37910255800650e+28
# orbitals: 1s2 2s2 2p6 3s2 3p6 3d10
CORE 28 20 Cn
   0.00000   3.43502400342663e+01   3.33245284206278e+03
   0.00000   3.77847722793553e+01   1.40468305657519e+04
   0.00000   8.90840813662033e+01   1.28973911808826e+05
   0.00000   4.50173230803610e+02   4.27546545279099e+06
   0.00000   1.28421290306044e+03   4.65670216029557e+06
   0.00000   1.41261580856330e+03   3.77547948805943e+06
   0.00000   3.33048405582148e+03   1.30992910382496e+07
   0.00000   3.66348478216468e+03   3.01904284385106e+06
   0.00000   7.85218739507265e+03   3.06648679603190e+07
   0.00000   2.24000000000000e+04   1.32213935649055e+08
   7.00000   7.36251241244165e+01   4.16543373195843e+12
   7.00000   8.09865825189354e+01   9.44206908073005e+12
   7.00000   2.79540348066892e+02   6.32604506879008e+17
   8.00000   8.09865825189354e+01   0.00000000000000e+00
   9.00000   3.07490380971507e+02   6.95257372086480e+20
  10.00000   1.18566282916247e+02   2.36253321072181e+17
  10.00000   1.30421213811926e+02   1.42555772401542e+18
  10.00000   4.95184109200050e+02   2.18096069197873e+24
  10.00000   1.28421290306044e+03   2.08685479401300e+29
  10.00000   1.41261580856330e+03   0.00000000000000e+00
# orbitals: 1s2 2s2 2p6 3s2 3p6 3d10 4s2
CORE 30 22 Cn
   0.00000   2.58088514111786e+01   3.54954216425776e+03
   0.00000   2.83893670725533e+01   8.30441207056647e+03
   0.00000   9.79912141743335e+01   1.54135123750214e+05
   0.00000   4.50173230803610e+02   4.21793667700164e+06
   0.00000   1.28421290306044e+03   7.31388829594538e+06
   0.00000   1.41261580856330e+03   7.92126077945079e+05
   0.00000   3.33048405582148e+03   1.72192408074062e+07
   0.00000   7.13844508101367e+03   1.26304053059692e+07
   0.00000   7.85218739507265e+03   0.00000000000000e+00
   0.00000   2.24000000000000e+04   1.80339703577292e+08
   4.00000   2.24000000000000e+04   1.44237713133686e+23
   7.00000   2.79540348066892e+02   4.36602861413441e+17
   9.00000   9.79912141743335e+01   5.49841807323997e+15
   9.00000   3.07490380971507e+02   1.58031098636924e+21
  10.00000   5.02895683638899e+01   8.85959892738304e+11
  10.00000   5.53178052543771e+01   3.56748455932840e+12
  10.00000   1.18566282916247e+02   1.33560144903583e+17
  10.00000   1.30421213811926e+02   1.51289087100991e+18
  10.00000   3.38235017033666e+02   0.00000000000000e+00
  10.00000   4.95184109200050e+02   5.66065905201522e+24
  10.00000   1.28421290306044e+03   1.51715593834708e+29
  10.00000   1.41261580856330e+03   0.00000000000000e+00
# orbitals: 1s2 2s2 2p6 3s2 3p6 3d10 4s2 4p6
CORE 36 25 Cn
   0.00000   2.13301844674748e+01   8.12224531199644e+02
   0.00000   3.12278973573806e+01   1.16821710363107e+04
   0.00000   9.79912141743335e+01   1.59130202018265e+05
   0.00000   4.09253717894022e+02   1.10623747367670e+06
   0.00000   4.50173230803610e+02   2.78761094376231e+06
   0.00000   1.16748146975946e+03   6.87563129031779e+06
   0.00000   2.50233966453365e+03   1.61797306750134e+06
   0.00000   2.75253780747044e+03   1.03586802033423e+07
   0.00000   5.36342884995727e+03   1.74888020076134e+07
   0.00000   2.24000000000000e+04   1.81863151737563e+08
   3.00000   2.03639013907191e+04   7.16135376569275e+18
   4.00000   2.24000000000000e+04   9.12632276211453e+22
   7.00000   2.79540348066892e+02   0.00000000000000e+00
   9.00000   3.77847722793553e+01   1.74865262116577e+10
   9.00000   1.07788932748685e+02   3.43633581269725e+16
   9.00000   3.07490380971507e+02   2.30625894002847e+21
  10.00000   3.77847722793553e+01   0.00000000000000e+00
  10.00000   5.02895683638899e+01   9.64137299814631e+12
  10.00000   5.53178052543771e+01   1.52103857743404e+13
  10.00000   1.30421213811926e+02   4.27241405283087e+17
  10.00000   1.43461468081877e+02   2.21283327220553e+18
  10.00000   3.38235017033666e+02   0.00000000000000e+00
  10.00000   4.50173230803610e+02   1.32303887244674e+24
  10.00000   4.95184109200050e+02   5.62632978280254e+24
  10.00000   1.28421290306044e+03   4.05029827024804e+28
# orbitals: 1s2 2s2 2p6 3s2 3p6 3d10 4s2 4p6 4d10
CORE 46 26 Cn
   0.00000   3.43502400342663e+01   2.64177018876424e+03
   0.00000   3.77847722793553e+01   1.95497431552842e+04
   0.00000   9.79912141743335e+01   1.39494656739737e+05
   0.00000   4.09253717894022e+02   1.25460140135177e+06
   0.00000   4.50173230803610e+02   2.64139309586085e+06
   0.00000   1.16748146975946e+03   6.91480853501540e+06
   0.00000   2.50233966453365e+03   0.00000000000000e+00
   0.00000   2.75253780747044e+03   1.23952121866318e+07
   0.00000   4.87590786681551e+03   0.00000000000000e+00
   0.00000   5.36342884995727e+03   1.63390934225027e+07
   0.00000   2.24000000000000e+04   1.83999163345873e+08
   3.00000   2.24000000000000e+04   5.94597071039638e+18
   4.00000   2.24000000000000e+04   1.24507647578820e+23
   9.00000   3.77847722793553e+01   7.74090303874098e+10
   9.00000   1.07788932748685e+02   2.62910368775694e+16
  10.00000   1.45695614472413e+01   0.00000000000000e+00
  10.00000   1.60263090139960e+01   1.01195851241864e+03
  10.00000   3.77847722793553e+01   2.15984018198462e+10
  10.00000   5.02895683638899e+01   1.66893109469248e+13
  10.00000   5.53178052543771e+01   4.21904872085039e+13
  10.00000   1.18566282916247e+02   3.79040835726229e+17
  10.00000   1.43461468081877e+02   4.18837801080850e+18
  10.00000   3.38235017033666e+02   1.61440605194863e+23
  10.00000   4.50173230803610e+02   1.03975045504678e+24
  10.00000   4.95184109200050e+02   5.91173244556074e+24
  10.00000   1.28421290306044e+03   6.14625722005371e+28
# orbitals: 1s2 2s2 2p6 3s2 3p6 3d10 4s2 4p6 4d10 4f14
CORE 60 24 Cn
   0.00000   1.60263090139960e+01   1.64225491856314e+03
   0.00000   1.76287104826152e+01   6.75402637553521e+02
   0.00000   3.77847722793553e+01   1.63212392513970e+04
   0.00000   9.79912141743335e+01   1.48600310348153e+05
   0.00000   4.09253717894022e+02   1.73363047314456e+05
   0.00000   4.50173230803610e+02   3.99863445825906e+06
   0.00000   1.28421290306044e+03   8.08987841164912e+06
   0.00000   3.02775218286209e+03   0.00000000000000e+00
   0.00000   3.33048405582148e+03   1.70521240384515e+07
   0.00000   6.48957998717972e+03   1.03512313382859e+07
   0.00000   2.24000000000000e+04   1.84168907351468e+08
   3.00000   2.03639013907191e+04   6.33317635465229e+18
   4.00000   2.24000000000000e+04   1.13339859886495e+23
   8.00000   3.07490380971507e+02   3.44848179962305e+19
   9.00000   3.77847722793553e+01   8.97539931147379e+10
   9.00000   1.18566282916247e+02   8.08630791931184e+16
  10.00000   3.77847722793553e+01   9.32000127378101e+10
  10.00000   5.02895683638899e+01   2.22394643945871e+13
  10.00000   5.53178052543771e+01   5.06348700455749e+13
  10.00000   1.18566282916247e+02   4.48176904947030e+17
  10.00000   1.30421213811926e+02   0.00000000000000e+00
  10.00000   3.38235017033666e+02   1.02736299922409e+23
  10.00000   4.95184109200050e+02   6.22971594417645e+24
  10.00000   1.28421290306044e+03   1.27410682009745e+29
# orbitals: 1s2 2s2 2p6 3s2 3p6 3d10 4s2 4p6 4d10 4f14 5s2
CORE 62 26 Cn
   0.00000   1.32452282418591e+01   1.03615330693717e+03
   0.00000   1.45695614472413e+01   6.64151762812833e+02
   0.00000   4.15627085801595e+01   2.14561753991845e+04
   0.00000   9.79912141743335e+01   1.34428338006270e+05
   0.00000   4.09253717894022e+02   2.40297480793011e+06
   0.00000   4.50173230803610e+02   1.17498310333087e+06
   0.00000   1.06136060382470e+03   6.12607502968343e+06
   0.00000   1.16748146975946e+03   0.00000000000000e+00
   0.00000   2.27488384708251e+03   2.04265157180342e+06
   0.00000   2.50233966453365e+03   9.44097490036938e+06
   0.00000   4.87590786681551e+03   5.46160038852817e+06
   0.00000   5.36342884995727e+03   1.39736453340080e+07
   0.00000   2.24000000000000e+04   1.82012125227499e+08
   3.00000   2.24000000000000e+04   5.69614456194939e+18
   4.00000   2.24000000000000e+04   1.13276143818820e+23
   5.00000   2.34628975511143e+01   7.65850220864442e+06
   8.00000   3.43502400342663e+01   0.00000000000000e+00
   8.00000   3.07490380971507e+02   3.29789536374627e+19
   9.00000   3.77847722793553e+01   3.70979382814329e+10
   9.00000   1.18566282916247e+02   9.65510505238117e+16
  10.00000   5.02895683638899e+01   1.73174694818534e+13
  10.00000   5.53178052543771e+01   5.24756155436641e+13
  10.00000   1.18566282916247e+02   3.68741084067357e+17
  10.00000   3.38235017033666e+02   1.03900273804373e+23
  10.00000   4.95184109200050e+02   7.34198200938564e+24
  10.00000   1.28421290306044e+03   0.00000000000000e+00
# orbitals: 1s2 2s2 2p6 3s2 3p6 3d10 4s2 4p6 4d10 4f14 5s2 5p6
CORE 68 26 Cn
   0.00000   9.95172456612471e+00   2.11225762875887e+02
   0.00000   1.09467545537610e+01   7.76308597612903e+02
   0.00000   4.15627085801595e+01   2.34249474396870e+04
   0.00000   9.79912141743335e+01   1.42182455983626e+05
   0.00000   4.50173230803610e+02   4.22364029310262e+06
   0.00000   4.95184109200050e+02   0.00000000000000e+00
   0.00000   1.28421290306044e+03   7.19149282728180e+06
   0.00000   1.41261580856330e+03   1.01154046809828e+06
   0.00000   3.02775218286209e+03   0.00000000000000e+00
   0.00000   3.33048405582148e+03   1.69255941013195e+07
   0.00000   7.13844508101367e+03   1.47586980449530e+07
   0.00000   2.24000000000000e+04   1.75889964762296e+08
   4.00000   2.24000000000000e+04   1.27495893699790e+23
   9.00000   2.34628975511143e+01   2.59140392158943e+08
   9.00000   1.18566282916247e+02   1.08303810713910e+17
   9.00000   3.38235017033666e+02   2.93878859365293e+21
  10.00000   2.58088514111786e+01   0.00000000000000e+00
  10.00000   2.83893670725533e+01   1.24919504014870e+09
  10.00000   5.02895683638899e+01   1.58538177654153e+13
  10.00000   5.53178052543771e+01   7.87319498452497e+13
  10.00000   1.18566282916247e+02   3.60557423438239e+17
  10.00000   1.30421213811926e+02   0.00000000000000e+00
  10.00000   3.38235017033666e+02   8.82163243522698e+22
  10.00000   4.95184109200050e+02   6.24583958557014e+24
  10.00000   1.28421290306044e+03   1.35270859660155e+29
  10.00000   1.41261580856330e+03   0.00000000000000e+00
# orbitals: 1s2 2s2 2p6 3s2 3p6 3d10 4s2 4p6 4d10 4f14 5s2 5p6 5d10
CORE 78 27 Cn
   0.00000   8.22477983940806e+00   1.46563100683121e+02
   0.00000   9.04714007732855e+00   1.01563725652930e+02
   0.00000   3.12278973573806e+01   1.60276073339542e+04
   0.00000   3.43502400342663e+01   8.17222817885590e+02
   0.00000   9.79912141743335e+01   1.53350555045107e+05
   0.00000   4.50173230803610e+02   4.20709464530797e+06
   0.00000   1.28421290306044e+03   7.95710341640782e+06
   0.00000   3.02775218286209e+03   6.65810705807339e+06
   0.00000   3.33048405582148e+03   8.71517247059744e+06
   0.00000   6.48957998717972e+03   1.58633404134812e+07
   0.00000   7.13844508101367e+03   0.00000000000000e+00
   0.00000   2.24000000000000e+04   1.77529440705824e+08
   4.00000   2.24000000000000e+04   1.23351554642912e+23
   8.00000   3.07490380971507e+02   0.00000000000000e+00
   9.00000   1.76287104826152e+01   6.43302880739022e+06
   9.00000   3.38235017033666e+02   2.99266953312111e+21
  10.00000   1.76287104826152e+01   0.00000000000000e+00
  10.00000   2.34628975511143e+01   5.83620177151945e+08
  10.00000   2.58088514111786e+01   2.72637955865026e+09
  10.00000   5.02895683638899e+01   1.70173434851604e+13
  10.00000   5.53178052543771e+01   1.13839424471114e+14
  10.00000   1.18566282916247e+02   4.14931487189241e+17
  10.00000   1.30421213811926e+02   2.72669375432017e+18
  10.00000   3.38235017033666e+02   9.16884331363131e+22
  10.00000   4.95184109200050e+02   6.61655915474746e+24
  10.00000   1.28421290306044e+03   1.26745482465283e+29
  10.00000   1.41261580856330e+03   0.00000000000000e+00
# orbitals: 1s2 2s2 2p6 3s2 3p6 3d10 4s2 4p6 4d10 4f14 5s2 5p6 5d10 6s2
CORE 80 26 Cn
   0.00000   6.17964010013284e+00   8.91157435894888e+01
   0.00000   6.79751564236425e+00   9.34487875904398e+01
   0.00000   3.12278973573806e+01   1.45998262863009e+04
   0.00000   3.43502400342663e+01   2.66468495146452e+03
   0.00000   9.79912141743335e+01   1.57819298001320e+05
   0.00000   4.50173230803610e+02   2.54625849728482e+06
   0.00000   4.95184109200050e+02   2.07620701988827e+06
   0.00000   1.28421290306044e+03   0.00000000000000e+00
   0.00000   1.41261580856330e+03   8.76810368149601e+06
   0.00000   3.33048405582148e+03   1.37514837947098e+07
   0.00000   7.13844508101367e+03   3.00597570170628e+07
   0.00000   7.85218739507265e+03   0.00000000000000e+00
   0.00000   2.24000000000000e+04   1.41187534276943e+08
   7.00000   3.07490380971507e+02   0.00000000000000e+00
   8.00000   3.07490380971507e+02   7.72223197376031e+19
  10.00000   1.45695614472413e+01   0.00000000000000e+00
  10.00000   1.60263090139960e+01   1.22846022296612e+06
  10.00000   2.34628975511143e+01   6.17430873924574e+08
  10.00000   2.58088514111786e+01   1.72904002410830e+09
  10.00000   5.02895683638899e+01   1.24403621372550e+13
  10.00000   5.53178052543771e+01   1.24741753754561e+14
  10.00000   1.18566282916247e+02   4.30144426651123e+17
  10.00000   1.30421213811926e+02   2.73621763357732e+18
  10.00000   4.95184109200050e+02   2.68566029048034e+24
  10.00000   1.28421290306044e+03   8.37628973629848e+28
  10.00000   1.41261580856330e+03   4.10513409458340e+29
# orbitals: 1s2 2s2 2p6 3s2 3p6 3d10 4s2 4p6 4d10 4f14 5s2 5p6 5d10 5f14
CORE 92 32 Cn
   0.00000   5.10727351552520e+00   6.72955740818666e+00
   0.00000   5.61792775130528e+00   7.29935704019748e+01
   0.00000   2.83893670725533e+01   8.86676048072517e+03
   0.00000   3.12278973573806e+01   6.69592723915362e+03
   0.00000   9.79912141743335e+01   1.36924449836666e+05
   0.00000   1.07788932748685e+02   1.64709406450674e+04
   0.00000   4.09253717894022e+02   1.32806863647833e+06
   0.00000   4.50173230803610e+02   2.52757616879257e+06
   0.00000   1.16748146975946e+03   7.19228107421716e+06
   0.00000   1.28421290306044e+03   0.00000000000000e+00
   0.00000   3.02775218286209e+03   1.64865694788399e+07
   0.00000   3.33048405582148e+03   0.00000000000000e+00
   0.00000   5.89969495205854e+03   0.00000000000000e+00
   0.00000   6.48957998717972e+03   1.24897238200061e+07
   0.00000   2.24000000000000e+04   1.85611478778019e+08
   3.00000   2.03639013907191e+04   2.38798292883967e+18
   4.00000   9.04714007732855e+00   1.09888380947614e+03
   4.00000   2.24000000000000e+04   1.48158573555455e+23
   8.00000   3.07490380971507e+02   3.36780351945603e+19
   9.00000   1.60263090139960e+01   3.64214958192786e+06
   9.00000   1.07788932748685e+02   1.40720252048060e+16
  10.00000   1.60263090139960e+01   0.00000000000000e+00
  10.00000   2.34628975511143e+01   1.62943896979197e+09
  10.00000   2.58088514111786e+01   8.52941728987278e+08
  10.00000   5.02895683638899e+01   1.31499665980710e+13
  10.00000   5.53178052543771e+01   1.36729083918933e+14
  10.00000   1.18566282916247e+02   0.00000000000000e+00
  10.00000   1.30421213811926e+02   2.71795550658497e+18
  10.00000   3.38235017033666e+02   1.10490690917619e+23
  10.00000   4.95184109200050e+02   7.53335411064456e+24
  10.00000   1.28421290306044e+03   3.80193112056359e+28
  10.00000   1.41261580856330e+03   0.00000000000000e+00
# orbitals: 1s2 2s2 2p6 3s2 3p6 3d10 4s2 4p6 4d10 4f14 5s2 5p6 5d10 5f14 6s2
CORE 94 31 Cn
   0.00000   5.61792775130528e+00   1.09998121825694e+02
   0.00000   2.83893670725533e+01   3.45122087667205e+03
   0.00000   3.12278973573806e+01   1.34377103832541e+04
   0.00000   9.79912141743335e+01   6.40889573530450e+04
   0.00000   1.07788932748685e+02   1.00990219627416e+05
   0.00000   4.50173230803610e+02   4.16184742092659e+06
   0.00000   1.16748146975946e+03   9.40516053593284e+05
   0.00000   1.28421290306044e+03   6.90165661817460e+06
   0.00000   3.02775218286209e+03   8.24028015118359e+06
   0.00000   3.33048405582148e+03   7.21955823097403e+06
   0.00000   6.48957998717972e+03   1.57669181208424e+07
   0.00000   7.13844508101367e+03   0.00000000000000e+00
   0.00000   2.24000000000000e+04   1.77736042061673e+08
   3.00000   2.03639013907191e+04   9.15048632923998e+17
   4.00000   9.04714007732855e+00   1.96451533866118e+03
   4.00000   2.24000000000000e+04   1.19987196352659e+23
   6.00000   1.20412732953029e+01   0.00000000000000e+00
   8.00000   1.45695614472413e+01   9.49265994587751e+05
   8.00000   3.07490380971507e+02   3.49959733534619e+19
   9.00000   1.07788932748685e+02   1.48577272591630e+16
  10.00000   1.60263090139960e+01   0.00000000000000e+00
  10.00000   2.34628975511143e+01   1.33738491779555e+09
  10.00000   2.58088514111786e+01   7.96113224814000e+08
  10.00000   5.02895683638899e+01   8.88674720336228e+12
  10.00000   5.53178052543771e+01   1.46297291295711e+14
  10.00000   1.18566282916247e+02   0.00000000000000e+00
  10.00000   1.30421213811926e+02   2.66404624832877e+18
  10.00000   3.38235017033666e+02   1.14682915221365e+23
  10.00000   4.95184109200050e+02   7.50661720887813e+24
  10.00000   1.28421290306044e+03   1.07767822511930e+29
  10.00000   1.41261580856330e+03   0.00000000000000e+00
# orbitals: 1s2 2s2 2p6 3s2 3p6 3d10 4s2 4p6 4d10 4f14 5s2 5p6 5d10 5f14 6s2 6p6
CORE 100 31 Cn
   0.00000   4.22099707098224e+00   1.88428348590862e+01
   0.00000   4.64303635024938e+00   3.27816609168126e+01
   0.00000   2.83893670725533e+01   9.53679842570399e+03
   0.00000   3.12278973573806e+01   5.79923069620241e+03
   0.00000   9.79912141743335e+01   1.56576119946600e+05
   0.00000   4.50173230803610e+02   4.20210215424481e+06
   0.00000   1.16748146975946e+03   1.27149912992560e+05
   0.00000   1.28421290306044e+03   7.83268454425754e+06
   0.00000   3.02775218286209e+03   6.17904519748092e+06
   0.00000   3.33048405582148e+03   9.41058341439260e+06
   0.00000   6.48957998717972e+03   1.51983705401619e+07
   0.00000   7.13844508101367e+03   0.00000000000000e+00
   0.00000   2.24000000000000e+04   1.79024415362610e+08
   3.00000   6.79751564236425e+00   7.72356976849951e+02
   4.00000   2.24000000000000e+04   1.28108361366165e+23
   8.00000   3.07490380971507e+02   4.26299149264938e+19
   9.00000   1.07788932748685e+02   1.31562699200963e+16
   9.00000   3.38235017033666e+02   0.00000000000000e+00
  10.00000   9.95172456612471e+00   1.65703002769417e+02
  10.00000   1.45695614472413e+01   0.00000000000000e+00
  10.00000   1.60263090139960e+01   1.98615945347965e+06
  10.00000   2.34628975511143e+01   8.61501114813908e+08
  10.00000   2.58088514111786e+01   3.00307789030023e+09
  10.00000   5.02895683638899e+01   9.12361778131375e+12
  10.00000   5.53178052543771e+01   1.51508358799370e+14
  10.00000   1.18566282916247e+02   0.00000000000000e+00
  10.00000   1.30421213811926e+02   2.86553377823103e+18
  10.00000   3.38235017033666e+02   8.58964354246344e+22
  10.00000   4.95184109200050e+02   6.21549980304945e+24
  10.00000   1.28421290306044e+03   1.24689873074015e+29
  10.00000   1.41261580856330e+03   0.00000000000000e+00
# orbitals: 1s2 2s2 2p6 3s2 3p6 3d10 4s2 4p6 4d10 4f14 5s2 5p6 5d10 6s2 5f14 6p6 7s2
CORE 102 36 Cn
   0.00000   1.47964553550916e+00   0.00000000000000e+00
   0.00000   1.62758890644162e+00   0.00000000000000e+00
   0.00000   3.83732000553554e+00   4.08323668929482e+01
   0.00000   4.22099707098224e+00   1.94739341752297e+01
   0.00000   2.83893670725533e+01   5.40758479061951e+03
   0.00000   3.12278973573806e+01   1.12066785313381e+04
   0.00000   9.79912141743335e+01   7.77791652101424e+04
   0.00000   1.07788932748685e+02   8.22462172871517e+04
   0.00000   4.09253717894022e+02   1.22724661596967e+06
   0.00000   4.50173230803610e+02   2.62712225923010e+06
   0.00000   1.16748146975946e+03   7.19656613895799e+06
   0.00000   1.28421290306044e+03   0.00000000000000e+00
   0.00000   3.02775218286209e+03   1.64815485113456e+07
   0.00000   3.33048405582148e+03   0.00000000000000e+00
   0.00000   6.48957998717972e+03   1.26199149695658e+07
   0.00000   2.24000000000000e+04   1.85509119397052e+08
   3.00000   2.03639013907191e+04   2.34867448158655e+18
   4.00000   2.24000000000000e+04   1.47359590412094e+23
   7.00000   3.17142139627927e+00   0.00000000000000e+00
   8.00000   3.07490380971507e+02   3.19727464903717e+19
   9.00000   1.07788932748685e+02   1.42588901285338e+16
  10.00000   3.48851813381068e+00   3.85595767036325e-04
  10.00000   5.10727351552520e+00   2.81441656470928e-01
  10.00000   5.61792775130528e+00   1.97272506912396e-01
  10.00000   1.45695614472413e+01   6.23641433835243e+05
  10.00000   1.60263090139960e+01   1.97081352213643e+06
  10.00000   2.34628975511143e+01   1.02365289280106e+09
  10.00000   2.58088514111786e+01   2.46821128410235e+09
  10.00000   5.02895683638899e+01   7.38115226615510e+12
  10.00000   5.53178052543771e+01   1.55681055457491e+14
  10.00000   1.18566282916247e+02   0.00000000000000e+00
  10.00000   1.30421213811926e+02   2.75069101170477e+18
  10.00000   3.38235017033666e+02   1.21642914156126e+23
  10.00000   4.95184109200050e+02   8.21089362807960e+24
  10.00000   1.28421290306044e+03   2.93624367220591e+28
  10.00000   1.41261580856330e+03   0.00000000000000e+00
# orbitals: 1s2 2s2 2p6 3s2 3p6 3d10 4s2 4p6 4d10 4f14 5s2 5p6 5d10 5f14 6s2 6p6 6d10
CORE 110 32 Cn
   0.00000   1.96933131585840e+00   2.21855297197908e+00
   0.00000   3.17142139627927e+00   2.42530049934579e+01
   0.00000   3.48851813381068e+00   1.68080986243848e+01
   0.00000   2.83893670725533e+01   5.21400875176970e+03
   0.00000   3.12278973573806e+01   1.16524558680881e+04
   0.00000   9.79912141743335e+01   6.43723566811309e+04
   0.00000   1.07788932748685e+02   1.01371207777753e+05
   0.00000   4.50173230803610e+02   4.16738346200186e+06
   0.00000   1.28421290306044e+03   8.16175449581351e+06
   0.00000   3.02775218286209e+03   0.00000000000000e+00
   0.00000   3.33048405582148e+03   1.67792613559459e+07
   0.00000   6.48957998717972e+03   1.18558683424844e+07
   0.00000   7.13844508101367e+03   7.70652310823202e+04
   0.00000   2.24000000000000e+04   1.84602294254670e+08
   4.00000   2.24000000000000e+04   1.42338485794472e+23
   8.00000   3.07490380971507e+02   3.66154248511512e+19
   9.00000   1.07788932748685e+02   1.45147483568299e+16
   9.00000   3.38235017033666e+02   0.00000000000000e+00
  10.00000   1.79032449650872e+00   0.00000000000000e+00
  10.00000   5.10727351552520e+00   2.11162026824701e-02
  10.00000   5.61792775130528e+00   8.00550535644418e-02
  10.00000   1.45695614472413e+01   2.88808898856892e+05
  10.00000   2.34628975511143e+01   1.07141780583431e+09
  10.00000   2.58088514111786e+01   2.73404558423131e+09
  10.00000   5.02895683638899e+01   6.95391923940815e+12
  10.00000   5.53178052543771e+01   1.60424589459500e+14
  10.00000   1.18566282916247e+02   0.00000000000000e+00
  10.00000   1.30421213811926e+02   2.72819538381162e+18
  10.00000   3.38235017033666e+02   1.10992910973080e+23
  10.00000   4.95184109200050e+02   7.41613894962932e+24
  10.00000   1.28421290306044e+03   1.01040068922450e+29
  10.00000   1.41261580856330e+03   0.00000000000000e+00
