# Free-atom, free-ion and frozen-core density fits -- Sg (Z = 106)
#
#   rho(r) = sum_i c_i r^n_i exp(-alpha_i r)      r in bohr, rho in e/bohr^3
#
# All-electron B86BPBE densities (scalar-relativistic, spin-restricted),
# fitted with rhofit.py (monotone decay imposed).  Two kinds of block:
#
#   STATE <N> <q> <nterm> <symbol>
#     the atom or ion with N electrons (charge q), in order of increasing N;
#   CORE <N_core> <nterm> <symbol>
#     the frozen core of the neutral atom with N_core electrons, for a
#     pseudopotential with Z - N_core valence electrons, in order of
#     increasing N_core, each preceded by a '# orbitals:' comment.
#
# Each block header is followed by nterm lines:   n   alpha   c
#
# Generated 2026-09-23 by combine_fits.py from
#   /home/alberto/doc/manuals/critic2/atomic_density_fits/15_rhofit/rho_b86bpbe_mono/fit_106_Sg.dat
#     recipe: --npow 0,1,2,3,4,5,6,7,8,9,10 --amin 0.2 --ratio 1.1 --mom 3 --cusp none --targetz 1e-3 --besteffort --monotone --stats
#   /home/alberto/doc/manuals/critic2/atomic_density_fits/15_rhofit/core_b86bpbe_mono/core_106_Sg.dat
#     recipe: --npow 0,1,2,3,4,5,6,7,8,9,10 --amin 0.2 --ratio 1.1 --mom 3 --cusp none --besteffort --monotone --stats --target 1e-3*N_core
#
STATE 100 +6 26 Sg
   0.00000   3.78400740684064e+00   0.00000000000000e+00
   0.00000   4.16047588896075e+00   4.84483390404624e+01
   0.00000   2.52215987062325e+01   6.66555318701027e+03
   0.00000   2.77308794662048e+01   3.57444545129089e+03
   0.00000   7.87163578990468e+01   6.46798001855330e+04
   0.00000   8.65477981131185e+01   4.82846841188521e+04
   0.00000   3.94741266570001e+02   1.66257920113241e+06
   0.00000   4.34013823274602e+02   1.60549084270248e+06
   0.00000   1.23198355420542e+03   8.70956199451807e+04
   0.00000   1.35455281181581e+03   5.65156273893236e+06
   0.00000   3.84500837984588e+03   1.10062999769295e+07
   0.00000   9.02852023604825e+03   1.30760165295881e+07
   0.00000   2.12000000000000e+04   5.19440169180708e+07
   3.00000   6.08004979665510e+00   5.13340878586234e+02
   4.00000   6.68495007090496e+00   0.00000000000000e+00
   7.00000   2.70114814330275e+02   4.95299171809406e+17
   9.00000   8.88528296195457e+00   6.00182249605949e+01
   9.00000   2.96988364832644e+02   4.25687265826706e+20
  10.00000   8.88528296195457e+00   1.20462292093563e+02
  10.00000   2.08636624683344e+01   7.52138312283877e+07
  10.00000   2.29393749330406e+01   7.91766519805001e+08
  10.00000   4.89902700292652e+01   2.92370382108846e+13
  10.00000   5.38642807310492e+01   2.51948626928691e+13
  10.00000   1.15034767322514e+02   6.67508744385842e+17
  10.00000   1.26479502913321e+02   5.69074456460852e+17
  10.00000   1.23198355420542e+03   1.36427255779007e+29
STATE 101 +5 29 Sg
   0.00000   3.44160438305089e+00   3.42996416662879e+01
   0.00000   3.78400740684064e+00   9.68246948443262e+00
   0.00000   2.52215987062325e+01   3.70821062693591e+03
   0.00000   2.77308794662048e+01   8.00015726210275e+03
   0.00000   8.65477981131185e+01   1.13535124773770e+05
   0.00000   3.94741266570001e+02   2.94411437321638e+06
   0.00000   4.34013823274602e+02   0.00000000000000e+00
   0.00000   1.12050520628872e+03   2.46412169480927e+06
   0.00000   1.23198355420542e+03   2.28833908814211e+06
   0.00000   2.89283854566480e+03   7.39437285287802e+06
   0.00000   6.79271636599187e+03   1.54630140974514e+07
   0.00000   7.46851938243271e+03   0.00000000000000e+00
   0.00000   2.12000000000000e+04   5.53840259586910e+07
   3.00000   6.08004979665510e+00   2.05809323714980e+02
   4.00000   6.68495007090496e+00   0.00000000000000e+00
   5.00000   8.08128142963703e+00   5.16131839117841e+02
   7.00000   2.70114814330275e+02   0.00000000000000e+00
   9.00000   2.96988364832644e+02   1.36493562830838e+21
  10.00000   3.13018434055457e+00   1.01345428940322e-06
  10.00000   2.08636624683344e+01   8.64965286036775e+07
  10.00000   2.29393749330406e+01   7.63253781557617e+08
  10.00000   4.89902700292652e+01   2.90197360748259e+13
  10.00000   5.38642807310492e+01   2.66647049498265e+13
  10.00000   1.15034767322514e+02   6.63664209530080e+17
  10.00000   1.26479502913321e+02   5.03129900252067e+17
  10.00000   4.34013823274602e+02   6.52782659099144e+23
  10.00000   4.77193581583730e+02   1.74315154156927e+24
  10.00000   1.12050520628872e+03   1.74600989768525e+28
  10.00000   1.23198355420542e+03   1.58514520351600e+28
STATE 102 +4 31 Sg
   0.00000   3.13018434055457e+00   1.57789259153726e+01
   0.00000   3.44160438305089e+00   2.96650872293277e+01
   0.00000   2.52215987062325e+01   0.00000000000000e+00
   0.00000   2.77308794662048e+01   1.32455329602634e+04
   0.00000   8.65477981131185e+01   2.11125836153829e+04
   0.00000   9.51583833164088e+01   9.99177867965579e+04
   0.00000   3.94741266570001e+02   2.91961335451190e+06
   0.00000   1.12050520628872e+03   2.35784222140290e+06
   0.00000   1.23198355420542e+03   2.55951096141518e+06
   0.00000   2.89283854566480e+03   0.00000000000000e+00
   0.00000   3.18064520649115e+03   9.32349853028947e+06
   0.00000   6.79271636599187e+03   1.60757260920574e+06
   0.00000   7.46851938243271e+03   6.34442110199561e+06
   0.00000   2.12000000000000e+04   7.08004118465432e+07
   4.00000   2.12000000000000e+04   4.14616150498940e+22
   5.00000   8.08128142963703e+00   6.91506343990041e+02
   7.00000   2.70114814330275e+02   0.00000000000000e+00
   9.00000   2.96988364832644e+02   1.53946378457849e+21
  10.00000   4.57439898012142e+00   4.04589029536546e-03
  10.00000   5.02950301547422e+00   1.44239738541477e-02
  10.00000   1.29848037358893e+01   3.55238471551657e+04
  10.00000   2.08636624683344e+01   1.06443732433719e+08
  10.00000   2.29393749330406e+01   7.16325521271649e+08
  10.00000   4.89902700292652e+01   2.85270360238611e+13
  10.00000   5.38642807310492e+01   2.90281106328822e+13
  10.00000   1.15034767322514e+02   6.81751674788505e+17
  10.00000   1.26479502913321e+02   3.71151077912343e+17
  10.00000   4.34013823274602e+02   4.18176789722308e+23
  10.00000   4.77193581583730e+02   2.94385483509099e+24
  10.00000   1.12050520628872e+03   1.97361162162890e+28
  10.00000   1.23198355420542e+03   0.00000000000000e+00
STATE 103 +3 29 Sg
   0.00000   1.61150884179326e+00   0.00000000000000e+00
   0.00000   3.13018434055457e+00   3.47704368470159e+01
   0.00000   3.44160438305089e+00   6.22542770044936e+00
   0.00000   2.52215987062325e+01   4.11957027662463e+03
   0.00000   2.77308794662048e+01   7.47231009744286e+03
   0.00000   8.65477981131185e+01   1.17254873511343e+05
   0.00000   3.94741266570001e+02   2.35662840980881e+06
   0.00000   4.34013823274602e+02   7.13018808770406e+05
   0.00000   1.23198355420542e+03   4.99392460647064e+06
   0.00000   1.35455281181581e+03   1.57659683420199e+05
   0.00000   3.49708556833760e+03   1.06690911698977e+07
   0.00000   7.46851938243271e+03   0.00000000000000e+00
   0.00000   8.21155760971159e+03   1.18737665893571e+07
   0.00000   2.12000000000000e+04   5.80024602403644e+07
   7.00000   2.70114814330275e+02   0.00000000000000e+00
   9.00000   1.29848037358893e+01   7.96370242765654e+04
   9.00000   2.96988364832644e+02   1.31222694055183e+21
  10.00000   4.57439898012142e+00   2.03655370104090e-02
  10.00000   5.02950301547422e+00   2.84644770876985e-02
  10.00000   1.29848037358893e+01   1.40417410044068e+04
  10.00000   2.08636624683344e+01   9.88702455137098e+07
  10.00000   2.29393749330406e+01   7.76664692804717e+08
  10.00000   4.89902700292652e+01   2.92487698387192e+13
  10.00000   5.38642807310492e+01   2.60351023146408e+13
  10.00000   1.15034767322514e+02   6.61479299018515e+17
  10.00000   1.26479502913321e+02   5.11385483108997e+17
  10.00000   4.34013823274602e+02   8.60465860001163e+23
  10.00000   4.77193581583730e+02   7.15245196994008e+23
  10.00000   1.23198355420542e+03   8.42382141286046e+28
STATE 104 +2 30 Sg
   0.00000   1.77183682806948e+00   4.51579516709545e-01
   0.00000   1.94811574338607e+00   0.00000000000000e+00
   0.00000   3.13018434055457e+00   2.23811099081457e+01
   0.00000   3.44160438305089e+00   1.91266367170742e+01
   0.00000   2.52215987062325e+01   4.15107807731359e+03
   0.00000   2.77308794662048e+01   7.42767341259383e+03
   0.00000   8.65477981131185e+01   1.17231131379531e+05
   0.00000   3.94741266570001e+02   2.36678365125685e+06
   0.00000   4.34013823274602e+02   7.00172077303835e+05
   0.00000   1.23198355420542e+03   5.12267154312030e+06
   0.00000   1.35455281181581e+03   0.00000000000000e+00
   0.00000   3.49708556833760e+03   1.09270227346725e+07
   0.00000   3.84500837984588e+03   0.00000000000000e+00
   0.00000   9.02852023604825e+03   1.41960344707204e+07
   0.00000   2.12000000000000e+04   5.23819823948795e+07
   7.00000   2.70114814330275e+02   0.00000000000000e+00
   9.00000   1.29848037358893e+01   1.19066932345741e+05
   9.00000   2.96988364832644e+02   1.31438828051903e+21
  10.00000   4.57439898012142e+00   4.40751739245371e-02
  10.00000   5.02950301547422e+00   9.48133820344221e-02
  10.00000   1.29848037358893e+01   0.00000000000000e+00
  10.00000   2.08636624683344e+01   9.11499053344573e+07
  10.00000   2.29393749330406e+01   7.97488672145745e+08
  10.00000   4.89902700292652e+01   2.92367301245080e+13
  10.00000   5.38642807310492e+01   2.59700954125306e+13
  10.00000   1.15034767322514e+02   6.59858310457188e+17
  10.00000   1.26479502913321e+02   5.16001164794075e+17
  10.00000   4.34013823274602e+02   8.53738858574687e+23
  10.00000   4.77193581583730e+02   7.39854356936707e+23
  10.00000   1.23198355420542e+03   8.39869594694232e+28
STATE 105 +1 33 Sg
   0.00000   1.61150884179326e+00   3.24777954573639e-01
   0.00000   1.77183682806948e+00   0.00000000000000e+00
   0.00000   3.13018434055457e+00   1.83732045009047e+01
   0.00000   3.44160438305089e+00   2.41426639922439e+01
   0.00000   2.52215987062325e+01   3.94018367297232e+03
   0.00000   2.77308794662048e+01   7.72958634674968e+03
   0.00000   8.65477981131185e+01   1.13365677228507e+05
   0.00000   3.94741266570001e+02   2.94983905335971e+06
   0.00000   1.12050520628872e+03   1.79320365622870e+06
   0.00000   1.23198355420542e+03   3.19019049118181e+06
   0.00000   2.89283854566480e+03   0.00000000000000e+00
   0.00000   3.18064520649115e+03   8.93862485096973e+06
   0.00000   6.79271636599187e+03   6.57030325762914e+06
   0.00000   7.46851938243271e+03   1.70407650189260e+06
   0.00000   2.12000000000000e+04   7.05595760921469e+07
   4.00000   2.12000000000000e+04   3.72245852839684e+22
   7.00000   2.70114814330275e+02   0.00000000000000e+00
   8.00000   3.44160438305089e+00   1.58941227997825e-02
   9.00000   1.29848037358893e+01   1.31957368768028e+05
   9.00000   2.96988364832644e+02   1.37307274826389e+21
  10.00000   4.57439898012142e+00   0.00000000000000e+00
  10.00000   5.02950301547422e+00   2.98276778825771e-01
  10.00000   1.29848037358893e+01   1.24970350667705e+02
  10.00000   2.08636624683344e+01   8.80807460149111e+07
  10.00000   2.29393749330406e+01   7.99777931884105e+08
  10.00000   4.89902700292652e+01   2.91548616177820e+13
  10.00000   5.38642807310492e+01   2.61453838734874e+13
  10.00000   1.15034767322514e+02   6.58189672444262e+17
  10.00000   1.26479502913321e+02   5.15940298608668e+17
  10.00000   4.34013823274602e+02   6.22277327299682e+23
  10.00000   4.77193581583730e+02   1.85560645718140e+24
  10.00000   1.12050520628872e+03   1.94371850121343e+28
  10.00000   1.23198355420542e+03   9.23017239550187e+27
STATE 106 +0 32 Sg
   0.00000   1.33306286138011e+00   1.47352114681248e-01
   0.00000   1.46568843475695e+00   5.91034296689972e-01
   0.00000   3.44160438305089e+00   4.55571353360806e+01
   0.00000   3.78400740684064e+00   0.00000000000000e+00
   0.00000   2.52215987062325e+01   3.09992987309335e+03
   0.00000   2.77308794662048e+01   8.73758560199329e+03
   0.00000   8.65477981131185e+01   1.12583873220395e+05
   0.00000   3.94741266570001e+02   2.81069388880225e+06
   0.00000   4.34013823274602e+02   1.91981252944841e+05
   0.00000   1.23198355420542e+03   5.32144819900894e+06
   0.00000   1.35455281181581e+03   0.00000000000000e+00
   0.00000   3.18064520649115e+03   0.00000000000000e+00
   0.00000   3.49708556833760e+03   9.91930698508781e+06
   0.00000   7.46851938243271e+03   1.15691749006846e+07
   0.00000   2.12000000000000e+04   5.90799762236952e+07
   7.00000   2.84694372604423e+00   2.15832041068703e-03
   7.00000   2.70114814330275e+02   8.48323814399319e+16
   9.00000   1.29848037358893e+01   6.40177064931972e+04
   9.00000   2.96988364832644e+02   1.24507045451780e+21
  10.00000   4.57439898012142e+00   5.08232196085351e-02
  10.00000   5.02950301547422e+00   0.00000000000000e+00
  10.00000   1.29848037358893e+01   6.54651026428968e+04
  10.00000   2.08636624683344e+01   1.09551261556173e+08
  10.00000   2.29393749330406e+01   7.29948539846345e+08
  10.00000   4.89902700292652e+01   2.87088788996570e+13
  10.00000   5.38642807310492e+01   2.74397051487907e+13
  10.00000   1.15034767322514e+02   6.67771286829757e+17
  10.00000   1.26479502913321e+02   4.92791919331150e+17
  10.00000   4.34013823274602e+02   4.21005588014886e+23
  10.00000   4.77193581583730e+02   2.00294250063825e+24
  10.00000   1.12050520628872e+03   2.50569884574174e+28
  10.00000   1.23198355420542e+03   4.52689258862341e+26
STATE 107 -1 31 Sg
   0.00000   1.33306286138011e+00   5.48256273037284e-01
   0.00000   1.46568843475695e+00   2.39645287301725e-01
   0.00000   3.44160438305089e+00   4.53701377363606e+01
   0.00000   3.78400740684064e+00   0.00000000000000e+00
   0.00000   2.52215987062325e+01   3.03774393394048e+03
   0.00000   2.77308794662048e+01   8.81763240508991e+03
   0.00000   8.65477981131185e+01   1.12474702833367e+05
   0.00000   3.94741266570001e+02   2.81445519429090e+06
   0.00000   4.34013823274602e+02   1.87892070255929e+05
   0.00000   1.23198355420542e+03   5.32241410107945e+06
   0.00000   1.35455281181581e+03   0.00000000000000e+00
   0.00000   3.18064520649115e+03   0.00000000000000e+00
   0.00000   3.49708556833760e+03   9.91632528654128e+06
   0.00000   7.46851938243271e+03   1.15772366865674e+07
   0.00000   2.12000000000000e+04   5.90580144073651e+07
   7.00000   3.13018434055457e+00   5.08357766901894e-03
   7.00000   2.70114814330275e+02   9.43642006253199e+16
   9.00000   1.29848037358893e+01   6.25688943351971e+04
   9.00000   2.96988364832644e+02   1.23099098909054e+21
  10.00000   4.57439898012142e+00   3.85072376745251e-02
  10.00000   1.29848037358893e+01   5.87481539808454e+04
  10.00000   2.08636624683344e+01   1.10919608586866e+08
  10.00000   2.29393749330406e+01   7.28793508756587e+08
  10.00000   4.89902700292652e+01   2.86926515004378e+13
  10.00000   5.38642807310492e+01   2.75640340436261e+13
  10.00000   1.15034767322514e+02   6.68529632098556e+17
  10.00000   1.26479502913321e+02   4.90645146777716e+17
  10.00000   4.34013823274602e+02   3.98310607399051e+23
  10.00000   4.77193581583730e+02   2.02139884186372e+24
  10.00000   1.12050520628872e+03   2.52820942486730e+28
  10.00000   1.23198355420542e+03   0.00000000000000e+00
# orbitals: 1s2
CORE 2 12 Sg
   0.00000   1.15034767322514e+02   0.00000000000000e+00
   0.00000   1.26479502913321e+02   5.90775942295941e+02
   0.00000   2.23442787252461e+02   2.44221087245899e+05
   0.00000   2.45672967564886e+02   4.69996802942804e+05
   0.00000   3.94741266570001e+02   1.23768137152023e+06
   0.00000   4.34013823274602e+02   0.00000000000000e+00
   0.00000   7.66742880425727e+02   1.99099702491574e+06
   0.00000   8.43025640297827e+02   4.26667012758894e+04
   0.00000   1.63748754552895e+03   4.21688348883603e+06
   0.00000   1.80040013646136e+03   0.00000000000000e+00
   0.00000   4.64814164463025e+03   0.00000000000000e+00
   0.00000   5.11058229061572e+03   1.67706019375357e+07
# orbitals: 1s2 2s2
CORE 4 18 Sg
   0.00000   7.87163578990468e+01   5.85337694604623e+03
   0.00000   8.65477981131185e+01   2.13111630451743e+04
   0.00000   3.26535547724981e+02   1.88583034082777e+06
   0.00000   3.59022360987569e+02   2.69546757056312e+05
   0.00000   8.43025640297827e+02   3.22898623102022e+06
   0.00000   1.97952079710202e+03   5.48088322129625e+06
   0.00000   2.17646205796292e+03   0.00000000000000e+00
   0.00000   4.22754580984215e+03   0.00000000000000e+00
   0.00000   4.64814164463025e+03   1.04990304101569e+07
   0.00000   6.79271636599187e+03   0.00000000000000e+00
   0.00000   2.12000000000000e+04   7.11145330559610e+07
   3.00000   2.12000000000000e+04   5.01798326923030e+18
   4.00000   1.39062867944533e+02   9.49577373345323e+10
   4.00000   2.12000000000000e+04   2.49129450526561e+22
   5.00000   1.52898143932551e+02   0.00000000000000e+00
   5.00000   1.68109882699555e+02   1.88471855610959e+12
  10.00000   3.26535547724981e+02   1.16811989931226e+22
  10.00000   9.26897723269312e+02   1.26080202981528e+27
# orbitals: 1s2 2s2 2p6
CORE 10 16 Sg
   0.00000   7.87163578990468e+01   8.38350936501351e+04
   0.00000   3.59022360987569e+02   1.78783589984933e+06
   0.00000   3.94741266570001e+02   8.51360457965189e+05
   0.00000   1.12050520628872e+03   4.69780656625859e+06
   0.00000   1.23198355420542e+03   0.00000000000000e+00
   0.00000   2.89283854566480e+03   3.49702710882996e+05
   0.00000   3.18064520649115e+03   8.68574430840404e+06
   0.00000   7.46851938243271e+03   1.28008562123598e+07
   0.00000   2.12000000000000e+04   5.45500545164423e+07
   3.00000   1.15034767322514e+02   2.09676198193666e+09
   3.00000   1.26479502913321e+02   6.79184819989691e+09
   4.00000   1.39062867944533e+02   0.00000000000000e+00
   8.00000   2.70114814330275e+02   3.52760061534375e+18
  10.00000   3.59022360987569e+02   1.93861837804896e+22
  10.00000   1.01911418625217e+03   8.93675579677101e+27
  10.00000   1.12050520628872e+03   1.49980782424117e+27
# orbitals: 1s2 2s2 2p6 3s2
CORE 12 20 Sg
   0.00000   3.68584220117787e+01   0.00000000000000e+00
   0.00000   4.05254428963129e+01   3.20802432719065e+03
   0.00000   7.15935602751241e+01   8.81326491857122e+04
   0.00000   3.59022360987569e+02   4.11736258500204e+05
   0.00000   3.94741266570001e+02   2.55582070493029e+06
   0.00000   1.23198355420542e+03   5.30597729410261e+06
   0.00000   1.35455281181581e+03   0.00000000000000e+00
   0.00000   3.49708556833760e+03   9.89252958882765e+06
   0.00000   8.21155760971159e+03   1.39328018118048e+07
   0.00000   9.02852023604825e+03   0.00000000000000e+00
   0.00000   2.12000000000000e+04   5.13583085010547e+07
   7.00000   2.23442787252461e+02   8.84375923297991e+16
   8.00000   2.45672967564886e+02   0.00000000000000e+00
   9.00000   7.87163578990468e+01   3.24107869599837e+13
  10.00000   1.04625630146679e+02   2.38492881166944e+16
  10.00000   1.15034767322514e+02   3.27734882972840e+16
  10.00000   2.70114814330275e+02   1.92985036154173e+21
  10.00000   3.94741266570001e+02   3.50785434372911e+23
  10.00000   1.12050520628872e+03   3.19242604453869e+28
  10.00000   1.23198355420542e+03   0.00000000000000e+00
# orbitals: 1s2 2s2 2p6 3s2 3p6
CORE 18 21 Sg
   0.00000   3.35232184056396e+01   2.19436289998951e+03
   0.00000   7.87163578990468e+01   1.15139030596019e+05
   0.00000   3.94741266570001e+02   2.96009684361389e+06
   0.00000   1.12050520628872e+03   2.11865541396415e+05
   0.00000   1.23198355420542e+03   5.00610847534867e+06
   0.00000   3.18064520649115e+03   1.95039404426093e+05
   0.00000   3.49708556833760e+03   9.96069943506608e+06
   0.00000   7.46851938243271e+03   0.00000000000000e+00
   0.00000   8.21155760971159e+03   1.30540551740059e+07
   0.00000   2.12000000000000e+04   5.37700683597622e+07
   7.00000   7.15935602751241e+01   2.04386901965015e+12
   7.00000   2.45672967564886e+02   1.82410303977251e+17
   8.00000   7.15935602751241e+01   5.76360063591349e+12
   8.00000   2.45672967564886e+02   4.17301808822451e+18
   9.00000   7.87163578990468e+01   0.00000000000000e+00
   9.00000   2.70114814330275e+02   0.00000000000000e+00
  10.00000   1.04625630146679e+02   3.14449017701648e+16
  10.00000   1.15034767322514e+02   2.31034107162162e+17
  10.00000   4.34013823274602e+02   9.61740375344046e+23
  10.00000   1.12050520628872e+03   2.48329855118479e+28
  10.00000   1.23198355420542e+03   6.43834088629427e+27
# orbitals: 1s2 2s2 2p6 3s2 3p6 3d10
CORE 28 19 Sg
   0.00000   3.35232184056396e+01   1.08363511350559e+04
   0.00000   3.68584220117787e+01   4.38958038998986e+03
   0.00000   8.65477981131185e+01   1.02902373902472e+05
   0.00000   3.94741266570001e+02   2.95494798686373e+06
   0.00000   1.12050520628872e+03   8.40198748409880e+05
   0.00000   1.23198355420542e+03   4.17448264229557e+06
   0.00000   2.89283854566480e+03   0.00000000000000e+00
   0.00000   3.18064520649115e+03   8.39014037158912e+06
   0.00000   7.46851938243271e+03   1.50140976903931e+07
   0.00000   2.12000000000000e+04   5.21227614704426e+07
   7.00000   7.15935602751241e+01   5.30886420598993e+12
   8.00000   2.70114814330275e+02   1.14070170277775e+19
  10.00000   7.87163578990468e+01   2.26483189004960e+14
  10.00000   1.15034767322514e+02   3.94629081505412e+17
  10.00000   1.26479502913321e+02   1.58822576833652e+17
  10.00000   2.96988364832644e+02   1.24513748949554e+22
  10.00000   4.34013823274602e+02   1.10170031999225e+24
  10.00000   1.12050520628872e+03   2.30511950638626e+28
  10.00000   1.23198355420542e+03   1.47446492696343e+28
# orbitals: 1s2 2s2 2p6 3s2 3p6 3d10 4s2
CORE 30 22 Sg
   0.00000   2.52215987062325e+01   8.58422303146179e+03
   0.00000   8.65477981131185e+01   1.14512421955203e+05
   0.00000   9.51583833164088e+01   0.00000000000000e+00
   0.00000   3.94741266570001e+02   2.94706873070775e+06
   0.00000   1.12050520628872e+03   2.15016822239264e+06
   0.00000   1.23198355420542e+03   2.62479436553040e+06
   0.00000   2.63107461159306e+03   0.00000000000000e+00
   0.00000   2.89283854566480e+03   7.24366703919069e+06
   0.00000   6.79271636599187e+03   1.56471061396774e+07
   0.00000   7.46851938243271e+03   0.00000000000000e+00
   0.00000   2.12000000000000e+04   5.45110625681447e+07
   8.00000   8.65477981131185e+01   1.38697371392702e+14
   8.00000   2.70114814330275e+02   8.79853163648508e+18
   9.00000   9.51583833164088e+01   1.85375877282482e+15
  10.00000   4.45572933485185e+01   1.55512793215357e+11
  10.00000   4.89902700292652e+01   9.46970059005479e+11
  10.00000   1.15034767322514e+02   1.93177834021208e+17
  10.00000   1.26479502913321e+02   3.80904979735005e+17
  10.00000   2.96988364832644e+02   2.10849704270060e+22
  10.00000   4.34013823274602e+02   1.50763350277191e+24
  10.00000   1.12050520628872e+03   1.81318510797086e+28
  10.00000   1.23198355420542e+03   1.54980186480228e+28
# orbitals: 1s2 2s2 2p6 3s2 3p6 3d10 4s2 4p6
CORE 36 24 Sg
   0.00000   1.89757747481433e+01   0.00000000000000e+00
   0.00000   2.77308794662048e+01   9.62195042812250e+03
   0.00000   8.65477981131185e+01   1.19270238198856e+05
   0.00000   9.51583833164088e+01   0.00000000000000e+00
   0.00000   3.94741266570001e+02   2.90490455262545e+06
   0.00000   4.34013823274602e+02   0.00000000000000e+00
   0.00000   1.12050520628872e+03   3.99722573428606e+06
   0.00000   1.23198355420542e+03   4.31746986707418e+05
   0.00000   2.89283854566480e+03   8.56579084216144e+06
   0.00000   6.17806465594047e+03   0.00000000000000e+00
   0.00000   6.79271636599187e+03   8.21478076294268e+06
   0.00000   2.12000000000000e+04   7.26233242716731e+07
   4.00000   2.12000000000000e+04   4.86106801968354e+22
   9.00000   3.35232184056396e+01   1.53509281442127e+08
   9.00000   1.04625630146679e+02   0.00000000000000e+00
   9.00000   2.96988364832644e+02   7.22529072123679e+20
  10.00000   3.68584220117787e+01   3.92965690141127e+10
  10.00000   4.45572933485185e+01   7.72093883791823e+11
  10.00000   4.89902700292652e+01   7.74754648440180e+12
  10.00000   1.04625630146679e+02   1.71426773947623e+17
  10.00000   1.26479502913321e+02   1.15321784799421e+18
  10.00000   2.96988364832644e+02   1.72278003852188e+22
  10.00000   4.34013823274602e+02   1.53433844311635e+24
  10.00000   1.23198355420542e+03   6.08491820909158e+28
# orbitals: 1s2 2s2 2p6 3s2 3p6 3d10 4s2 4p6 4d10
CORE 46 26 Sg
   0.00000   1.42766535732445e+01   5.27328165052416e+01
   0.00000   3.04898069676745e+01   2.33214355158903e+03
   0.00000   3.35232184056396e+01   1.42253895600887e+04
   0.00000   9.51583833164088e+01   1.19845807349108e+05
   0.00000   3.94741266570001e+02   2.89165711139280e+06
   0.00000   1.12050520628872e+03   3.58068037766328e+06
   0.00000   1.23198355420542e+03   9.91838947650767e+05
   0.00000   2.63107461159306e+03   0.00000000000000e+00
   0.00000   2.89283854566480e+03   7.93304273579585e+06
   0.00000   6.17806465594047e+03   6.20175507799809e+06
   0.00000   6.79271636599187e+03   3.30037964363097e+06
   0.00000   2.12000000000000e+04   7.04037455468470e+07
   4.00000   2.12000000000000e+04   3.68342459987330e+22
   8.00000   3.35232184056396e+01   3.90604968799222e+09
   9.00000   3.35232184056396e+01   8.98765318216812e+09
   9.00000   1.04625630146679e+02   3.06735644839536e+16
   9.00000   2.96988364832644e+02   7.51139424965471e+20
  10.00000   4.45572933485185e+01   1.32205457966119e+12
  10.00000   4.89902700292652e+01   1.50275853941177e+13
  10.00000   1.26479502913321e+02   0.00000000000000e+00
  10.00000   1.39062867944533e+02   5.23244260551400e+17
  10.00000   2.96988364832644e+02   1.70597312629477e+22
  10.00000   4.34013823274602e+02   1.60792424739663e+24
  10.00000   4.77193581583730e+02   1.47757965158645e+23
  10.00000   1.12050520628872e+03   5.56988816167375e+27
  10.00000   1.23198355420542e+03   3.18830965865413e+28
# orbitals: 1s2 2s2 2p6 3s2 3p6 3d10 4s2 4p6 4d10 4f14
CORE 60 26 Sg
   0.00000   1.42766535732445e+01   1.17926920467641e+03
   0.00000   1.56970287265165e+01   2.54907104653406e+02
   0.00000   3.35232184056396e+01   1.25569464151467e+04
   0.00000   8.65477981131185e+01   1.07314274280979e+05
   0.00000   9.51583833164088e+01   0.00000000000000e+00
   0.00000   3.94741266570001e+02   2.96304619056935e+06
   0.00000   1.12050520628872e+03   1.16922010098825e+06
   0.00000   1.23198355420542e+03   3.87778695926991e+06
   0.00000   2.89283854566480e+03   0.00000000000000e+00
   0.00000   3.18064520649115e+03   8.48674045188863e+06
   0.00000   6.79271636599187e+03   9.74076986142917e+06
   0.00000   7.46851938243271e+03   0.00000000000000e+00
   0.00000   2.12000000000000e+04   6.69744275846917e+07
   4.00000   2.12000000000000e+04   2.71048617105379e+22
   8.00000   3.35232184056396e+01   9.70581770844802e+09
   9.00000   3.35232184056396e+01   1.00020970560114e+10
   9.00000   1.04625630146679e+02   2.02338430717148e+16
   9.00000   2.96988364832644e+02   1.41255743734741e+21
  10.00000   4.45572933485185e+01   0.00000000000000e+00
  10.00000   4.89902700292652e+01   2.21853398603300e+13
  10.00000   1.15034767322514e+02   1.74134356475070e+17
  10.00000   1.26479502913321e+02   2.64355568263627e+17
  10.00000   4.34013823274602e+02   2.88145292343966e+23
  10.00000   4.77193581583730e+02   2.57869744092726e+24
  10.00000   1.12050520628872e+03   2.69270710126849e+28
  10.00000   1.23198355420542e+03   0.00000000000000e+00
# orbitals: 1s2 2s2 2p6 3s2 3p6 3d10 4s2 4p6 4d10 4f14 5s2
CORE 62 28 Sg
   0.00000   1.18098493596247e+01   8.14503274632861e+02
   0.00000   1.29848037358893e+01   3.45575507778969e+02
   0.00000   3.68584220117787e+01   1.46099890913329e+04
   0.00000   8.65477981131185e+01   1.06532400970569e+05
   0.00000   3.59022360987569e+02   3.61906825180730e+05
   0.00000   3.94741266570001e+02   2.50011549449239e+06
   0.00000   1.12050520628872e+03   4.51345816993282e+06
   0.00000   1.23198355420542e+03   0.00000000000000e+00
   0.00000   2.89283854566480e+03   8.16865335464667e+06
   0.00000   3.18064520649115e+03   2.88439899291504e+05
   0.00000   6.79271636599187e+03   9.87961388806034e+06
   0.00000   7.46851938243271e+03   0.00000000000000e+00
   0.00000   2.12000000000000e+04   6.86753291213324e+07
   4.00000   2.12000000000000e+04   3.62372294351182e+22
   5.00000   2.08636624683344e+01   2.00873605649017e+06
   8.00000   3.35232184056396e+01   6.01886987679727e+09
   9.00000   1.04625630146679e+02   1.73033798532738e+16
   9.00000   2.96988364832644e+02   7.88408467434633e+20
  10.00000   2.52215987062325e+01   4.78821920990507e+07
  10.00000   4.45572933485185e+01   0.00000000000000e+00
  10.00000   4.89902700292652e+01   2.12535370017553e+13
  10.00000   1.15034767322514e+02   3.20835887308050e+17
  10.00000   1.39062867944533e+02   1.01518712623196e+18
  10.00000   2.96988364832644e+02   1.30230753030044e+22
  10.00000   4.34013823274602e+02   1.42781424165301e+24
  10.00000   4.77193581583730e+02   1.34273236118621e+23
  10.00000   1.12050520628872e+03   8.10976821345112e+27
  10.00000   1.23198355420542e+03   2.05859382030888e+28
# orbitals: 1s2 2s2 2p6 3s2 3p6 3d10 4s2 4p6 4d10 4f14 5s2 5p6
CORE 68 27 Sg
   0.00000   8.88528296195457e+00   2.14842727162098e+01
   0.00000   9.76927409364412e+00   7.42879061091928e+02
   0.00000   3.35232184056396e+01   1.07081982376711e+03
   0.00000   3.68584220117787e+01   1.76548236663825e+04
   0.00000   9.51583833164088e+01   1.13131689410781e+05
   0.00000   3.94741266570001e+02   2.92472594019199e+06
   0.00000   1.12050520628872e+03   2.20417669884890e+06
   0.00000   1.23198355420542e+03   2.73051106582761e+06
   0.00000   2.89283854566480e+03   0.00000000000000e+00
   0.00000   3.18064520649115e+03   9.19495311925969e+06
   0.00000   6.79271636599187e+03   3.29758798236246e+06
   0.00000   7.46851938243271e+03   4.75479923828112e+06
   0.00000   2.12000000000000e+04   7.06775216902916e+07
   4.00000   2.12000000000000e+04   3.99375721995266e+22
   8.00000   1.89757747481433e+01   7.21110557134830e+06
   9.00000   2.08636624683344e+01   1.11367970010003e+07
   9.00000   2.96988364832644e+02   1.32046454712344e+21
  10.00000   2.52215987062325e+01   5.24004051728105e+08
  10.00000   4.89902700292652e+01   2.64853388878062e+13
  10.00000   1.15034767322514e+02   8.22963153946953e+17
  10.00000   1.26479502913321e+02   0.00000000000000e+00
  10.00000   1.39062867944533e+02   5.82536577293874e+17
  10.00000   3.26535547724981e+02   1.03343216043122e+22
  10.00000   4.34013823274602e+02   5.30113255509069e+23
  10.00000   4.77193581583730e+02   2.46583970335040e+24
  10.00000   1.12050520628872e+03   1.89511054079298e+28
  10.00000   1.23198355420542e+03   3.54959449213484e+27
# orbitals: 1s2 2s2 2p6 3s2 3p6 3d10 4s2 4p6 4d10 4f14 5s2 5p6 5d10
CORE 78 25 Sg
   0.00000   7.35003148741929e+00   2.00138016464832e+02
   0.00000   2.08636624683344e+01   1.69733399403881e+03
   0.00000   3.04898069676745e+01   9.17752901313990e+03
   0.00000   3.35232184056396e+01   0.00000000000000e+00
   0.00000   7.87163578990468e+01   1.05634327091817e+05
   0.00000   3.94741266570001e+02   2.21846115648489e+06
   0.00000   4.34013823274602e+02   9.33079777462971e+05
   0.00000   1.23198355420542e+03   3.28325150127108e+06
   0.00000   1.35455281181581e+03   2.01431957217135e+06
   0.00000   3.49708556833760e+03   1.00387762896582e+07
   0.00000   3.84500837984588e+03   0.00000000000000e+00
   0.00000   8.21155760971159e+03   1.32409837852813e+07
   0.00000   2.12000000000000e+04   5.48715438280621e+07
   7.00000   2.70114814330275e+02   4.80316132477716e+17
   8.00000   1.42766535732445e+01   0.00000000000000e+00
   8.00000   2.96988364832644e+02   0.00000000000000e+00
   9.00000   1.56970287265165e+01   1.43565882758585e+06
  10.00000   2.08636624683344e+01   7.56488067238232e+07
  10.00000   2.29393749330406e+01   6.63001109461091e+08
  10.00000   4.89902700292652e+01   3.08524553378258e+13
  10.00000   5.38642807310492e+01   7.92183134133880e+12
  10.00000   1.15034767322514e+02   6.82572828109445e+17
  10.00000   1.26479502913321e+02   6.13721506040576e+17
  10.00000   3.26535547724981e+02   2.78954872919578e+22
  10.00000   1.23198355420542e+03   1.19219958023098e+29
# orbitals: 1s2 2s2 2p6 3s2 3p6 3d10 4s2 4p6 4d10 4f14 5s2 5p6 5d10 6s2
CORE 80 27 Sg
   0.00000   5.02950301547422e+00   1.25606675758639e+01
   0.00000   5.52988506087696e+00   1.13781657828039e+02
   0.00000   2.77308794662048e+01   8.88687291659658e+03
   0.00000   3.04898069676745e+01   3.61169773820198e+03
   0.00000   7.87163578990468e+01   0.00000000000000e+00
   0.00000   8.65477981131185e+01   1.16998001795539e+05
   0.00000   3.94741266570001e+02   1.87285129885287e+06
   0.00000   4.34013823274602e+02   1.31878464389044e+06
   0.00000   1.23198355420542e+03   1.83010540198593e+06
   0.00000   1.35455281181581e+03   3.67864583173027e+06
   0.00000   3.49708556833760e+03   8.89245268086668e+06
   0.00000   7.46851938243271e+03   1.32394514827632e+07
   0.00000   8.21155760971159e+03   0.00000000000000e+00
   0.00000   2.12000000000000e+04   5.56504620944214e+07
   7.00000   2.70114814330275e+02   0.00000000000000e+00
   9.00000   1.29848037358893e+01   0.00000000000000e+00
   9.00000   2.96988364832644e+02   1.25037282541073e+21
  10.00000   1.42766535732445e+01   9.56888542219931e+04
  10.00000   2.08636624683344e+01   6.52495960961868e+07
  10.00000   2.29393749330406e+01   5.06295469128155e+08
  10.00000   4.89902700292652e+01   2.90130233372067e+13
  10.00000   5.38642807310492e+01   1.69815429309529e+13
  10.00000   1.15034767322514e+02   6.78288811702251e+17
  10.00000   1.26479502913321e+02   5.04149861853709e+17
  10.00000   4.34013823274602e+02   1.03522970640340e+24
  10.00000   1.12050520628872e+03   2.04100443605494e+27
  10.00000   1.23198355420542e+03   9.92331338286729e+28
# orbitals: 1s2 2s2 2p6 3s2 3p6 3d10 4s2 4p6 4d10 4f14 5s2 5p6 5d10 6s2 6p6
CORE 86 29 Sg
   0.00000   3.44160438305089e+00   1.17478209469374e+01
   0.00000   3.78400740684064e+00   1.73473678633956e+01
   0.00000   8.88528296195457e+00   1.01112250663479e+02
   0.00000   1.72587160973669e+01   1.24923137255527e+03
   0.00000   3.35232184056396e+01   1.39464735729260e+04
   0.00000   7.87163578990468e+01   0.00000000000000e+00
   0.00000   8.65477981131185e+01   1.05864784204047e+05
   0.00000   3.94741266570001e+02   2.87252464266837e+06
   0.00000   4.34013823274602e+02   1.30680632589927e+05
   0.00000   1.23198355420542e+03   5.31834492515550e+06
   0.00000   1.35455281181581e+03   0.00000000000000e+00
   0.00000   3.49708556833760e+03   1.00742332500634e+07
   0.00000   7.46851938243271e+03   4.74601448079618e+06
   0.00000   8.21155760971159e+03   8.01345517056364e+06
   0.00000   2.12000000000000e+04   5.57373068509520e+07
   7.00000   2.70114814330275e+02   3.22499209391572e+17
   8.00000   7.35003148741929e+00   8.24357888216363e+01
   9.00000   2.96988364832644e+02   8.18538536728199e+20
  10.00000   9.76927409364412e+00   5.48099585106095e+02
  10.00000   1.07412129389013e+01   5.81156602117034e+03
  10.00000   2.29393749330406e+01   7.16421978133243e+08
  10.00000   2.52215987062325e+01   7.30234759467381e+08
  10.00000   4.89902700292652e+01   2.94236498587004e+13
  10.00000   5.38642807310492e+01   1.49418135224333e+13
  10.00000   1.15034767322514e+02   6.97967745551701e+17
  10.00000   1.26479502913321e+02   5.45337895745189e+17
  10.00000   4.77193581583730e+02   1.88825007631627e+24
  10.00000   1.12050520628872e+03   2.74288429538166e+28
  10.00000   1.23198355420542e+03   0.00000000000000e+00
# orbitals: 1s2 2s2 2p6 3s2 3p6 3d10 4s2 4p6 4d10 4f14 5s2 5p6 5d10 5f14
CORE 92 29 Sg
   0.00000   4.16047588896075e+00   2.56947346421335e+01
   0.00000   4.57439898012142e+00   3.50660098571358e+01
   0.00000   2.52215987062325e+01   9.43441765726530e+03
   0.00000   2.77308794662048e+01   0.00000000000000e+00
   0.00000   7.87163578990468e+01   8.74914172561106e+04
   0.00000   8.65477981131185e+01   2.34969486786936e+04
   0.00000   3.94741266570001e+02   1.73767738483452e+06
   0.00000   4.34013823274602e+02   1.52769881544597e+06
   0.00000   1.23198355420542e+03   8.28131122555444e+04
   0.00000   1.35455281181581e+03   5.60230927136882e+06
   0.00000   3.18064520649115e+03   0.00000000000000e+00
   0.00000   3.49708556833760e+03   8.11796492477452e+06
   0.00000   7.46851938243271e+03   1.47260540106874e+07
   0.00000   8.21155760971159e+03   0.00000000000000e+00
   0.00000   2.12000000000000e+04   5.21785666014170e+07
   7.00000   2.70114814330275e+02   4.86121458355311e+17
   9.00000   1.42766535732445e+01   7.00335910349095e+05
   9.00000   2.96988364832644e+02   4.16371308028526e+20
  10.00000   5.52988506087696e+00   5.64133875080426e-03
  10.00000   6.08004979665510e+00   0.00000000000000e+00
  10.00000   1.42766535732445e+01   3.11315819251780e+04
  10.00000   2.08636624683344e+01   2.33129295186104e+08
  10.00000   2.29393749330406e+01   3.88455745005945e+08
  10.00000   4.89902700292652e+01   3.15702070403354e+13
  10.00000   5.38642807310492e+01   1.46307354147508e+13
  10.00000   1.15034767322514e+02   6.50951400187941e+17
  10.00000   1.26479502913321e+02   5.82712965708138e+17
  10.00000   1.12050520628872e+03   6.98107373269077e+27
  10.00000   1.23198355420542e+03   1.17084339418239e+29
# orbitals: 1s2 2s2 2p6 3s2 3p6 3d10 4s2 4p6 4d10 4f14 5s2 5p6 5d10 5f14 6s2
CORE 94 28 Sg
   0.00000   4.16047588896075e+00   3.42151967047820e+01
   0.00000   4.57439898012142e+00   3.30188538488255e+01
   0.00000   2.52215987062325e+01   4.09339294073768e+03
   0.00000   2.77308794662048e+01   7.48576060081334e+03
   0.00000   8.65477981131185e+01   1.13075153774549e+05
   0.00000   3.94741266570001e+02   2.95202812691097e+06
   0.00000   1.12050520628872e+03   1.70596610177176e+06
   0.00000   1.23198355420542e+03   3.29171957992211e+06
   0.00000   2.89283854566480e+03   0.00000000000000e+00
   0.00000   3.18064520649115e+03   8.85054385910663e+06
   0.00000   6.79271636599187e+03   8.15142087383687e+06
   0.00000   2.12000000000000e+04   7.10269896133911e+07
   4.00000   2.12000000000000e+04   3.71041673507777e+22
   6.00000   1.07412129389013e+01   1.32157309678617e+04
   7.00000   1.18098493596247e+01   4.58019201223724e+04
   9.00000   2.96988364832644e+02   1.38371509414484e+21
  10.00000   1.10272841594430e+00   0.00000000000000e+00
  10.00000   1.42766535732445e+01   0.00000000000000e+00
  10.00000   2.08636624683344e+01   1.63576798037516e+08
  10.00000   2.29393749330406e+01   4.36396512724267e+08
  10.00000   4.89902700292652e+01   2.96793324304143e+13
  10.00000   5.38642807310492e+01   2.11433329415196e+13
  10.00000   1.15034767322514e+02   6.51236126306118e+17
  10.00000   1.26479502913321e+02   5.01989933552784e+17
  10.00000   4.34013823274602e+02   5.76542738898700e+23
  10.00000   4.77193581583730e+02   1.98290584342678e+24
  10.00000   1.12050520628872e+03   2.05685513601212e+28
  10.00000   1.23198355420542e+03   7.12008054781355e+27
# orbitals: 1s2 2s2 2p6 3s2 3p6 3d10 4s2 4p6 4d10 4f14 5s2 5p6 5d10 5f14 6s2 6p6
CORE 100 29 Sg
   0.00000   3.44160438305089e+00   6.62430046243446e+00
   0.00000   3.78400740684064e+00   3.57284498459682e+01
   0.00000   2.52215987062325e+01   4.36037944298359e+03
   0.00000   2.77308794662048e+01   7.23621041905258e+03
   0.00000   8.65477981131185e+01   1.13581916865456e+05
   0.00000   3.94741266570001e+02   2.94488905233055e+06
   0.00000   1.12050520628872e+03   2.43205587986017e+06
   0.00000   1.23198355420542e+03   2.32535296599920e+06
   0.00000   2.63107461159306e+03   0.00000000000000e+00
   0.00000   2.89283854566480e+03   7.37931359202429e+06
   0.00000   6.79271636599187e+03   1.54914949888787e+07
   0.00000   7.46851938243271e+03   0.00000000000000e+00
   0.00000   2.12000000000000e+04   5.53005948735848e+07
   2.00000   5.02950301547422e+00   9.87243845633840e+01
   3.00000   6.08004979665510e+00   5.39940461687265e+01
   7.00000   2.70114814330275e+02   0.00000000000000e+00
   9.00000   2.96988364832644e+02   1.37518592745662e+21
  10.00000   1.29848037358893e+01   0.00000000000000e+00
  10.00000   1.42766535732445e+01   1.79677855004506e+05
  10.00000   2.08636624683344e+01   8.46050693805295e+07
  10.00000   2.29393749330406e+01   7.64012161452910e+08
  10.00000   4.89902700292652e+01   2.94478360995613e+13
  10.00000   5.38642807310492e+01   2.50804401154849e+13
  10.00000   1.15034767322514e+02   6.56752474538141e+17
  10.00000   1.26479502913321e+02   5.13659392405168e+17
  10.00000   4.34013823274602e+02   6.17437778533016e+23
  10.00000   4.77193581583730e+02   1.85553143267244e+24
  10.00000   1.12050520628872e+03   1.81635310149909e+28
  10.00000   1.23198355420542e+03   1.44310943866811e+28
# orbitals: 1s2 2s2 2p6 3s2 3p6 3d10 4s2 4p6 4d10 4f14 5s2 5p6 5d10 6s2 6p6 5f14 7s2
CORE 102 33 Sg
   0.00000   3.44160438305089e+00   4.54610413023949e+01
   0.00000   3.78400740684064e+00   9.60444621343455e-01
   0.00000   2.52215987062325e+01   8.33613480004287e+02
   0.00000   2.77308794662048e+01   1.21467424672412e+04
   0.00000   8.65477981131185e+01   3.18869281976742e+04
   0.00000   9.51583833164088e+01   8.82882520099753e+04
   0.00000   3.94741266570001e+02   2.92108507279338e+06
   0.00000   1.12050520628872e+03   2.78331499609470e+06
   0.00000   1.23198355420542e+03   1.94486151237483e+06
   0.00000   2.89283854566480e+03   7.50371383646638e+06
   0.00000   6.79271636599187e+03   1.49052362202134e+07
   0.00000   7.46851938243271e+03   0.00000000000000e+00
   0.00000   2.12000000000000e+04   5.66760909494607e+07
   4.00000   2.12000000000000e+04   3.91612936583474e+21
   6.00000   9.76927409364412e+00   7.81395146438714e+03
   7.00000   2.58933267100385e+00   1.46487014594608e-03
   7.00000   2.70114814330275e+02   0.00000000000000e+00
   8.00000   1.18098493596247e+01   0.00000000000000e+00
   9.00000   2.96988364832644e+02   1.52780680776239e+21
  10.00000   2.84694372604423e+00   0.00000000000000e+00
  10.00000   4.16047588896075e+00   2.70406309126864e-03
  10.00000   4.57439898012142e+00   6.70174407380795e-02
  10.00000   1.29848037358893e+01   0.00000000000000e+00
  10.00000   2.08636624683344e+01   7.68427799818401e+07
  10.00000   2.29393749330406e+01   7.71664054755293e+08
  10.00000   4.89902700292652e+01   2.88339249959262e+13
  10.00000   5.38642807310492e+01   2.75769996819491e+13
  10.00000   1.15034767322514e+02   6.73789062833192e+17
  10.00000   1.26479502913321e+02   3.97600739264440e+17
  10.00000   4.34013823274602e+02   4.16132212213445e+23
  10.00000   4.77193581583730e+02   2.90231427066722e+24
  10.00000   1.12050520628872e+03   2.00976189955355e+28
  10.00000   1.23198355420542e+03   1.57140224879215e+27
