# Free-atom, free-ion and frozen-core density fits -- Th (Z = 90)
#
#   rho(r) = sum_i c_i r^n_i exp(-alpha_i r)      r in bohr, rho in e/bohr^3
#
# All-electron B86BPBE densities (scalar-relativistic, spin-restricted),
# fitted with rhofit.py (monotone decay imposed).  Two kinds of block:
#
#   STATE <N> <q> <nterm> <symbol>
#     the atom or ion with N electrons (charge q), in order of increasing N;
#   CORE <N_core> <nterm> <symbol>
#     the frozen core of the neutral atom with N_core electrons, for a
#     pseudopotential with Z - N_core valence electrons, in order of
#     increasing N_core, each preceded by a '# orbitals:' comment.
#
# Each block header is followed by nterm lines:   n   alpha   c
#
# Generated 2026-09-23 by combine_fits.py from
#   /home/alberto/doc/manuals/critic2/atomic_density_fits/15_rhofit/rho_b86bpbe_mono/fit_090_Th.dat
#     recipe: --npow 0,1,2,3,4,5,6,7,8,9,10 --amin 0.2 --ratio 1.1 --mom 3 --cusp none --targetz 1e-3 --besteffort --monotone --stats
#   /home/alberto/doc/manuals/critic2/atomic_density_fits/15_rhofit/core_b86bpbe_mono/core_090_Th.dat
#     recipe: --npow 0,1,2,3,4,5,6,7,8,9,10 --amin 0.2 --ratio 1.1 --mom 3 --cusp none --besteffort --monotone --stats --target 1e-3*N_core
#
STATE 86 +4 31 Th
   0.00000   2.86430930953280e+00   1.06113730396164e+00
   0.00000   3.14996166729164e+00   1.43900310059850e+01
   0.00000   6.12777412560081e+00   7.87999550237307e+01
   0.00000   1.08396403761065e+01   2.05736725769225e+02
   0.00000   2.80458376972434e+01   9.52144385768849e+03
   0.00000   6.59836908704269e+01   0.00000000000000e+00
   0.00000   7.25641243480675e+01   4.93850488475061e+04
   0.00000   2.74610360522977e+02   7.33466225577133e+05
   0.00000   3.01996752309409e+02   4.62660371784525e+05
   0.00000   9.44988500187491e+02   1.32021494130586e+06
   0.00000   1.03923048454133e+03   0.00000000000000e+00
   0.00000   2.95699625462092e+03   2.20135075450921e+06
   0.00000   3.25189211283194e+03   0.00000000000000e+00
   0.00000   8.41375130917305e+03   0.00000000000000e+00
   0.00000   9.25283942408538e+03   2.59526073536885e+06
   0.00000   1.80000000000000e+04   5.11744985101990e+06
   8.00000   2.27062915447659e+02   1.00787885595886e+18
  10.00000   6.12777412560081e+00   4.54042992446781e+00
  10.00000   7.41094272711612e+00   3.54089859800496e+01
  10.00000   8.15002256607447e+00   3.79398179661450e+02
  10.00000   1.58546365570201e+01   1.85833970014364e+06
  10.00000   1.74357906240230e+01   1.41116207409206e+07
  10.00000   3.73013439190017e+01   5.21144020039509e+11
  10.00000   4.10213391033814e+01   1.25884869789627e+12
  10.00000   8.77592023733632e+01   1.23123192440091e+16
  10.00000   9.65112680073203e+01   4.74544136358226e+16
  10.00000   2.49707487017269e+02   2.55661907566623e+21
  10.00000   3.65235498121541e+02   1.28863507347520e+23
  10.00000   8.59292792859842e+02   4.86071226546727e+26
  10.00000   9.44988500187491e+02   0.00000000000000e+00
  10.00000   3.57619739861803e+03   1.22114417745638e+33
STATE 87 +3 30 Th
   0.00000   2.60456116208245e+00   6.49623063079193e+00
   0.00000   2.86430930953280e+00   6.75148321251227e+00
   0.00000   6.12777412560081e+00   0.00000000000000e+00
   0.00000   6.73888589379073e+00   1.01718447560955e+02
   0.00000   1.08396403761065e+01   1.95889181245958e+02
   0.00000   2.80458376972434e+01   9.42855081500240e+03
   0.00000   6.59836908704269e+01   0.00000000000000e+00
   0.00000   7.25641243480675e+01   5.05262332037293e+04
   0.00000   2.74610360522977e+02   6.67843551421338e+05
   0.00000   3.01996752309409e+02   5.36356687762408e+05
   0.00000   9.44988500187491e+02   1.30964435676686e+06
   0.00000   1.03923048454133e+03   0.00000000000000e+00
   0.00000   2.68884284793430e+03   0.00000000000000e+00
   0.00000   2.95699625462092e+03   2.14875825597087e+06
   0.00000   8.41375130917305e+03   2.39644513279579e+06
   0.00000   1.80000000000000e+04   5.17605161113935e+06
   8.00000   2.27062915447659e+02   0.00000000000000e+00
   9.00000   5.57208065638585e+00   1.77811472945048e+00
  10.00000   7.41094272711612e+00   9.63659041547494e+01
  10.00000   1.58546365570201e+01   1.61336755645359e+06
  10.00000   1.74357906240230e+01   1.47148079822559e+07
  10.00000   3.73013439190017e+01   5.34198130650832e+11
  10.00000   4.10213391033814e+01   1.20630206599408e+12
  10.00000   8.77592023733632e+01   1.20837844412434e+16
  10.00000   9.65112680073203e+01   4.79962269443699e+16
  10.00000   2.49707487017269e+02   3.49365240781138e+21
  10.00000   3.32114339137615e+02   2.18298586080899e+22
  10.00000   3.65235498121541e+02   1.01605930068288e+23
  10.00000   8.59292792859842e+02   3.32071701964037e+26
  10.00000   9.44988500187491e+02   5.21969531162988e+26
STATE 88 +2 31 Th
   0.00000   1.95829672472195e+00   4.71961170295852e-01
   0.00000   2.15359409527704e+00   5.39597393201390e+00
   0.00000   5.57208065638585e+00   7.89812411837048e+01
   0.00000   1.19206579953934e+01   3.43003732806201e+02
   0.00000   2.80458376972434e+01   8.17205491291860e+03
   0.00000   6.00000000000000e+01   0.00000000000000e+00
   0.00000   6.59836908704269e+01   4.95242157801907e+04
   0.00000   2.74610360522977e+02   2.14866706865205e+05
   0.00000   3.01996752309409e+02   1.09006182498231e+06
   0.00000   1.25684750177599e+03   1.88551949880404e+06
   0.00000   4.75639096710603e+03   2.73040085015040e+06
   0.00000   1.63676809489305e+04   6.44658492777346e+06
   0.00000   1.80000000000000e+04   0.00000000000000e+00
   7.00000   2.06471853076736e+02   0.00000000000000e+00
   8.00000   2.27062915447659e+02   1.98060782109866e+18
   8.00000   8.59292792859842e+02   0.00000000000000e+00
  10.00000   2.86430930953280e+00   5.02145647182678e-06
  10.00000   3.14996166729164e+00   1.98991474612476e-05
  10.00000   6.73888589379073e+00   2.72651151183894e+00
  10.00000   7.41094272711612e+00   7.08882152562876e+01
  10.00000   1.58546365570201e+01   1.89998867038594e+06
  10.00000   1.74357906240230e+01   1.37254165378302e+07
  10.00000   3.73013439190017e+01   5.46166115563230e+11
  10.00000   4.10213391033814e+01   1.15647985429265e+12
  10.00000   8.77592023733632e+01   1.14438731271889e+16
  10.00000   9.65112680073203e+01   5.24262916537579e+16
  10.00000   2.49707487017269e+02   9.32469462632921e+20
  10.00000   3.65235498121541e+02   4.55850183539985e+22
  10.00000   9.44988500187491e+02   3.68976152190597e+27
  10.00000   3.93284506070061e+03   2.39657216126345e+34
  10.00000   4.32506054544256e+03   0.00000000000000e+00
STATE 89 +1 33 Th
   0.00000   1.33886590016434e+00   3.90461981533103e-01
   0.00000   2.36836811738562e+00   5.89861144309364e+00
   0.00000   2.60456116208245e+00   0.00000000000000e+00
   0.00000   5.57208065638585e+00   0.00000000000000e+00
   0.00000   6.12777412560081e+00   1.18804151831424e+02
   0.00000   1.08396403761065e+01   5.05422618810036e+01
   0.00000   2.55025179652204e+01   7.43779928035877e+03
   0.00000   2.80458376972434e+01   0.00000000000000e+00
   0.00000   6.59836908704269e+01   4.74459926012537e+04
   0.00000   2.74610360522977e+02   7.58514116008221e+05
   0.00000   3.01996752309409e+02   4.44625399609159e+05
   0.00000   9.44988500187491e+02   1.32468104260717e+06
   0.00000   1.03923048454133e+03   0.00000000000000e+00
   0.00000   2.68884284793430e+03   0.00000000000000e+00
   0.00000   2.95699625462092e+03   2.10158934827161e+06
   0.00000   8.41375130917305e+03   2.68566970574956e+06
   0.00000   1.80000000000000e+04   4.46091480038291e+06
   8.00000   2.27062915447659e+02   1.18387075031842e+18
  10.00000   3.14996166729164e+00   1.27989004013032e-04
  10.00000   3.46410161513776e+00   1.50481085672019e-03
  10.00000   7.41094272711612e+00   1.16949614220962e+01
  10.00000   8.15002256607447e+00   2.46462584404595e+02
  10.00000   1.58546365570201e+01   2.02514736331515e+06
  10.00000   1.74357906240230e+01   1.36242375146686e+07
  10.00000   3.73013439190017e+01   5.24410345950231e+11
  10.00000   4.10213391033814e+01   1.29063676399449e+12
  10.00000   8.77592023733632e+01   1.12832522022119e+16
  10.00000   9.65112680073203e+01   5.04111682637411e+16
  10.00000   2.49707487017269e+02   2.10182238787849e+21
  10.00000   3.32114339137615e+02   6.78561065904663e+20
  10.00000   3.65235498121541e+02   1.06883959856159e+23
  10.00000   8.59292792859842e+02   5.22179475110185e+26
  10.00000   9.44988500187491e+02   1.37522674328039e+26
STATE 90 +0 34 Th
   0.00000   1.10704779712538e+00   1.29149025033880e-01
   0.00000   1.21745166040514e+00   2.78185915410304e-01
   0.00000   2.60456116208245e+00   8.46476579414646e+00
   0.00000   6.73888589379073e+00   0.00000000000000e+00
   0.00000   7.41094272711612e+00   2.09945694547854e+02
   0.00000   8.96280949311433e+00   6.82346006633955e+00
   0.00000   2.80458376972434e+01   8.89689456307585e+03
   0.00000   7.25641243480675e+01   5.16325774280873e+04
   0.00000   2.74610360522977e+02   8.42825453875161e+05
   0.00000   3.01996752309409e+02   3.14931924085839e+05
   0.00000   8.59292792859842e+02   1.16203734391574e+06
   0.00000   9.44988500187491e+02   0.00000000000000e+00
   0.00000   2.44500676982234e+03   1.83630907519567e+06
   0.00000   2.68884284793430e+03   0.00000000000000e+00
   0.00000   6.32606439474237e+03   0.00000000000000e+00
   0.00000   6.95695129081823e+03   2.58577567120401e+06
   0.00000   1.80000000000000e+04   5.66336029421964e+06
   9.00000   2.36836811738562e+00   7.78714456027286e-06
   9.00000   8.77592023733632e+01   2.66117401655114e+15
   9.00000   2.27062915447659e+02   4.61332096830177e+19
  10.00000   3.14996166729164e+00   3.21549269176631e-04
  10.00000   7.41094272711612e+00   3.79426778651429e+01
  10.00000   8.15002256607447e+00   1.33090347793098e+02
  10.00000   1.58546365570201e+01   2.24003463260149e+06
  10.00000   1.74357906240230e+01   1.45001339311673e+07
  10.00000   3.73013439190017e+01   4.97951275811937e+11
  10.00000   4.10213391033814e+01   1.30293710668755e+12
  10.00000   8.77592023733632e+01   8.57504586668824e+15
  10.00000   9.65112680073203e+01   0.00000000000000e+00
  10.00000   2.49707487017269e+02   9.18613085380415e+20
  10.00000   3.32114339137615e+02   2.67776483372600e+22
  10.00000   3.65235498121541e+02   8.67561300014927e+22
  10.00000   9.44988500187491e+02   6.20689902553213e+26
  10.00000   2.95699625462092e+03   4.62038994878069e+31
STATE 91 -1 44 Th
   0.00000   1.95829672472195e+00   1.89786742563150e+00
   0.00000   2.15359409527704e+00   2.36292390687294e+00
   0.00000   4.60730205713638e+00   4.38045157400861e+01
   0.00000   5.06677991141281e+00   0.00000000000000e+00
   0.00000   3.08427980802846e+01   0.00000000000000e+00
   0.00000   3.39186942351415e+01   8.78390541682773e+03
   0.00000   6.00000000000000e+01   4.41756426028400e+04
   0.00000   6.59836908704269e+01   0.00000000000000e+00
   0.00000   2.74610360522977e+02   4.73524973457972e+05
   0.00000   3.01996752309409e+02   7.78424599060757e+05
   0.00000   9.44988500187491e+02   1.15402712650859e+06
   0.00000   2.22328281813484e+03   1.17090461266669e+06
   0.00000   2.44500676982234e+03   0.00000000000000e+00
   0.00000   3.93284506070061e+03   1.05451252840608e+06
   0.00000   4.32506054544256e+03   0.00000000000000e+00
   0.00000   1.80000000000000e+04   9.68751394543196e+06
   2.00000   9.25283942408538e+03   4.90175663901976e+12
   3.00000   1.80000000000000e+04   1.52201220926335e+18
   7.00000   1.87748078671914e+02   1.95976849177018e+16
   7.00000   2.06471853076736e+02   0.00000000000000e+00
   7.00000   1.80000000000000e+04   2.73083385035346e+30
   8.00000   1.80000000000000e+04   3.57380651727042e+34
   9.00000   2.36836811738562e+00   4.39021552817305e-05
   9.00000   3.39186942351415e+01   6.23917494637324e+10
   9.00000   7.98008124877683e+01   1.32696050254277e+15
   9.00000   7.81368348624736e+02   1.19809185175552e+24
  10.00000   1.33886590016434e+00   5.13353202284174e-09
  10.00000   2.36836811738562e+00   7.45762968447117e-08
  10.00000   2.60456116208245e+00   4.05760459256148e-05
  10.00000   3.80957016861660e+00   8.31305441099875e-03
  10.00000   7.41094272711612e+00   7.91340151112644e+01
  10.00000   8.15002256607447e+00   3.08484044174243e+01
  10.00000   1.44168684848085e+01   8.16537618068253e+04
  10.00000   1.74357906240230e+01   2.00156304181301e+07
  10.00000   3.39186942351415e+01   1.27316239284602e+10
  10.00000   4.10213391033814e+01   8.59460074094209e+11
  10.00000   4.51123226414745e+01   2.28097341548055e+12
  10.00000   1.06136161228466e+02   8.22492021580001e+16
  10.00000   1.16720927544548e+02   1.49025081285768e+17
  10.00000   3.01996752309409e+02   1.15439981430828e+21
  10.00000   3.32114339137615e+02   2.56406569915234e+22
  10.00000   8.59292792859842e+02   6.24865752572354e+26
  10.00000   1.14287105058498e+03   5.28498766866385e+27
  10.00000   1.25684750177599e+03   2.42192728973538e+28
# orbitals: 1s2
CORE 2 9 Th
   0.00000   1.41162531672739e+02   6.10780426061764e+03
   0.00000   1.87748078671914e+02   2.09168441962214e+05
   0.00000   2.06471853076736e+02   2.71471260651110e+05
   0.00000   3.32114339137615e+02   3.58580334701402e+05
   0.00000   3.65235498121541e+02   1.44866654272664e+05
   0.00000   7.10510435215686e+02   7.07507948026233e+05
   0.00000   7.81368348624736e+02   0.00000000000000e+00
   0.00000   1.83833223768025e+03   0.00000000000000e+00
   0.00000   2.02166576813722e+03   1.84807157096565e+06
# orbitals: 1s2 2s2
CORE 4 16 Th
   0.00000   6.00000000000000e+01   2.05124657641936e+03
   0.00000   6.59836908704269e+01   8.61169015233986e+03
   0.00000   2.49707487017269e+02   1.01463933376802e+06
   0.00000   2.74610360522977e+02   0.00000000000000e+00
   0.00000   7.10510435215686e+02   9.88031714260267e+05
   0.00000   1.83833223768025e+03   1.37245047715078e+06
   0.00000   4.75639096710603e+03   1.06948001502895e+06
   0.00000   5.23073718720691e+03   1.38251125442023e+06
   0.00000   1.48833877581101e+04   0.00000000000000e+00
   0.00000   1.63676809489305e+04   5.73541586095988e+06
   5.00000   1.16720927544548e+02   3.01064023073458e+11
   5.00000   1.28361293353482e+02   5.66234739649750e+11
  10.00000   2.49707487017269e+02   3.98286441087628e+20
  10.00000   2.74610360522977e+02   5.57310676838742e+20
  10.00000   7.10510435215686e+02   1.45742158977567e+25
  10.00000   7.81368348624736e+02   1.17836023255877e+26
# orbitals: 1s2 2s2 2p6
CORE 10 16 Th
   0.00000   6.00000000000000e+01   8.07532760923733e+03
   0.00000   6.59836908704269e+01   3.69647173459191e+04
   0.00000   2.74610360522977e+02   1.02398604879495e+06
   0.00000   3.01996752309409e+02   1.25265015575346e+05
   0.00000   9.44988500187491e+02   1.29781185338064e+06
   0.00000   1.03923048454133e+03   0.00000000000000e+00
   0.00000   2.95699625462092e+03   1.99685070857224e+06
   0.00000   9.25283942408538e+03   1.08559260729255e+06
   0.00000   1.01756082705425e+04   3.63388067799426e+06
   3.00000   9.65112680073203e+01   1.62968769588092e+09
   4.00000   1.06136161228466e+02   0.00000000000000e+00
   4.00000   1.16720927544548e+02   3.32791164675677e+10
  10.00000   2.49707487017269e+02   2.72545943484917e+20
  10.00000   2.74610360522977e+02   1.79900957188508e+21
  10.00000   8.59292792859842e+02   9.56578523538561e+26
  10.00000   9.44988500187491e+02   0.00000000000000e+00
# orbitals: 1s2 2s2 2p6 3s2
CORE 12 19 Th
   0.00000   2.80458376972434e+01   0.00000000000000e+00
   0.00000   5.45589364964349e+01   4.29523170243512e+04
   0.00000   2.74610360522977e+02   8.11859072013293e+05
   0.00000   3.01996752309409e+02   4.15122680009833e+05
   0.00000   1.03923048454133e+03   1.48783225702621e+06
   0.00000   3.57619739861803e+03   2.59668995276289e+06
   0.00000   1.35336967924424e+04   0.00000000000000e+00
   0.00000   1.48833877581101e+04   6.28013213045950e+06
   7.00000   1.87748078671914e+02   4.29134397774374e+15
   8.00000   5.45589364964349e+01   0.00000000000000e+00
   8.00000   1.87748078671914e+02   3.15210445243961e+17
   9.00000   6.00000000000000e+01   1.43483551808471e+12
  10.00000   7.98008124877683e+01   5.45714899533888e+14
  10.00000   8.77592023733632e+01   2.34713669783979e+15
  10.00000   3.01996752309409e+02   6.89790249184652e+21
  10.00000   3.32114339137615e+02   1.91067923073211e+22
  10.00000   8.59292792859842e+02   6.81311973041667e+26
  10.00000   9.44988500187491e+02   5.30244301797862e+26
  10.00000   3.93284506070061e+03   9.64967933053208e+33
# orbitals: 1s2 2s2 2p6 3s2 3p6
CORE 18 23 Th
   0.00000   2.55025179652204e+01   4.64609306344630e+02
   0.00000   2.80458376972434e+01   1.50421696240912e+03
   0.00000   6.00000000000000e+01   0.00000000000000e+00
   0.00000   6.59836908704269e+01   5.92943131012109e+04
   0.00000   2.74610360522977e+02   4.78227200910620e+05
   0.00000   3.01996752309409e+02   7.50412998349088e+05
   0.00000   1.03923048454133e+03   1.45714671896236e+06
   0.00000   1.14287105058498e+03   0.00000000000000e+00
   0.00000   3.57619739861803e+03   2.59548640946224e+06
   0.00000   1.23064017310144e+04   0.00000000000000e+00
   0.00000   1.35336967924424e+04   5.23035492736484e+06
   7.00000   5.45589364964349e+01   0.00000000000000e+00
   7.00000   1.87748078671914e+02   9.75598130829437e+15
   8.00000   6.00000000000000e+01   0.00000000000000e+00
   8.00000   2.06471853076736e+02   2.59245060968573e+17
   9.00000   9.44988500187491e+02   0.00000000000000e+00
  10.00000   6.59836908704269e+01   1.63515122361915e+14
  10.00000   8.77592023733632e+01   1.31643521256944e+16
  10.00000   2.27062915447659e+02   5.78559670932500e+20
  10.00000   3.32114339137615e+02   5.09872460823927e+22
  10.00000   9.44988500187491e+02   1.94359709615170e+27
  10.00000   3.57619739861803e+03   2.32043269904525e+33
  10.00000   3.93284506070061e+03   0.00000000000000e+00
# orbitals: 1s2 2s2 2p6 3s2 3p6 3d10
CORE 28 23 Th
   0.00000   2.80458376972434e+01   7.57095160117899e+03
   0.00000   6.59836908704269e+01   4.72226972549190e+04
   0.00000   2.74610360522977e+02   7.76336497282986e+05
   0.00000   3.01996752309409e+02   4.09307375340462e+05
   0.00000   9.44988500187491e+02   1.30519019400490e+06
   0.00000   2.44500676982234e+03   0.00000000000000e+00
   0.00000   2.68884284793430e+03   1.63755669782843e+06
   0.00000   6.32606439474237e+03   2.26313643385870e+06
   0.00000   6.95695129081823e+03   0.00000000000000e+00
   0.00000   1.80000000000000e+04   5.97717255134062e+06
   6.00000   4.96112925270335e+01   9.19762468510586e+09
   7.00000   5.45589364964349e+01   0.00000000000000e+00
   7.00000   6.00000000000000e+01   7.44437532306158e+11
   8.00000   2.06471853076736e+02   0.00000000000000e+00
   9.00000   2.27062915447659e+02   3.24471590060313e+19
  10.00000   8.77592023733632e+01   3.23865405788215e+15
  10.00000   9.65112680073203e+01   2.80378782103291e+16
  10.00000   2.27062915447659e+02   4.11832390007551e+20
  10.00000   3.32114339137615e+02   5.00628357687654e+22
  10.00000   8.59292792859842e+02   8.04969828817716e+25
  10.00000   9.44988500187491e+02   1.12701385510622e+27
  10.00000   2.95699625462092e+03   2.08035929782334e+32
  10.00000   3.25189211283194e+03   0.00000000000000e+00
# orbitals: 1s2 2s2 2p6 3s2 3p6 3d10 4s2
CORE 30 25 Th
   0.00000   2.10868813158079e+01   4.79331982092697e+03
   0.00000   2.31898376360608e+01   4.01602962200173e+02
   0.00000   6.59836908704269e+01   0.00000000000000e+00
   0.00000   7.25641243480675e+01   5.97726827052373e+04
   0.00000   2.74610360522977e+02   3.16891191224634e+05
   0.00000   3.01996752309409e+02   9.41628850644048e+05
   0.00000   1.03923048454133e+03   6.74929653347019e+05
   0.00000   1.14287105058498e+03   8.76758273649915e+05
   0.00000   3.57619739861803e+03   2.23845403197491e+06
   0.00000   3.93284506070061e+03   0.00000000000000e+00
   0.00000   9.25283942408538e+03   1.25937443820980e+06
   0.00000   1.01756082705425e+04   9.29623290658689e+05
   0.00000   1.80000000000000e+04   4.97024957770041e+06
   9.00000   2.27062915447659e+02   3.68834116715133e+19
   9.00000   9.44988500187491e+02   5.02076707157132e+24
  10.00000   1.91746303102837e+01   0.00000000000000e+00
  10.00000   2.10868813158079e+01   1.51642587063210e+05
  10.00000   3.39186942351415e+01   5.26992098634222e+09
  10.00000   3.73013439190017e+01   3.70456676077881e+10
  10.00000   7.98008124877683e+01   3.64906804765150e+15
  10.00000   9.65112680073203e+01   3.59091368352269e+16
  10.00000   2.27062915447659e+02   5.20941799161510e+20
  10.00000   3.32114339137615e+02   5.92850348160772e+22
  10.00000   9.44988500187491e+02   1.85284934209902e+27
  10.00000   3.57619739861803e+03   3.38835420648318e+33
# orbitals: 1s2 2s2 2p6 3s2 3p6 3d10 4s2 4p6
CORE 36 25 Th
   0.00000   2.31898376360608e+01   4.14157220603871e+03
   0.00000   2.55025179652204e+01   1.41757022612289e+03
   0.00000   7.25641243480675e+01   6.18851584296360e+04
   0.00000   2.74610360522977e+02   3.29121737736626e+05
   0.00000   3.01996752309409e+02   9.15355265826234e+05
   0.00000   1.03923048454133e+03   1.43352286746767e+06
   0.00000   3.25189211283194e+03   2.10274019414860e+06
   0.00000   7.65075538956613e+03   0.00000000000000e+00
   0.00000   8.41375130917305e+03   2.14978860849608e+06
   0.00000   1.80000000000000e+04   5.33208900203516e+06
   9.00000   2.80458376972434e+01   6.68902631305124e+08
   9.00000   7.98008124877683e+01   1.07995736969591e+15
   9.00000   2.27062915447659e+02   3.35974107633507e+19
   9.00000   9.44988500187491e+02   1.01733670263847e+25
  10.00000   2.80458376972434e+01   3.30915880355228e+08
  10.00000   3.73013439190017e+01   2.06762873580065e+11
  10.00000   4.10213391033814e+01   2.66315002116756e+11
  10.00000   9.65112680073203e+01   0.00000000000000e+00
  10.00000   1.06136161228466e+02   5.71021565991230e+16
  10.00000   2.27062915447659e+02   5.99477480944560e+20
  10.00000   3.32114339137615e+02   6.50305347965575e+22
  10.00000   3.65235498121541e+02   0.00000000000000e+00
  10.00000   9.44988500187491e+02   1.11959218141657e+27
  10.00000   3.25189211283194e+03   6.85908700519674e+32
  10.00000   3.57619739861803e+03   0.00000000000000e+00
# orbitals: 1s2 2s2 2p6 3s2 3p6 3d10 4s2 4p6 4d10
CORE 46 25 Th
   0.00000   1.08396403761065e+01   1.00196593276035e+02
   0.00000   2.80458376972434e+01   9.38402127157274e+03
   0.00000   7.25641243480675e+01   5.05165525678707e+04
   0.00000   2.74610360522977e+02   8.33127328954699e+05
   0.00000   3.01996752309409e+02   3.26570368742037e+05
   0.00000   8.59292792859842e+02   1.15048476002845e+06
   0.00000   9.44988500187491e+02   0.00000000000000e+00
   0.00000   2.44500676982234e+03   1.84300996507287e+06
   0.00000   2.68884284793430e+03   0.00000000000000e+00
   0.00000   6.32606439474237e+03   0.00000000000000e+00
   0.00000   6.95695129081823e+03   2.55973659052062e+06
   0.00000   1.80000000000000e+04   5.68488721749542e+06
   9.00000   2.80458376972434e+01   1.70151126409402e+07
   9.00000   7.98008124877683e+01   2.18273067440179e+14
   9.00000   2.27062915447659e+02   6.00084976200403e+19
  10.00000   2.80458376972434e+01   4.50168429829729e+09
  10.00000   3.73013439190017e+01   4.97410100864883e+11
  10.00000   4.10213391033814e+01   2.83314654562634e+11
  10.00000   8.77592023733632e+01   1.77045613444071e+16
  10.00000   1.06136161228466e+02   7.47080832386644e+16
  10.00000   2.49707487017269e+02   0.00000000000000e+00
  10.00000   3.32114339137615e+02   2.81785268553887e+22
  10.00000   3.65235498121541e+02   7.24818646137763e+22
  10.00000   9.44988500187491e+02   7.77759822988805e+26
  10.00000   3.25189211283194e+03   0.00000000000000e+00
# orbitals: 1s2 2s2 2p6 3s2 3p6 3d10 4s2 4p6 4d10 4f14
CORE 60 26 Th
   0.00000   9.85665418206971e+00   2.95053870868588e+02
   0.00000   1.08396403761065e+01   2.65537862668030e+02
   0.00000   3.08427980802846e+01   9.76675975701348e+03
   0.00000   7.25641243480675e+01   4.89559361109034e+04
   0.00000   2.74610360522977e+02   8.62137424563175e+05
   0.00000   3.01996752309409e+02   2.94805632241296e+05
   0.00000   8.59292792859842e+02   1.15866318098454e+06
   0.00000   9.44988500187491e+02   0.00000000000000e+00
   0.00000   2.44500676982234e+03   1.82354037387589e+06
   0.00000   2.68884284793430e+03   0.00000000000000e+00
   0.00000   6.32606439474237e+03   0.00000000000000e+00
   0.00000   6.95695129081823e+03   2.64587102199691e+06
   0.00000   1.80000000000000e+04   5.41580933844165e+06
   7.00000   2.31898376360608e+01   9.55690472105914e+07
   9.00000   2.55025179652204e+01   0.00000000000000e+00
   9.00000   8.77592023733632e+01   0.00000000000000e+00
   9.00000   2.27062915447659e+02   5.41181685129175e+19
  10.00000   3.73013439190017e+01   4.31574305731547e+11
  10.00000   4.10213391033814e+01   5.61889414403939e+11
  10.00000   8.77592023733632e+01   2.12908461184358e+16
  10.00000   1.06136161228466e+02   7.39614096841649e+16
  10.00000   2.49707487017269e+02   3.48433139601365e+20
  10.00000   3.32114339137615e+02   2.63745725794494e+22
  10.00000   3.65235498121541e+02   7.94841916691531e+22
  10.00000   8.59292792859842e+02   9.76471745726776e+25
  10.00000   9.44988500187491e+02   4.56342040034621e+26
# orbitals: 1s2 2s2 2p6 3s2 3p6 3d10 4s2 4p6 4d10 4f14 5s2
CORE 62 27 Th
   0.00000   8.15002256607447e+00   0.00000000000000e+00
   0.00000   8.96280949311433e+00   5.07624899213812e+02
   0.00000   3.39186942351415e+01   1.28765200857175e+04
   0.00000   6.59836908704269e+01   0.00000000000000e+00
   0.00000   7.25641243480675e+01   4.29349231297552e+04
   0.00000   2.74610360522977e+02   9.16485258273821e+05
   0.00000   3.01996752309409e+02   2.43388836270338e+05
   0.00000   8.59292792859842e+02   1.00101873754881e+06
   0.00000   9.44988500187491e+02   2.18981490618934e+05
   0.00000   2.68884284793430e+03   2.11005396233059e+06
   0.00000   6.95695129081823e+03   0.00000000000000e+00
   0.00000   7.65075538956613e+03   2.02029840979191e+06
   0.00000   1.80000000000000e+04   6.66271531203736e+06
   4.00000   1.31094835356687e+01   7.12895782151494e+03
   9.00000   2.55025179652204e+01   5.30662325215433e+08
   9.00000   8.77592023733632e+01   2.29437949045710e+15
  10.00000   1.74357906240230e+01   1.56151042519849e+06
  10.00000   2.80458376972434e+01   7.53467182524809e+08
  10.00000   3.73013439190017e+01   5.16665090364325e+11
  10.00000   4.10213391033814e+01   5.03007897413133e+11
  10.00000   8.77592023733632e+01   1.13467400102119e+16
  10.00000   2.49707487017269e+02   3.48668371938612e+21
  10.00000   3.32114339137615e+02   1.63592495131159e+22
  10.00000   3.65235498121541e+02   1.14253865657709e+23
  10.00000   8.59292792859842e+02   3.15649584492956e+26
  10.00000   9.44988500187491e+02   0.00000000000000e+00
  10.00000   3.25189211283194e+03   0.00000000000000e+00
# orbitals: 1s2 2s2 2p6 3s2 3p6 3d10 4s2 4p6 4d10 4f14 5s2 5p6
CORE 68 27 Th
   0.00000   6.73888589379073e+00   1.88665117905516e+02
   0.00000   7.41094272711612e+00   1.19822811946038e+02
   0.00000   3.08427980802846e+01   0.00000000000000e+00
   0.00000   3.39186942351415e+01   1.31515120485099e+04
   0.00000   7.25641243480675e+01   4.44749695574418e+04
   0.00000   2.74610360522977e+02   8.62202353282401e+05
   0.00000   3.01996752309409e+02   3.00777715040775e+05
   0.00000   8.59292792859842e+02   1.14839110723335e+06
   0.00000   9.44988500187491e+02   0.00000000000000e+00
   0.00000   2.22328281813484e+03   5.28965689053585e+05
   0.00000   2.44500676982234e+03   1.18138285779222e+06
   0.00000   5.75238909308511e+03   0.00000000000000e+00
   0.00000   6.32606439474237e+03   2.49476018981222e+06
   0.00000   1.80000000000000e+04   5.95192473674920e+06
   9.00000   1.58546365570201e+01   1.47154903866026e+06
   9.00000   8.77592023733632e+01   4.44066477580631e+14
   9.00000   2.27062915447659e+02   3.60443205763753e+19
  10.00000   1.58546365570201e+01   7.44649806113424e+05
  10.00000   3.73013439190017e+01   5.06397340596631e+11
  10.00000   4.10213391033814e+01   7.73074242972915e+11
  10.00000   8.77592023733632e+01   2.06006382473946e+16
  10.00000   1.06136161228466e+02   8.00563771760310e+16
  10.00000   2.49707487017269e+02   1.23197190904714e+21
  10.00000   3.32114339137615e+02   2.74426197672624e+22
  10.00000   3.65235498121541e+02   7.57144909640570e+22
  10.00000   8.59292792859842e+02   9.90922036972893e+25
  10.00000   9.44988500187491e+02   5.61892475509577e+26
# orbitals: 1s2 2s2 2p6 3s2 3p6 3d10 4s2 4p6 4d10 4f14 5s2 5p6 5d10
CORE 78 29 Th
   0.00000   5.06677991141281e+00   4.44617356280592e+01
   0.00000   5.57208065638585e+00   5.55276565439222e+01
   0.00000   1.08396403761065e+01   2.12752517549940e+02
   0.00000   1.19206579953934e+01   0.00000000000000e+00
   0.00000   2.80458376972434e+01   8.62146770559149e+03
   0.00000   7.25641243480675e+01   5.21332148394415e+04
   0.00000   2.74610360522977e+02   8.05575780366785e+05
   0.00000   3.01996752309409e+02   3.58608226887648e+05
   0.00000   8.59292792859842e+02   1.13739429092680e+06
   0.00000   9.44988500187491e+02   0.00000000000000e+00
   0.00000   2.22328281813484e+03   6.84860255377610e+05
   0.00000   2.44500676982234e+03   1.01093606681117e+06
   0.00000   6.32606439474237e+03   2.55000073551798e+06
   0.00000   1.80000000000000e+04   5.83737057476164e+06
   9.00000   1.08396403761065e+01   1.28477494200151e+04
   9.00000   8.77592023733632e+01   2.63018542085830e+15
   9.00000   2.27062915447659e+02   5.45778504150274e+19
  10.00000   1.19206579953934e+01   3.96426776508559e+03
  10.00000   1.58546365570201e+01   5.41597212387783e+06
  10.00000   1.74357906240230e+01   2.74346224754942e+06
  10.00000   3.73013439190017e+01   5.51636696711248e+11
  10.00000   4.10213391033814e+01   1.08345633540889e+12
  10.00000   8.77592023733632e+01   8.36079157221967e+15
  10.00000   9.65112680073203e+01   0.00000000000000e+00
  10.00000   2.49707487017269e+02   4.17265186085636e+20
  10.00000   3.32114339137615e+02   2.80124585578686e+22
  10.00000   3.65235498121541e+02   8.07519966346285e+22
  10.00000   8.59292792859842e+02   2.06619621944277e+25
  10.00000   9.44988500187491e+02   7.03615245262690e+26
# orbitals: 1s2 2s2 2p6 3s2 3p6 3d10 4s2 4p6 4d10 4f14 5s2 5p6 5d10 6s2
CORE 80 31 Th
   0.00000   3.80957016861660e+00   4.18026904936296e+01
   0.00000   4.18949167258662e+00   5.53292720352875e+00
   0.00000   1.19206579953934e+01   2.10876935448124e+02
   0.00000   2.80458376972434e+01   8.82524330213628e+03
   0.00000   7.25641243480675e+01   5.28591127139281e+04
   0.00000   2.74610360522977e+02   6.64362302855143e+05
   0.00000   3.01996752309409e+02   5.32187208228894e+05
   0.00000   9.44988500187491e+02   1.30719662784771e+06
   0.00000   2.68884284793430e+03   1.69260328983202e+06
   0.00000   2.95699625462092e+03   0.00000000000000e+00
   0.00000   6.32606439474237e+03   1.84399069376331e+06
   0.00000   6.95695129081823e+03   0.00000000000000e+00
   0.00000   1.80000000000000e+04   7.13058941424456e+06
   4.00000   1.80000000000000e+04   1.47150735392158e+21
   9.00000   3.39186942351415e+01   5.58771145540146e+10
   9.00000   8.77592023733632e+01   0.00000000000000e+00
   9.00000   2.27062915447659e+02   5.64663257224764e+19
  10.00000   8.15002256607447e+00   0.00000000000000e+00
  10.00000   1.08396403761065e+01   1.31040867022452e+03
  10.00000   1.58546365570201e+01   2.77293268870932e+06
  10.00000   1.74357906240230e+01   7.41746065487549e+06
  10.00000   3.73013439190017e+01   0.00000000000000e+00
  10.00000   4.10213391033814e+01   1.48511048023775e+12
  10.00000   8.77592023733632e+01   2.15131687136054e+16
  10.00000   1.06136161228466e+02   9.10891619353267e+16
  10.00000   2.27062915447659e+02   6.44283955977095e+19
  10.00000   3.32114339137615e+02   3.56168333226756e+22
  10.00000   3.65235498121541e+02   5.58536004068249e+22
  10.00000   9.44988500187491e+02   1.09703749210944e+27
  10.00000   1.03923048454133e+03   0.00000000000000e+00
  10.00000   2.95699625462092e+03   2.14272187721331e+32
# orbitals: 1s2 2s2 2p6 3s2 3p6 3d10 4s2 4p6 4d10 4f14 5s2 5p6 5d10 6s2 6p6
CORE 86 31 Th
   0.00000   2.60456116208245e+00   7.43968157136504e+00
   0.00000   2.86430930953280e+00   4.57240286714469e+00
   0.00000   6.73888589379073e+00   9.64229335189908e+01
   0.00000   9.85665418206971e+00   1.71372888622748e+02
   0.00000   1.08396403761065e+01   0.00000000000000e+00
   0.00000   2.80458376972434e+01   9.51944648837440e+03
   0.00000   6.59836908704269e+01   0.00000000000000e+00
   0.00000   7.25641243480675e+01   4.98669134815141e+04
   0.00000   2.74610360522977e+02   7.56272175151189e+05
   0.00000   3.01996752309409e+02   4.33171996376742e+05
   0.00000   9.44988500187491e+02   1.26261469977888e+06
   0.00000   1.03923048454133e+03   8.77382252209751e+04
   0.00000   2.95699625462092e+03   2.12449908274171e+06
   0.00000   8.41375130917305e+03   0.00000000000000e+00
   0.00000   9.25283942408538e+03   2.96295918955729e+06
   0.00000   1.80000000000000e+04   4.38503722107757e+06
   8.00000   2.27062915447659e+02   0.00000000000000e+00
  10.00000   5.57208065638585e+00   4.55260424651083e-01
  10.00000   7.41094272711612e+00   9.42222958409876e+01
  10.00000   1.58546365570201e+01   1.54028460348846e+06
  10.00000   1.74357906240230e+01   1.55771464804106e+07
  10.00000   3.73013439190017e+01   5.29166609433014e+11
  10.00000   4.10213391033814e+01   1.21250502851136e+12
  10.00000   8.77592023733632e+01   1.21483831324353e+16
  10.00000   9.65112680073203e+01   4.79742431886434e+16
  10.00000   2.49707487017269e+02   3.51248630722973e+21
  10.00000   3.32114339137615e+02   2.10887931446751e+22
  10.00000   3.65235498121541e+02   1.07263591371374e+23
  10.00000   8.59292792859842e+02   3.70851250638523e+26
  10.00000   9.44988500187491e+02   0.00000000000000e+00
  10.00000   3.25189211283194e+03   7.56260044980427e+32
# orbitals: 1s2 2s2 2p6 3s2 3p6 3d10 4s2 4p6 4d10 4f14 5s2 5p6 5d10 6s2 6p6 7s2
CORE 88 33 Th
   0.00000   1.10704779712538e+00   1.36483484364706e-01
   0.00000   1.21745166040514e+00   4.57811853627049e-02
   0.00000   2.60456116208245e+00   8.66892809970898e+00
   0.00000   6.12777412560081e+00   9.31770917976081e+01
   0.00000   9.85665418206971e+00   1.50717162159782e+02
   0.00000   2.55025179652204e+01   0.00000000000000e+00
   0.00000   2.80458376972434e+01   9.41002808697638e+03
   0.00000   7.25641243480675e+01   4.93631050430585e+04
   0.00000   2.74610360522977e+02   8.83229181025408e+05
   0.00000   3.01996752309409e+02   2.74208493009442e+05
   0.00000   8.59292792859842e+02   1.16714400873748e+06
   0.00000   9.44988500187491e+02   0.00000000000000e+00
   0.00000   2.22328281813484e+03   0.00000000000000e+00
   0.00000   2.44500676982234e+03   1.81611722398168e+06
   0.00000   6.32606439474237e+03   0.00000000000000e+00
   0.00000   6.95695129081823e+03   2.70193754416517e+06
   0.00000   1.80000000000000e+04   5.27596964925193e+06
   9.00000   2.60456116208245e+00   5.70219984797879e-05
   9.00000   8.77592023733632e+01   1.11999061079035e+15
  10.00000   3.14996166729164e+00   2.07994660281906e-04
  10.00000   7.41094272711612e+00   3.48984120749279e+01
  10.00000   8.15002256607447e+00   2.06467595379020e+02
  10.00000   1.58546365570201e+01   1.98194319624828e+06
  10.00000   1.74357906240230e+01   1.37586143055970e+07
  10.00000   3.73013439190017e+01   5.07499289886699e+11
  10.00000   4.10213391033814e+01   1.29174219181487e+12
  10.00000   8.77592023733632e+01   1.10524780504031e+16
  10.00000   9.65112680073203e+01   2.62205515637435e+16
  10.00000   2.49707487017269e+02   3.67591977317838e+21
  10.00000   3.32114339137615e+02   1.48570609257601e+22
  10.00000   3.65235498121541e+02   1.29681840556656e+23
  10.00000   8.59292792859842e+02   2.88809954647032e+26
  10.00000   9.44988500187491e+02   0.00000000000000e+00
