# Free-atom, free-ion and frozen-core density fits -- Am (Z = 95)
#
#   rho(r) = sum_i c_i r^n_i exp(-alpha_i r)      r in bohr, rho in e/bohr^3
#
# All-electron B86BPBE densities (scalar-relativistic, spin-restricted),
# fitted with rhofit.py (monotone decay imposed).  Two kinds of block:
#
#   STATE <N> <q> <nterm> <symbol>
#     the atom or ion with N electrons (charge q), in order of increasing N;
#   CORE <N_core> <nterm> <symbol>
#     the frozen core of the neutral atom with N_core electrons, for a
#     pseudopotential with Z - N_core valence electrons, in order of
#     increasing N_core, each preceded by a '# orbitals:' comment.
#
# Each block header is followed by nterm lines:   n   alpha   c
#
# Generated 2026-09-23 by combine_fits.py from
#   /home/alberto/doc/manuals/critic2/atomic_density_fits/15_rhofit/rho_b86bpbe_mono/fit_095_Am.dat
#     recipe: --npow 0,1,2,3,4,5,6,7,8,9,10 --amin 0.2 --ratio 1.1 --mom 3 --cusp none --targetz 1e-3 --besteffort --monotone --stats
#   /home/alberto/doc/manuals/critic2/atomic_density_fits/15_rhofit/core_b86bpbe_mono/core_095_Am.dat
#     recipe: --npow 0,1,2,3,4,5,6,7,8,9,10 --amin 0.2 --ratio 1.1 --mom 3 --cusp none --besteffort --monotone --stats --target 1e-3*N_core
#
STATE 89 +6 27 Am
   0.00000   3.42906994726284e+00   0.00000000000000e+00
   0.00000   3.76976741085244e+00   4.25544115528527e+01
   0.00000   1.41987305713722e+01   5.64792535197757e+02
   0.00000   2.75560522517659e+01   8.34269818422626e+03
   0.00000   7.10557316596254e+01   6.47885206613762e+04
   0.00000   3.23452492070579e+02   1.67192844297299e+06
   0.00000   1.10817220367092e+03   1.53044305343169e+06
   0.00000   1.21827537007397e+03   7.47757132247270e+05
   0.00000   3.45355034878589e+03   2.80110614094666e+06
   0.00000   3.79668007851027e+03   8.23193741481751e+05
   0.00000   9.79007727200049e+03   4.64466720464240e+06
   0.00000   1.07627767345994e+04   0.00000000000000e+00
   0.00000   1.90000000000000e+04   8.84042565916934e+06
   8.00000   2.43442201457873e+02   4.04237341483395e+18
  10.00000   7.31614049779206e+00   3.96788158332471e+01
  10.00000   8.84216185209111e+00   1.01016275986218e+03
  10.00000   9.72068056474109e+00   2.20344969812358e+03
  10.00000   1.88653189958266e+01   5.10170345868511e+07
  10.00000   2.07396949725596e+01   4.25961198693476e+07
  10.00000   4.02503671350607e+01   1.38397217123416e+12
  10.00000   4.42494684081074e+01   4.25351319326314e+12
  10.00000   9.44090767482703e+01   2.64670450827253e+16
  10.00000   1.03789151661483e+02   1.39294243295555e+17
  10.00000   2.67629558917165e+02   2.68375760146876e+21
  10.00000   3.90919131092877e+02   1.51143147355725e+23
  10.00000   1.00801974919209e+03   7.56649874618621e+27
  10.00000   3.79668007851027e+03   4.58976310626099e+33
STATE 90 +5 30 Am
   0.00000   3.42906994726284e+00   2.10581768790781e+01
   0.00000   3.76976741085244e+00   1.28243315527751e+01
   0.00000   7.31614049779206e+00   6.11633992823788e+01
   0.00000   1.41987305713722e+01   2.44716046628313e+02
   0.00000   2.75560522517659e+01   9.99250406062329e+03
   0.00000   7.10557316596254e+01   0.00000000000000e+00
   0.00000   7.81155198594142e+01   6.62435177091213e+04
   0.00000   2.94220066928663e+02   4.73227038828480e+05
   0.00000   3.23452492070579e+02   1.09594336590965e+06
   0.00000   1.00801974919209e+03   2.00946940602514e+06
   0.00000   1.10817220367092e+03   0.00000000000000e+00
   0.00000   3.14143139926581e+03   3.69878112156922e+06
   0.00000   3.45355034878589e+03   0.00000000000000e+00
   0.00000   8.10046027253588e+03   2.83168785242783e+06
   0.00000   1.90000000000000e+04   1.34728769360439e+07
   8.00000   2.43442201457873e+02   2.10469703397135e+18
  10.00000   7.31614049779206e+00   6.25988869424521e+01
  10.00000   8.84216185209111e+00   4.88810128056538e+02
  10.00000   9.72068056474109e+00   3.14976935851178e+03
  10.00000   1.88653189958266e+01   6.10981124986447e+07
  10.00000   2.07396949725596e+01   0.00000000000000e+00
  10.00000   4.02503671350607e+01   1.28100908252610e+12
  10.00000   4.42494684081074e+01   4.56340147256778e+12
  10.00000   9.44090767482703e+01   2.92746136978252e+16
  10.00000   1.03789151661483e+02   1.23902216572786e+17
  10.00000   2.67629558917165e+02   6.46095928387017e+21
  10.00000   3.90919131092877e+02   3.35688274060661e+23
  10.00000   9.16918698551863e+02   1.15089382313187e+27
  10.00000   1.00801974919209e+03   0.00000000000000e+00
  10.00000   3.79668007851027e+03   1.70905969539528e+33
STATE 91 +4 27 Am
   0.00000   3.11916344477134e+00   1.13586725144433e+01
   0.00000   3.42906994726284e+00   2.18291815305567e+01
   0.00000   7.31614049779206e+00   1.83713211477516e+01
   0.00000   1.41987305713722e+01   6.34834660726536e+02
   0.00000   2.75560522517659e+01   7.44201790288085e+03
   0.00000   6.46339806836247e+01   3.00973893360741e+04
   0.00000   7.10557316596254e+01   3.37880722879441e+04
   0.00000   3.23452492070579e+02   1.57662383038557e+06
   0.00000   3.55589323729012e+02   1.18602032790962e+05
   0.00000   1.10817220367092e+03   1.41973332436703e+06
   0.00000   1.21827537007397e+03   8.55102504410852e+05
   0.00000   3.79668007851027e+03   4.29141652920424e+06
   0.00000   1.30077072595816e+04   0.00000000000000e+00
   0.00000   1.43000964317514e+04   1.09676773375143e+07
   8.00000   2.43442201457873e+02   5.60994280478192e+18
   9.00000   6.65493511316086e+00   2.81013992946886e+01
   9.00000   7.31614049779206e+00   0.00000000000000e+00
  10.00000   8.84216185209111e+00   9.54370958945541e+02
  10.00000   1.88653189958266e+01   5.43493745587204e+07
  10.00000   2.07396949725596e+01   1.97266851040033e+07
  10.00000   4.02503671350607e+01   1.40107211029934e+12
  10.00000   4.42494684081074e+01   4.08612806921171e+12
  10.00000   9.44090767482703e+01   2.64934875638003e+16
  10.00000   1.03789151661483e+02   1.43869713019137e+17
  10.00000   3.90919131092877e+02   4.65900747675224e+22
  10.00000   1.00801974919209e+03   6.70097176208136e+27
  10.00000   1.10817220367092e+03   5.27082600593476e+27
STATE 92 +3 27 Am
   0.00000   2.83726513160334e+00   7.74568168265784e+00
   0.00000   3.11916344477134e+00   1.82495864153850e+01
   0.00000   7.31614049779206e+00   5.26115703984467e+01
   0.00000   1.41987305713722e+01   5.41160941370164e+02
   0.00000   2.75560522517659e+01   7.67340992520942e+03
   0.00000   6.46339806836247e+01   2.63150932379120e+04
   0.00000   7.10557316596254e+01   3.77681985191712e+04
   0.00000   3.23452492070579e+02   1.55593733096678e+06
   0.00000   3.55589323729012e+02   1.42242554275830e+05
   0.00000   1.10817220367092e+03   1.35698079146632e+06
   0.00000   1.21827537007397e+03   9.20524422267898e+05
   0.00000   3.79668007851027e+03   4.27397576096849e+06
   0.00000   4.17390168457348e+03   0.00000000000000e+00
   0.00000   1.43000964317514e+04   1.10320604208725e+07
   8.00000   6.05348699546531e+00   1.49786814752123e+01
   8.00000   2.43442201457873e+02   5.63685708121826e+18
  10.00000   8.04304037128472e+00   4.35328497834409e+01
  10.00000   8.84216185209111e+00   5.31885076075151e+02
  10.00000   1.88653189958266e+01   5.96483571353826e+07
  10.00000   4.02503671350607e+01   1.37412563015789e+12
  10.00000   4.42494684081074e+01   4.11308997949449e+12
  10.00000   9.44090767482703e+01   2.70067869116221e+16
  10.00000   1.03789151661483e+02   1.42042474042994e+17
  10.00000   3.55589323729012e+02   0.00000000000000e+00
  10.00000   3.90919131092877e+02   4.59902983736623e+22
  10.00000   1.00801974919209e+03   6.60281713294017e+27
  10.00000   1.10817220367092e+03   5.84229446770823e+27
STATE 93 +2 28 Am
   0.00000   2.58084373247786e+00   1.03054322680044e+01
   0.00000   2.83726513160334e+00   9.20963185594134e+00
   0.00000   6.05348699546531e+00   3.38582888179007e+01
   0.00000   1.29155024661229e+01   0.00000000000000e+00
   0.00000   1.41987305713722e+01   8.98509771113915e+02
   0.00000   3.02939016549876e+01   7.38705434685066e+03
   0.00000   6.46339806836247e+01   6.26995239750031e+04
   0.00000   3.23452492070579e+02   1.18303195814331e+06
   0.00000   3.55589323729012e+02   5.91543724130584e+05
   0.00000   1.10817220367092e+03   0.00000000000000e+00
   0.00000   1.21827537007397e+03   2.31980561136381e+06
   0.00000   3.79668007851027e+03   3.93724853815381e+06
   0.00000   4.17390168457348e+03   0.00000000000000e+00
   0.00000   1.18321193817466e+04   0.00000000000000e+00
   0.00000   1.30077072595816e+04   1.00131177210451e+07
   9.00000   2.67629558917165e+02   2.92872353963583e+20
  10.00000   2.34759673929599e+00   2.26072998827569e-08
  10.00000   7.31614049779206e+00   1.12194858824691e+01
  10.00000   8.04304037128472e+00   1.25087597782799e+02
  10.00000   1.88653189958266e+01   6.02588790512407e+07
  10.00000   4.02503671350607e+01   1.41419380395671e+12
  10.00000   4.42494684081074e+01   3.80039345739139e+12
  10.00000   9.44090767482703e+01   2.72823068538026e+16
  10.00000   1.03789151661483e+02   1.50960480298556e+17
  10.00000   2.94220066928663e+02   0.00000000000000e+00
  10.00000   3.23452492070579e+02   6.60215693580508e+21
  10.00000   1.00801974919209e+03   4.45106401822118e+27
  10.00000   1.10817220367092e+03   2.20716347983362e+28
STATE 94 +1 29 Am
   0.00000   1.20963965690548e+00   1.00057306314293e-01
   0.00000   2.58084373247786e+00   7.76981598158042e+00
   0.00000   2.83726513160334e+00   1.21438636196177e+01
   0.00000   6.05348699546531e+00   3.63285304560405e+01
   0.00000   1.29155024661229e+01   4.31026061247490e+02
   0.00000   2.75560522517659e+01   8.54013686640018e+03
   0.00000   6.46339806836247e+01   0.00000000000000e+00
   0.00000   7.10557316596254e+01   6.46108539964688e+04
   0.00000   3.23452492070579e+02   1.67072760953088e+06
   0.00000   3.55589323729012e+02   0.00000000000000e+00
   0.00000   1.10817220367092e+03   2.05432724807956e+06
   0.00000   1.21827537007397e+03   1.39390058663818e+05
   0.00000   3.45355034878589e+03   2.20812547166339e+06
   0.00000   3.79668007851027e+03   1.92851178876529e+06
   0.00000   1.30077072595816e+04   7.55718996432629e+06
   0.00000   1.90000000000000e+04   5.22501045260073e+06
   8.00000   2.43442201457873e+02   4.06945292786482e+18
  10.00000   3.11916344477134e+00   3.84538428977757e-06
  10.00000   3.42906994726284e+00   7.52429671245713e-04
  10.00000   8.04304037128472e+00   1.33892409226167e+02
  10.00000   1.88653189958266e+01   5.87036056395608e+07
  10.00000   4.02503671350607e+01   1.37458020091713e+12
  10.00000   4.42494684081074e+01   4.11918965140675e+12
  10.00000   9.44090767482703e+01   2.69945851308809e+16
  10.00000   1.03789151661483e+02   1.37534263800148e+17
  10.00000   2.67629558917165e+02   2.62857747975149e+21
  10.00000   3.90919131092877e+02   1.49395603786030e+23
  10.00000   1.00801974919209e+03   7.70501409122628e+27
  10.00000   1.10817220367092e+03   0.00000000000000e+00
STATE 95 +0 30 Am
   0.00000   1.00087442750537e+00   2.49107576480575e-02
   0.00000   1.10031695392421e+00   1.49601893056697e-01
   0.00000   2.83726513160334e+00   2.18959937156490e+01
   0.00000   6.65493511316086e+00   4.73126008335847e+01
   0.00000   1.41987305713722e+01   5.83494099959227e+02
   0.00000   2.75560522517659e+01   7.52520454271958e+03
   0.00000   6.46339806836247e+01   2.92183188194155e+04
   0.00000   7.10557316596254e+01   3.46760646424798e+04
   0.00000   3.23452492070579e+02   1.57240336586680e+06
   0.00000   3.55589323729012e+02   1.23500262158298e+05
   0.00000   1.10817220367092e+03   1.40589660566407e+06
   0.00000   1.21827537007397e+03   8.69583629467619e+05
   0.00000   3.79668007851027e+03   4.28756192496699e+06
   0.00000   4.17390168457348e+03   0.00000000000000e+00
   0.00000   1.43000964317514e+04   1.09822495473735e+07
   8.00000   2.43442201457873e+02   5.61549409442730e+18
   9.00000   2.58084373247786e+00   3.06178624152566e-05
  10.00000   2.83726513160334e+00   0.00000000000000e+00
  10.00000   3.11916344477134e+00   1.82023796736434e-04
  10.00000   8.04304037128472e+00   1.09190218315038e+02
  10.00000   8.84216185209111e+00   1.46416138423300e+02
  10.00000   1.88653189958266e+01   5.84817504524127e+07
  10.00000   4.02503671350607e+01   1.38799883191577e+12
  10.00000   4.42494684081074e+01   4.05552314343698e+12
  10.00000   9.44090767482703e+01   2.67068600799442e+16
  10.00000   1.03789151661483e+02   1.43018482316604e+17
  10.00000   3.55589323729012e+02   0.00000000000000e+00
  10.00000   3.90919131092877e+02   4.63078671735153e+22
  10.00000   1.00801974919209e+03   6.68175850623724e+27
  10.00000   1.10817220367092e+03   5.39588705363716e+27
STATE 96 -1 32 Am
   0.00000   9.10419144285213e-01   0.00000000000000e+00
   0.00000   1.00087442750537e+00   1.19911375199319e-01
   0.00000   2.58084373247786e+00   2.00730171933487e+00
   0.00000   2.83726513160334e+00   1.96442119532233e+01
   0.00000   6.65493511316086e+00   4.23716856684128e+01
   0.00000   1.29155024661229e+01   4.14720694977030e+02
   0.00000   2.75560522517659e+01   8.55679346709113e+03
   0.00000   6.46339806836247e+01   0.00000000000000e+00
   0.00000   7.10557316596254e+01   6.45888089906605e+04
   0.00000   3.23452492070579e+02   1.67036663713213e+06
   0.00000   1.10817220367092e+03   2.15904458679630e+06
   0.00000   3.45355034878589e+03   3.82788484395322e+06
   0.00000   3.79668007851027e+03   0.00000000000000e+00
   0.00000   1.07627767345994e+04   5.36951272812755e+06
   0.00000   1.18321193817466e+04   0.00000000000000e+00
   0.00000   1.90000000000000e+04   7.95722250749580e+06
   8.00000   2.43442201457873e+02   4.06583451915142e+18
  10.00000   1.32982418778507e+00   1.98253865555277e-10
  10.00000   1.46194973050260e+00   1.93382520765498e-08
  10.00000   2.83726513160334e+00   8.49716628590722e-05
  10.00000   3.11916344477134e+00   3.07420837877009e-05
  10.00000   8.04304037128472e+00   1.16450717048681e+02
  10.00000   8.84216185209111e+00   1.05598982760027e+02
  10.00000   1.88653189958266e+01   5.90468640294696e+07
  10.00000   4.02503671350607e+01   1.37050264845911e+12
  10.00000   4.42494684081074e+01   4.12421149197566e+12
  10.00000   9.44090767482703e+01   2.70004725942581e+16
  10.00000   1.03789151661483e+02   1.37613244516017e+17
  10.00000   2.67629558917165e+02   2.63203489320417e+21
  10.00000   3.90919131092877e+02   1.49728347726872e+23
  10.00000   1.00801974919209e+03   7.74721670052952e+27
  10.00000   1.10817220367092e+03   0.00000000000000e+00
# orbitals: 1s2
CORE 2 10 Am
   0.00000   1.37900740108971e+02   2.80724587495412e+03
   0.00000   2.01427815815924e+02   3.22916535379456e+05
   0.00000   2.21440806801906e+02   2.25229518881830e+05
   0.00000   3.55589323729012e+02   6.95132633079762e+05
   0.00000   3.90919131092877e+02   0.00000000000000e+00
   0.00000   6.90106621545664e+02   0.00000000000000e+00
   0.00000   7.58672611502988e+02   9.99428626011606e+05
   0.00000   1.00801974919209e+03   3.09704149201315e+05
   0.00000   2.36435641806488e+03   0.00000000000000e+00
   0.00000   2.59926857997615e+03   3.53223358567138e+06
# orbitals: 1s2 2s2
CORE 4 18 Am
   0.00000   6.46339806836247e+01   1.16569806322760e+03
   0.00000   7.10557316596254e+01   1.36821360308230e+04
   0.00000   2.67629558917165e+02   9.37449848839213e+05
   0.00000   2.94220066928663e+02   3.72239474372999e+05
   0.00000   7.58672611502988e+02   1.42014425308297e+06
   0.00000   8.34051019762138e+02   0.00000000000000e+00
   0.00000   1.77950130407148e+03   1.12355341740156e+06
   0.00000   1.95630480766739e+03   9.09330057771857e+05
   0.00000   4.58860238741030e+03   3.33983519292531e+06
   0.00000   5.04450594693370e+03   0.00000000000000e+00
   0.00000   8.10046027253588e+03   1.70761520089355e+06
   0.00000   1.90000000000000e+04   1.18316345056796e+07
   4.00000   1.14101189987621e+02   2.87400155940373e+09
   5.00000   1.25437787554657e+02   4.13983220349709e+11
   5.00000   1.37900740108971e+02   9.60134762955036e+11
  10.00000   2.67629558917165e+02   9.91330995824199e+20
  10.00000   2.94220066928663e+02   1.21373776087140e+21
  10.00000   8.34051019762138e+02   4.02318235661504e+26
# orbitals: 1s2 2s2 2p6
CORE 10 16 Am
   0.00000   6.46339806836247e+01   1.38631904079938e+04
   0.00000   7.10557316596254e+01   4.21281274728855e+04
   0.00000   2.94220066928663e+02   9.11909518510244e+05
   0.00000   3.23452492070579e+02   5.92842006283728e+05
   0.00000   1.00801974919209e+03   1.96230757969953e+06
   0.00000   1.10817220367092e+03   0.00000000000000e+00
   0.00000   3.14143139926581e+03   3.46634924909526e+06
   0.00000   3.45355034878589e+03   0.00000000000000e+00
   0.00000   1.07627767345994e+04   8.58060152128448e+06
   3.00000   1.03789151661483e+02   2.61927228215121e+09
   4.00000   1.14101189987621e+02   0.00000000000000e+00
   4.00000   1.25437787554657e+02   4.54853688846182e+10
  10.00000   2.67629558917165e+02   6.05912988511520e+20
  10.00000   2.94220066928663e+02   4.54952200617581e+21
  10.00000   9.16918698551863e+02   2.21526146483453e+27
  10.00000   1.00801974919209e+03   3.14686332356000e+26
# orbitals: 1s2 2s2 2p6 3s2
CORE 12 20 Am
   0.00000   3.02939016549876e+01   0.00000000000000e+00
   0.00000   5.87926035161060e+01   5.52373862910417e+04
   0.00000   2.94220066928663e+02   4.03206500579886e+05
   0.00000   3.23452492070579e+02   1.23703658168933e+06
   0.00000   1.10817220367092e+03   2.23981502108618e+06
   0.00000   1.21827537007397e+03   0.00000000000000e+00
   0.00000   3.45355034878589e+03   0.00000000000000e+00
   0.00000   3.79668007851027e+03   4.38038578694317e+06
   0.00000   1.30077072595816e+04   0.00000000000000e+00
   0.00000   1.43000964317514e+04   1.05308922241854e+07
   7.00000   2.01427815815924e+02   4.26140996723586e+15
   8.00000   5.87926035161060e+01   0.00000000000000e+00
   8.00000   2.01427815815924e+02   6.83626351625703e+17
   9.00000   6.46339806836247e+01   3.36984374661078e+12
  10.00000   8.58767378842401e+01   1.21252598577221e+15
  10.00000   9.44090767482703e+01   6.82171175211862e+15
  10.00000   3.23452492070579e+02   2.58639811463710e+22
  10.00000   3.55589323729012e+02   2.37486088004005e+22
  10.00000   9.16918698551863e+02   1.00218063894222e+27
  10.00000   1.00801974919209e+03   4.87745990500154e+27
# orbitals: 1s2 2s2 2p6 3s2 3p6
CORE 18 22 Am
   0.00000   2.75560522517659e+01   7.13825929824992e+02
   0.00000   3.02939016549876e+01   7.29808102617927e+02
   0.00000   6.46339806836247e+01   3.32640157689481e+04
   0.00000   7.10557316596254e+01   4.05297545363402e+04
   0.00000   3.23452492070579e+02   1.65039078737641e+06
   0.00000   3.55589323729012e+02   0.00000000000000e+00
   0.00000   1.00801974919209e+03   0.00000000000000e+00
   0.00000   1.10817220367092e+03   2.13375046345073e+06
   0.00000   3.45355034878589e+03   3.79572031374208e+06
   0.00000   3.79668007851027e+03   0.00000000000000e+00
   0.00000   1.07627767345994e+04   5.16974807027336e+06
   0.00000   1.18321193817466e+04   0.00000000000000e+00
   0.00000   1.90000000000000e+04   8.16461915002564e+06
   7.00000   5.87926035161060e+01   8.81439714657723e+10
   8.00000   6.46339806836247e+01   4.57510123719704e+12
   8.00000   2.21440806801906e+02   1.40757873011126e+18
  10.00000   9.44090767482703e+01   2.31727663197309e+16
  10.00000   1.03789151661483e+02   1.66880117647488e+16
  10.00000   2.43442201457873e+02   1.38411719032335e+21
  10.00000   3.55589323729012e+02   1.23268975433650e+23
  10.00000   1.00801974919209e+03   7.22094902252833e+27
  10.00000   1.10817220367092e+03   0.00000000000000e+00
# orbitals: 1s2 2s2 2p6 3s2 3p6 3d10
CORE 28 21 Am
   0.00000   2.75560522517659e+01   1.47276374571663e+03
   0.00000   3.02939016549876e+01   8.44956275990415e+03
   0.00000   7.10557316596254e+01   6.12231886232117e+04
   0.00000   3.23452492070579e+02   1.66766946539263e+06
   0.00000   1.10817220367092e+03   9.52961755272281e+05
   0.00000   1.21827537007397e+03   1.37983140748219e+06
   0.00000   3.79668007851027e+03   4.09749011074282e+06
   0.00000   4.17390168457348e+03   0.00000000000000e+00
   0.00000   1.43000964317514e+04   6.05772319005564e+06
   0.00000   1.57208917664378e+04   6.13212604175433e+06
   7.00000   5.87926035161060e+01   0.00000000000000e+00
   7.00000   2.21440806801906e+02   0.00000000000000e+00
   8.00000   6.46339806836247e+01   1.02349449043505e+13
   9.00000   2.43442201457873e+02   1.12058949045664e+20
   9.00000   1.00801974919209e+03   0.00000000000000e+00
  10.00000   9.44090767482703e+01   2.19991494604435e+16
  10.00000   1.03789151661483e+02   7.70801351509339e+16
  10.00000   3.55589323729012e+02   8.24937976798844e+22
  10.00000   3.90919131092877e+02   7.09434037451583e+21
  10.00000   1.00801974919209e+03   8.08572254417078e+27
  10.00000   4.17390168457348e+03   1.71009373940805e+34
# orbitals: 1s2 2s2 2p6 3s2 3p6 3d10 4s2
CORE 30 25 Am
   0.00000   1.17482477122817e+01   7.36251935625604e+00
   0.00000   2.07396949725596e+01   0.00000000000000e+00
   0.00000   2.28003007873850e+01   6.08791588554788e+03
   0.00000   7.10557316596254e+01   1.90185480705925e+04
   0.00000   7.81155198594142e+01   5.48098419582532e+04
   0.00000   3.23452492070579e+02   1.64853067723689e+06
   0.00000   1.10817220367092e+03   2.15064732683273e+06
   0.00000   3.14143139926581e+03   2.95314329609559e+06
   0.00000   3.45355034878589e+03   0.00000000000000e+00
   0.00000   7.36837100336338e+03   3.89414841882217e+06
   0.00000   8.10046027253588e+03   0.00000000000000e+00
   0.00000   1.90000000000000e+04   1.12022978875919e+07
   9.00000   7.81155198594142e+01   2.88071730941660e+14
   9.00000   2.43442201457873e+02   8.11840222082828e+19
  10.00000   3.66126896613822e+01   4.44631283890931e+09
  10.00000   4.02503671350607e+01   1.32869676152745e+11
  10.00000   8.58767378842401e+01   3.67550286414362e+15
  10.00000   1.03789151661483e+02   9.72983263430982e+16
  10.00000   2.43442201457873e+02   1.21218516410544e+21
  10.00000   3.55589323729012e+02   1.41973433550443e+23
  10.00000   3.90919131092877e+02   0.00000000000000e+00
  10.00000   1.00801974919209e+03   4.92244640954348e+27
  10.00000   1.10817220367092e+03   2.54544078629292e+27
  10.00000   3.45355034878589e+03   0.00000000000000e+00
  10.00000   3.79668007851027e+03   4.50014584918226e+33
# orbitals: 1s2 2s2 2p6 3s2 3p6 3d10 4s2 4p6
CORE 36 24 Am
   0.00000   1.71603421017128e+01   0.00000000000000e+00
   0.00000   2.50656394263773e+01   7.22178410432915e+03
   0.00000   7.81155198594142e+01   7.44680328229503e+04
   0.00000   2.94220066928663e+02   3.05575975856304e+05
   0.00000   3.23452492070579e+02   1.27213168256674e+06
   0.00000   1.00801974919209e+03   1.93306228658854e+06
   0.00000   1.10817220367092e+03   0.00000000000000e+00
   0.00000   2.85752059174770e+03   3.06031094753623e+06
   0.00000   3.14143139926581e+03   0.00000000000000e+00
   0.00000   7.36837100336338e+03   4.06893347172041e+06
   0.00000   1.90000000000000e+04   1.14423336029764e+07
   9.00000   3.02939016549876e+01   1.41015764809075e+09
   9.00000   8.58767378842401e+01   2.22374323855194e+15
   9.00000   2.43442201457873e+02   1.53515129161312e+20
  10.00000   3.02939016549876e+01   9.12497460247105e+08
  10.00000   4.02503671350607e+01   6.14292206258217e+11
  10.00000   4.42494684081074e+01   5.57192704626356e+11
  10.00000   1.03789151661483e+02   4.36396215132100e+16
  10.00000   1.14101189987621e+02   4.35752218826706e+16
  10.00000   3.55589323729012e+02   5.73710723306270e+22
  10.00000   3.90919131092877e+02   2.30720842521866e+23
  10.00000   1.00801974919209e+03   3.34984307941297e+27
  10.00000   1.10817220367092e+03   0.00000000000000e+00
  10.00000   3.45355034878589e+03   8.73634032810775e+32
# orbitals: 1s2 2s2 2p6 3s2 3p6 3d10 4s2 4p6 4d10
CORE 46 27 Am
   0.00000   1.06864850725831e+01   3.57683398807464e+01
   0.00000   1.17482477122817e+01   0.00000000000000e+00
   0.00000   3.02939016549876e+01   1.17794179868644e+04
   0.00000   7.81155198594142e+01   6.42267892433855e+04
   0.00000   2.94220066928663e+02   6.22924635696946e+05
   0.00000   3.23452492070579e+02   8.99572480355641e+05
   0.00000   9.16918698551863e+02   1.52854795881051e+06
   0.00000   1.00801974919209e+03   2.28093085964416e+05
   0.00000   2.59926857997615e+03   3.06529384215161e+06
   0.00000   2.85752059174770e+03   0.00000000000000e+00
   0.00000   6.70244522120343e+03   0.00000000000000e+00
   0.00000   7.36837100336338e+03   2.46971662308053e+06
   0.00000   1.90000000000000e+04   1.59981742865996e+07
   4.00000   1.90000000000000e+04   8.89135655189628e+21
   9.00000   3.02939016549876e+01   2.61923494266977e+09
   9.00000   8.58767378842401e+01   1.36315862894347e+15
   9.00000   2.43442201457873e+02   1.35385085142384e+20
  10.00000   3.02939016549876e+01   7.93285457909035e+09
  10.00000   4.02503671350607e+01   1.15446620320500e+12
  10.00000   4.42494684081074e+01   1.39036509600781e+12
  10.00000   9.44090767482703e+01   2.84590165335517e+16
  10.00000   1.14101189987621e+02   2.02054549315757e+17
  10.00000   2.67629558917165e+02   0.00000000000000e+00
  10.00000   3.55589323729012e+02   6.89530168855836e+22
  10.00000   3.90919131092877e+02   1.82892237146663e+23
  10.00000   1.00801974919209e+03   1.96739687817107e+27
  10.00000   3.14143139926581e+03   7.95613720465257e+30
# orbitals: 1s2 2s2 2p6 3s2 3p6 3d10 4s2 4p6 4d10 4f14
CORE 60 25 Am
   0.00000   1.06864850725831e+01   2.47332301728179e+01
   0.00000   1.17482477122817e+01   9.21493077212698e+02
   0.00000   3.33037718573512e+01   1.03008530603417e+04
   0.00000   7.10557316596254e+01   5.64996915349145e+04
   0.00000   2.94220066928663e+02   8.26123163426901e+05
   0.00000   3.23452492070579e+02   6.82284445158585e+05
   0.00000   9.16918698551863e+02   1.76173774612304e+06
   0.00000   1.00801974919209e+03   0.00000000000000e+00
   0.00000   2.36435641806488e+03   5.98913659346219e+05
   0.00000   2.59926857997615e+03   2.27711158563799e+06
   0.00000   6.70244522120343e+03   4.27654660508545e+06
   0.00000   1.90000000000000e+04   1.16897600003285e+07
   7.00000   2.50656394263773e+01   0.00000000000000e+00
   9.00000   2.75560522517659e+01   4.99525028593984e+08
   9.00000   9.44090767482703e+01   5.40401395455918e+15
  10.00000   3.02939016549876e+01   1.43426276005780e+10
  10.00000   4.02503671350607e+01   1.63322192613262e+12
  10.00000   4.42494684081074e+01   1.08407882015930e+12
  10.00000   9.44090767482703e+01   2.67287439722015e+16
  10.00000   1.03789151661483e+02   0.00000000000000e+00
  10.00000   2.67629558917165e+02   8.07882771219719e+21
  10.00000   3.55589323729012e+02   4.24360034709967e+22
  10.00000   3.90919131092877e+02   2.59563382398208e+23
  10.00000   9.16918698551863e+02   7.45682543049677e+26
  10.00000   1.00801974919209e+03   0.00000000000000e+00
# orbitals: 1s2 2s2 2p6 3s2 3p6 3d10 4s2 4p6 4d10 4f14 5s2
CORE 62 26 Am
   0.00000   9.72068056474109e+00   5.99948148939841e+02
   0.00000   3.33037718573512e+01   1.26740264198239e+04
   0.00000   3.66126896613822e+01   0.00000000000000e+00
   0.00000   7.10557316596254e+01   0.00000000000000e+00
   0.00000   7.81155198594142e+01   6.08749891809122e+04
   0.00000   2.94220066928663e+02   5.40704540164337e+05
   0.00000   3.23452492070579e+02   1.02139628361451e+06
   0.00000   1.00801974919209e+03   1.98166179659643e+06
   0.00000   2.59926857997615e+03   8.69420345248555e+05
   0.00000   2.85752059174770e+03   1.94129388074743e+06
   0.00000   7.36837100336338e+03   4.87476380351045e+06
   0.00000   1.90000000000000e+04   9.70784359985132e+06
   4.00000   1.56094546354059e+01   4.77973876285752e+04
   8.00000   2.43442201457873e+02   0.00000000000000e+00
   9.00000   1.88653189958266e+01   2.48533971459490e+06
   9.00000   9.44090767482703e+01   5.33732424380771e+15
  10.00000   3.02939016549876e+01   1.02866936753439e+10
  10.00000   4.02503671350607e+01   1.33568442357561e+12
  10.00000   4.42494684081074e+01   1.84619091906820e+12
  10.00000   9.44090767482703e+01   2.84178177370362e+16
  10.00000   2.67629558917165e+02   8.76846837874223e+21
  10.00000   3.55589323729012e+02   3.67805780124791e+22
  10.00000   3.90919131092877e+02   3.02365639054015e+23
  10.00000   9.16918698551863e+02   1.05249126447783e+27
  10.00000   1.00801974919209e+03   0.00000000000000e+00
  10.00000   3.45355034878589e+03   2.01113327014734e+33
# orbitals: 1s2 2s2 2p6 3s2 3p6 3d10 4s2 4p6 4d10 4f14 5s2 5p6
CORE 68 26 Am
   0.00000   7.31614049779206e+00   1.38562907026931e+02
   0.00000   8.04304037128472e+00   2.57337431542116e+02
   0.00000   3.33037718573512e+01   1.32255443589032e+04
   0.00000   7.81155198594142e+01   6.07773610067901e+04
   0.00000   2.94220066928663e+02   4.96749385009851e+05
   0.00000   3.23452492070579e+02   1.07396222101554e+06
   0.00000   1.00801974919209e+03   2.00695586989700e+06
   0.00000   1.10817220367092e+03   0.00000000000000e+00
   0.00000   3.14143139926581e+03   3.72238907732887e+06
   0.00000   3.45355034878589e+03   0.00000000000000e+00
   0.00000   8.90528674478797e+03   3.59651729214836e+06
   0.00000   1.90000000000000e+04   1.18018410845981e+07
   8.00000   2.43442201457873e+02   1.70117340201706e+18
   9.00000   1.71603421017128e+01   5.01058610299539e+06
   9.00000   9.44090767482703e+01   5.69539458905840e+15
  10.00000   1.88653189958266e+01   0.00000000000000e+00
  10.00000   2.07396949725596e+01   1.71833946256311e+07
  10.00000   4.02503671350607e+01   1.33897727211994e+12
  10.00000   4.42494684081074e+01   2.48484204975706e+12
  10.00000   9.44090767482703e+01   2.65785782773201e+16
  10.00000   1.03789151661483e+02   9.06940088668746e+15
  10.00000   2.67629558917165e+02   6.82531375859562e+21
  10.00000   3.90919131092877e+02   3.37364918471736e+23
  10.00000   9.16918698551863e+02   1.27135196680111e+27
  10.00000   1.00801974919209e+03   0.00000000000000e+00
  10.00000   3.79668007851027e+03   1.46588417773654e+33
# orbitals: 1s2 2s2 2p6 3s2 3p6 3d10 4s2 4p6 4d10 4f14 5s2 5p6 5d10
CORE 78 27 Am
   0.00000   5.50639550666673e+00   2.72484673525452e+01
   0.00000   6.05348699546531e+00   1.04348405514643e+02
   0.00000   1.41987305713722e+01   1.46397041405845e+02
   0.00000   2.75560522517659e+01   1.00909691544812e+04
   0.00000   7.81155198594142e+01   6.56036663937268e+04
   0.00000   2.94220066928663e+02   7.22571285025377e+05
   0.00000   3.23452492070579e+02   7.83816521760255e+05
   0.00000   9.16918698551863e+02   1.77144360081576e+06
   0.00000   1.00801974919209e+03   0.00000000000000e+00
   0.00000   2.59926857997615e+03   3.00229835481699e+06
   0.00000   2.85752059174770e+03   0.00000000000000e+00
   0.00000   6.09670331783338e+03   0.00000000000000e+00
   0.00000   6.70244522120343e+03   3.86711873339850e+06
   0.00000   1.90000000000000e+04   1.28110821144629e+07
   9.00000   2.43442201457873e+02   1.54057544609634e+18
  10.00000   1.29155024661229e+01   1.00925619951104e+05
  10.00000   1.71603421017128e+01   1.07008257042465e+07
  10.00000   1.88653189958266e+01   3.03862801303198e+07
  10.00000   4.02503671350607e+01   1.43033725035855e+12
  10.00000   4.42494684081074e+01   3.74271589476406e+12
  10.00000   9.44090767482703e+01   2.94759905682471e+16
  10.00000   1.03789151661483e+02   1.21005559857463e+17
  10.00000   2.67629558917165e+02   8.72135643131116e+21
  10.00000   3.55589323729012e+02   4.69664402473563e+22
  10.00000   3.90919131092877e+02   3.01496671187230e+23
  10.00000   9.16918698551863e+02   4.81514523268018e+26
  10.00000   1.00801974919209e+03   0.00000000000000e+00
# orbitals: 1s2 2s2 2p6 3s2 3p6 3d10 4s2 4p6 4d10 4f14 5s2 5p6 5d10 6s2
CORE 80 28 Am
   0.00000   4.14431509140509e+00   2.90354951193160e+01
   0.00000   4.55607619913194e+00   4.21806759829999e+01
   0.00000   1.41987305713722e+01   3.17282076502252e+02
   0.00000   1.56094546354059e+01   0.00000000000000e+00
   0.00000   2.75560522517659e+01   9.83320020456612e+03
   0.00000   7.10557316596254e+01   3.32686872486344e+03
   0.00000   7.81155198594142e+01   6.24948471275668e+04
   0.00000   2.94220066928663e+02   4.77729149253679e+05
   0.00000   3.23452492070579e+02   1.09215107237300e+06
   0.00000   1.00801974919209e+03   2.00891100541851e+06
   0.00000   1.10817220367092e+03   0.00000000000000e+00
   0.00000   3.14143139926581e+03   3.69778552547573e+06
   0.00000   8.10046027253588e+03   2.83939205579644e+06
   0.00000   1.90000000000000e+04   1.34494214832580e+07
   8.00000   2.43442201457873e+02   1.98142803453562e+18
  10.00000   6.65493511316086e+00   1.31325937903874e-01
  10.00000   7.31614049779206e+00   1.43161581769279e+00
  10.00000   1.71603421017128e+01   4.87191688477071e+06
  10.00000   1.88653189958266e+01   3.19952872435370e+07
  10.00000   4.02503671350607e+01   1.38674462814656e+12
  10.00000   4.42494684081074e+01   3.98514664370615e+12
  10.00000   9.44090767482703e+01   2.89536865581246e+16
  10.00000   1.03789151661483e+02   1.22814210205660e+17
  10.00000   2.67629558917165e+02   6.60508390429725e+21
  10.00000   3.90919131092877e+02   3.38071732134249e+23
  10.00000   9.16918698551863e+02   1.18649413940835e+27
  10.00000   1.00801974919209e+03   0.00000000000000e+00
  10.00000   3.79668007851027e+03   1.57751148610399e+33
# orbitals: 1s2 2s2 2p6 3s2 3p6 3d10 4s2 4p6 4d10 4f14 5s2 5p6 5d10 5f6
CORE 84 35 Am
   0.00000   1.46194973050260e+00   4.93497876581377e-02
   0.00000   3.76976741085244e+00   1.40291237136455e+01
   0.00000   4.14431509140509e+00   3.51171802788208e+01
   0.00000   1.29155024661229e+01   5.87079564390201e+02
   0.00000   1.41987305713722e+01   0.00000000000000e+00
   0.00000   3.02939016549876e+01   1.01354166826615e+04
   0.00000   7.10557316596254e+01   0.00000000000000e+00
   0.00000   7.81155198594142e+01   6.70230871078361e+04
   0.00000   2.94220066928663e+02   5.76305653533624e+05
   0.00000   3.23452492070579e+02   9.53933440720497e+05
   0.00000   9.16918698551863e+02   1.31987548862476e+06
   0.00000   1.00801974919209e+03   4.69528804201155e+05
   0.00000   2.59926857997615e+03   2.95719075465469e+06
   0.00000   2.85752059174770e+03   0.00000000000000e+00
   0.00000   6.09670331783338e+03   0.00000000000000e+00
   0.00000   6.70244522120343e+03   2.27720890343973e+06
   0.00000   1.90000000000000e+04   1.66062990778891e+07
   4.00000   1.90000000000000e+04   8.70738641921672e+21
   9.00000   9.44090767482703e+01   6.53665459939268e+15
   9.00000   2.43442201457873e+02   1.06412102219439e+20
  10.00000   1.46194973050260e+00   1.83655787339490e-11
  10.00000   3.42906994726284e+00   4.94961268739215e-05
  10.00000   3.76976741085244e+00   3.94031395763038e-04
  10.00000   6.05348699546531e+00   1.51942813340700e+00
  10.00000   1.29155024661229e+01   5.08409549388197e+04
  10.00000   1.71603421017128e+01   1.11820922432973e+07
  10.00000   1.88653189958266e+01   2.51369602970151e+07
  10.00000   4.02503671350607e+01   1.44941064255135e+12
  10.00000   4.42494684081074e+01   3.63876436567857e+12
  10.00000   9.44090767482703e+01   1.97395523465490e+16
  10.00000   2.67629558917165e+02   2.07949977427640e+21
  10.00000   3.55589323729012e+02   6.82161761309420e+22
  10.00000   3.90919131092877e+02   2.08933552002152e+23
  10.00000   1.00801974919209e+03   1.87359066322905e+27
  10.00000   3.14143139926581e+03   1.11658454725774e+32
# orbitals: 1s2 2s2 2p6 3s2 3p6 3d10 4s2 4p6 4d10 4f14 5s2 5p6 5d10 5f7
CORE 85 33 Am
   0.00000   1.46194973050260e+00   1.28126830008866e-01
   0.00000   1.60720269201635e+00   9.53775115440641e-04
   0.00000   3.76976741085244e+00   1.88563205129811e+01
   0.00000   4.14431509140509e+00   3.27147286358041e+01
   0.00000   1.41987305713722e+01   7.48346602622045e+02
   0.00000   3.02939016549876e+01   9.74327162955155e+03
   0.00000   7.81155198594142e+01   6.77019617005849e+04
   0.00000   2.94220066928663e+02   5.38763766587553e+05
   0.00000   3.23452492070579e+02   9.98878786670564e+05
   0.00000   9.16918698551863e+02   1.10258490154778e+06
   0.00000   1.00801974919209e+03   7.10797210391095e+05
   0.00000   2.59926857997615e+03   2.85899960995342e+06
   0.00000   6.09670331783338e+03   0.00000000000000e+00
   0.00000   6.70244522120343e+03   2.96544689287879e+06
   0.00000   1.90000000000000e+04   1.48800078741238e+07
   4.00000   1.90000000000000e+04   6.25227024526489e+21
   9.00000   9.44090767482703e+01   6.56724184183827e+15
   9.00000   2.43442201457873e+02   1.17690247784198e+20
  10.00000   1.32982418778507e+00   4.93034767917170e-13
  10.00000   5.50639550666673e+00   0.00000000000000e+00
  10.00000   6.05348699546531e+00   1.24533122084820e+00
  10.00000   1.29155024661229e+01   4.36643420528030e+04
  10.00000   1.71603421017128e+01   1.15903568902942e+07
  10.00000   1.88653189958266e+01   2.20597101416762e+07
  10.00000   4.02503671350607e+01   1.47055041209152e+12
  10.00000   4.42494684081074e+01   3.65849702343699e+12
  10.00000   9.44090767482703e+01   1.91148883925543e+16
  10.00000   1.03789151661483e+02   0.00000000000000e+00
  10.00000   2.67629558917165e+02   1.38126346562219e+21
  10.00000   3.55589323729012e+02   7.06487553867842e+22
  10.00000   3.90919131092877e+02   1.99385889147107e+23
  10.00000   1.00801974919209e+03   2.02851227068693e+27
  10.00000   3.14143139926581e+03   1.74067517341659e+32
# orbitals: 1s2 2s2 2p6 3s2 3p6 3d10 4s2 4p6 4d10 4f14 5s2 5p6 5d10 6s2 6p6
CORE 86 27 Am
   0.00000   2.58084373247786e+00   3.19019735085788e+00
   0.00000   2.83726513160334e+00   9.50056622147913e+00
   0.00000   7.31614049779206e+00   1.53767103631615e+02
   0.00000   1.41987305713722e+01   1.45421459054895e+02
   0.00000   2.75560522517659e+01   8.96440027970016e+03
   0.00000   7.10557316596254e+01   6.42242562093830e+04
   0.00000   3.23452492070579e+02   1.67071306547108e+06
   0.00000   1.10817220367092e+03   2.15735671026403e+06
   0.00000   3.45355034878589e+03   3.83959703440547e+06
   0.00000   3.79668007851027e+03   0.00000000000000e+00
   0.00000   1.07627767345994e+04   5.23554205952885e+06
   0.00000   1.18321193817466e+04   0.00000000000000e+00
   0.00000   1.90000000000000e+04   8.23341351736920e+06
   8.00000   5.50639550666673e+00   1.89315934076973e+00
   8.00000   2.43442201457873e+02   4.31964777548332e+18
   9.00000   6.05348699546531e+00   0.00000000000000e+00
  10.00000   8.04304037128472e+00   1.76587046708046e+02
  10.00000   1.88653189958266e+01   6.12311622639085e+07
  10.00000   4.02503671350607e+01   1.30660605285571e+12
  10.00000   4.42494684081074e+01   4.15040644570702e+12
  10.00000   9.44090767482703e+01   2.82476565391484e+16
  10.00000   1.03789151661483e+02   1.36262908370535e+17
  10.00000   2.67629558917165e+02   2.20967760036777e+21
  10.00000   3.90919131092877e+02   1.36983835282982e+23
  10.00000   1.00801974919209e+03   7.73603777787071e+27
  10.00000   1.10817220367092e+03   0.00000000000000e+00
  10.00000   3.79668007851027e+03   0.00000000000000e+00
# orbitals: 1s2 2s2 2p6 3s2 3p6 3d10 4s2 4p6 4d10 4f14 5s2 5p6 5d10 5f7 6s2
CORE 87 34 Am
   0.00000   1.46194973050260e+00   1.62762423670404e-02
   0.00000   1.60720269201635e+00   2.13784362708869e-01
   0.00000   3.42906994726284e+00   2.43741721244711e+01
   0.00000   3.76976741085244e+00   1.32720009129487e+01
   0.00000   1.41987305713722e+01   5.02348962683371e+02
   0.00000   3.02939016549876e+01   1.04846113828396e+04
   0.00000   7.81155198594142e+01   6.77184997258308e+04
   0.00000   2.94220066928663e+02   3.97124270826835e+05
   0.00000   3.23452492070579e+02   1.17434963229714e+06
   0.00000   1.00801974919209e+03   1.96236889841202e+06
   0.00000   2.59926857997615e+03   1.56641418802587e+06
   0.00000   2.85752059174770e+03   8.72598060744452e+05
   0.00000   5.54570609963248e+03   2.83930341937049e+06
   0.00000   6.09670331783338e+03   0.00000000000000e+00
   0.00000   1.90000000000000e+04   1.50607402669805e+07
   3.00000   1.72828511410102e+04   8.27181509552302e+17
   9.00000   3.66126896613822e+01   1.32624869753299e+11
   9.00000   9.44090767482703e+01   0.00000000000000e+00
   9.00000   2.43442201457873e+02   1.35338971766011e+20
  10.00000   2.13542973601966e+00   1.29515212349739e-08
  10.00000   5.50639550666673e+00   0.00000000000000e+00
  10.00000   6.05348699546531e+00   2.35291869826566e-01
  10.00000   1.29155024661229e+01   6.93388027764233e+04
  10.00000   1.71603421017128e+01   4.39634714424377e+06
  10.00000   1.88653189958266e+01   4.34668809291377e+07
  10.00000   4.02503671350607e+01   0.00000000000000e+00
  10.00000   4.42494684081074e+01   4.73134713483571e+12
  10.00000   9.44090767482703e+01   5.48222047041580e+16
  10.00000   1.14101189987621e+02   2.42656141492832e+17
  10.00000   3.55589323729012e+02   7.93094174078076e+22
  10.00000   3.90919131092877e+02   1.57886937154692e+23
  10.00000   1.00801974919209e+03   2.78315077402669e+27
  10.00000   1.10817220367092e+03   0.00000000000000e+00
  10.00000   3.14143139926581e+03   5.42577789219777e+32
# orbitals: 1s2 2s2 2p6 3s2 3p6 3d10 4s2 4p6 4d10 4f14 5s2 5p6 5d10 6s2 6p6 7s2
CORE 88 31 Am
   0.00000   1.00087442750537e+00   4.03989039682513e-02
   0.00000   1.10031695392421e+00   8.91007711956285e-02
   0.00000   2.58084373247786e+00   2.90114854436203e+00
   0.00000   2.83726513160334e+00   8.24142484992006e+00
   0.00000   6.65493511316086e+00   1.26399790797424e+02
   0.00000   1.41987305713722e+01   0.00000000000000e+00
   0.00000   2.50656394263773e+01   4.67116152592737e+03
   0.00000   2.75560522517659e+01   3.82340624619641e+03
   0.00000   7.10557316596254e+01   6.51809601596153e+04
   0.00000   3.23452492070579e+02   1.66983499757412e+06
   0.00000   1.10817220367092e+03   2.15982992499074e+06
   0.00000   3.45355034878589e+03   3.82736747485774e+06
   0.00000   3.79668007851027e+03   0.00000000000000e+00
   0.00000   1.07627767345994e+04   5.36688378963040e+06
   0.00000   1.18321193817466e+04   0.00000000000000e+00
   0.00000   1.90000000000000e+04   7.96484869548987e+06
   8.00000   2.43442201457873e+02   4.00129693560427e+18
   9.00000   2.58084373247786e+00   5.12456188752147e-05
  10.00000   3.11916344477134e+00   1.57949083376276e-04
  10.00000   8.04304037128472e+00   1.12679569760714e+02
  10.00000   8.84216185209111e+00   2.94929783013144e+02
  10.00000   1.88653189958266e+01   5.88662279294996e+07
  10.00000   4.02503671350607e+01   1.31784022932906e+12
  10.00000   4.42494684081074e+01   4.25609221591225e+12
  10.00000   9.44090767482703e+01   2.73240821485594e+16
  10.00000   1.03789151661483e+02   1.35575402463825e+17
  10.00000   2.67629558917165e+02   2.77266617835588e+21
  10.00000   3.90919131092877e+02   1.54443708757083e+23
  10.00000   1.00801974919209e+03   7.71156533063885e+27
  10.00000   1.10817220367092e+03   0.00000000000000e+00
  10.00000   3.79668007851027e+03   1.09667173788678e+32
# orbitals: 1s2 2s2 2p6 3s2 3p6 3d10 4s2 4p6 4d10 4f14 5s2 5p6 5d10 5f7 6s2 6p6
CORE 93 27 Am
   0.00000   2.58084373247786e+00   1.49323643934757e+01
   0.00000   2.83726513160334e+00   2.33601028069024e+00
   0.00000   5.50639550666673e+00   3.12822214653607e+01
   0.00000   1.41987305713722e+01   9.28373245576281e+02
   0.00000   3.02939016549876e+01   7.35274673333358e+03
   0.00000   6.46339806836247e+01   6.01850236385306e+04
   0.00000   3.23452492070579e+02   1.68478322414760e+06
   0.00000   3.55589323729012e+02   0.00000000000000e+00
   0.00000   1.10817220367092e+03   1.67388310168314e+06
   0.00000   1.21827537007397e+03   5.87434837798415e+05
   0.00000   3.79668007851027e+03   4.41270075320076e+06
   0.00000   4.17390168457348e+03   0.00000000000000e+00
   0.00000   1.43000964317514e+04   0.00000000000000e+00
   0.00000   1.57208917664378e+04   1.27108071321464e+07
   8.00000   2.43442201457873e+02   4.37326345511525e+18
   8.00000   2.67629558917165e+02   2.55123841560931e+18
   9.00000   2.67629558917165e+02   0.00000000000000e+00
  10.00000   2.83726513160334e+00   2.79294017711198e-06
  10.00000   3.11916344477134e+00   2.90046733330747e-05
  10.00000   8.04304037128472e+00   1.34949686722975e+02
  10.00000   1.88653189958266e+01   6.02262048947509e+07
  10.00000   4.02503671350607e+01   1.42710960741656e+12
  10.00000   4.42494684081074e+01   3.74435057139425e+12
  10.00000   9.44090767482703e+01   2.61789309273593e+16
  10.00000   1.03789151661483e+02   1.53789567281063e+17
  10.00000   1.00801974919209e+03   7.21609753159821e+27
  10.00000   1.10817220367092e+03   3.32833797106008e+27
