# Free-atom, free-ion and frozen-core density fits -- Au (Z = 79)
#
#   rho(r) = sum_i c_i r^n_i exp(-alpha_i r)      r in bohr, rho in e/bohr^3
#
# All-electron B86BPBE densities (scalar-relativistic, spin-restricted),
# fitted with rhofit.py (monotone decay imposed).  Two kinds of block:
#
#   STATE <N> <q> <nterm> <symbol>
#     the atom or ion with N electrons (charge q), in order of increasing N;
#   CORE <N_core> <nterm> <symbol>
#     the frozen core of the neutral atom with N_core electrons, for a
#     pseudopotential with Z - N_core valence electrons, in order of
#     increasing N_core, each preceded by a '# orbitals:' comment.
#
# Each block header is followed by nterm lines:   n   alpha   c
#
# Generated 2026-09-23 by combine_fits.py from
#   /home/alberto/doc/manuals/critic2/atomic_density_fits/15_rhofit/rho_b86bpbe_mono/fit_079_Au.dat
#     recipe: --npow 0,1,2,3,4,5,6,7,8,9,10 --amin 0.2 --ratio 1.1 --mom 3 --cusp none --targetz 1e-3 --besteffort --monotone --stats
#   /home/alberto/doc/manuals/critic2/atomic_density_fits/15_rhofit/core_b86bpbe_mono/core_079_Au.dat
#     recipe: --npow 0,1,2,3,4,5,6,7,8,9,10 --amin 0.2 --ratio 1.1 --mom 3 --cusp none --besteffort --monotone --stats --target 1e-3*N_core
#
STATE 74 +5 30 Au
   0.00000   3.43341184453226e+00   4.61358599039769e+00
   0.00000   3.77469991382530e+00   3.92556527366702e+01
   0.00000   8.05628223927610e+00   6.17377346814699e+01
   0.00000   2.28484374262857e+01   4.92035576551076e+03
   0.00000   2.51196182367085e+01   0.00000000000000e+00
   0.00000   5.89415844708720e+01   2.90014882151327e+04
   0.00000   2.22133075150377e+02   4.60723737363203e+05
   0.00000   2.44213551299759e+02   1.86098572752352e+05
   0.00000   8.37152640512193e+02   5.65807470064306e+05
   0.00000   2.61025546411447e+03   0.00000000000000e+00
   0.00000   2.86972012726810e+03   6.67981311728152e+05
   0.00000   6.73361552294427e+03   5.46794106895933e+05
   0.00000   7.40295050087506e+03   0.00000000000000e+00
   0.00000   1.58000000000000e+04   1.36996290570032e+06
   8.00000   1.83780813060002e+02   0.00000000000000e+00
   9.00000   7.12417971971638e+01   3.05882101412747e+14
   9.00000   2.02048996925634e+02   5.83488831535649e+18
  10.00000   8.05628223927610e+00   9.62227928095585e+01
  10.00000   1.17695753422298e+01   4.07050420759480e+04
  10.00000   1.29394948936362e+01   3.91398986462439e+04
  10.00000   2.76165590051273e+01   6.20775364571532e+09
  10.00000   3.03617007271689e+01   0.00000000000000e+00
  10.00000   3.33797150787331e+01   1.23441128511310e+11
  10.00000   8.61088773477066e+01   2.64633691196093e+14
  10.00000   2.02048996925634e+02   1.57261937153903e+20
  10.00000   2.95177207241425e+02   1.09177099139171e+22
  10.00000   7.61461800205251e+02   3.49040046152361e+25
  10.00000   8.37152640512193e+02   8.40892202605106e+24
  10.00000   2.61025546411447e+03   6.72535378802947e+31
  10.00000   2.86972012726810e+03   0.00000000000000e+00
STATE 75 +4 29 Au
   0.00000   3.12298120732677e+00   2.83993970460045e+00
   0.00000   3.43341184453226e+00   3.00597509384221e+01
   0.00000   8.85709295923123e+00   7.36819674290037e+01
   0.00000   2.28484374262857e+01   4.75711386208034e+03
   0.00000   5.89415844708720e+01   2.89320105779131e+04
   0.00000   2.22133075150377e+02   5.14058702890579e+05
   0.00000   2.44213551299759e+02   1.21302846815022e+05
   0.00000   7.61461800205251e+02   4.89644269790601e+05
   0.00000   2.15958326406150e+03   5.34056077111443e+05
   0.00000   2.37425020063739e+03   0.00000000000000e+00
   0.00000   6.12479821464110e+03   9.07192568746782e+05
   0.00000   6.73361552294427e+03   0.00000000000000e+00
   0.00000   1.58000000000000e+04   9.71988739668187e+05
   8.00000   1.83780813060002e+02   1.19732002019413e+17
   9.00000   2.51196182367085e+01   8.98285259126907e+08
   9.00000   7.12417971971638e+01   2.54016774306954e+14
  10.00000   7.32787651858504e+00   0.00000000000000e+00
  10.00000   8.05628223927610e+00   8.93327528918814e+01
  10.00000   1.17695753422298e+01   2.84946652890860e+04
  10.00000   1.29394948936362e+01   7.65023353569143e+04
  10.00000   2.76165590051273e+01   6.20269917299643e+08
  10.00000   3.33797150787331e+01   1.28965674606112e+11
  10.00000   7.12417971971638e+01   2.89028662717808e+14
  10.00000   9.46682736070837e+01   5.11542001403766e+15
  10.00000   2.02048996925634e+02   1.67491244181916e+20
  10.00000   2.95177207241425e+02   1.09999671150192e+22
  10.00000   7.61461800205251e+02   1.98610458653857e+25
  10.00000   8.37152640512193e+02   0.00000000000000e+00
  10.00000   2.61025546411447e+03   4.07888336178876e+31
STATE 76 +3 29 Au
   0.00000   3.12298120732677e+00   2.74484762560388e+01
   0.00000   3.43341184453226e+00   0.00000000000000e+00
   0.00000   8.05628223927610e+00   9.27684921113565e+01
   0.00000   2.28484374262857e+01   4.85942184028967e+03
   0.00000   2.51196182367085e+01   0.00000000000000e+00
   0.00000   5.89415844708720e+01   2.93911329027014e+04
   0.00000   2.22133075150377e+02   4.10273328144149e+05
   0.00000   2.44213551299759e+02   2.44949738397496e+05
   0.00000   8.37152640512193e+02   5.35450232695217e+05
   0.00000   2.61025546411447e+03   6.24331820522221e+05
   0.00000   6.73361552294427e+03   0.00000000000000e+00
   0.00000   7.40295050087506e+03   8.08305709987830e+05
   0.00000   1.58000000000000e+04   1.04676366263501e+06
   8.00000   1.83780813060002e+02   1.78186236742481e+17
   9.00000   2.51196182367085e+01   3.18397443825570e+08
   9.00000   7.12417971971638e+01   3.05429005833536e+14
  10.00000   7.32787651858504e+00   5.15824601931088e+00
  10.00000   8.05628223927610e+00   1.38524212156544e+01
  10.00000   1.17695753422298e+01   2.72943311774490e+04
  10.00000   1.29394948936362e+01   4.51525423806589e+04
  10.00000   2.76165590051273e+01   4.46738749187257e+09
  10.00000   3.03617007271689e+01   0.00000000000000e+00
  10.00000   3.33797150787331e+01   1.23876139514414e+11
  10.00000   8.61088773477066e+01   3.16930312162137e+14
  10.00000   2.02048996925634e+02   1.12974441705300e+20
  10.00000   2.95177207241425e+02   8.96491993350256e+21
  10.00000   7.61461800205251e+02   4.30035317411595e+25
  10.00000   8.37152640512193e+02   6.32711981147711e+25
  10.00000   2.86972012726810e+03   1.33830426747573e+32
STATE 77 +2 30 Au
   0.00000   2.84061803912279e+00   1.82535517006663e+01
   0.00000   3.12298120732677e+00   3.02943968260535e+00
   0.00000   7.32787651858504e+00   0.00000000000000e+00
   0.00000   8.05628223927610e+00   1.56751119658777e+02
   0.00000   2.51196182367085e+01   5.80917517223630e+03
   0.00000   5.89415844708720e+01   2.78498379635785e+04
   0.00000   2.22133075150377e+02   4.00181475177034e+05
   0.00000   2.44213551299759e+02   2.59075221431036e+05
   0.00000   8.37152640512193e+02   2.91844550527989e+05
   0.00000   9.20367303162983e+02   2.88647232076398e+05
   0.00000   3.15497610178989e+03   7.90352423343571e+05
   0.00000   1.08151106288297e+04   0.00000000000000e+00
   0.00000   1.18901544606911e+04   1.48551577599144e+06
   9.00000   2.51196182367085e+01   7.04921875576305e+08
   9.00000   7.12417971971638e+01   3.15028037422280e+14
   9.00000   2.02048996925634e+02   6.93068057705413e+18
   9.00000   7.61461800205251e+02   2.82099077307577e+23
  10.00000   3.77469991382530e+00   0.00000000000000e+00
  10.00000   4.14991270625556e+00   4.70409783274673e-04
  10.00000   1.17695753422298e+01   2.22016722229023e+04
  10.00000   1.29394948936362e+01   6.68250090838759e+04
  10.00000   3.03617007271689e+01   1.06942743372719e+10
  10.00000   3.33797150787331e+01   9.97442980711734e+10
  10.00000   7.83233756734269e+01   0.00000000000000e+00
  10.00000   8.61088773477066e+01   3.18866231645064e+14
  10.00000   2.02048996925634e+02   1.29289361097761e+20
  10.00000   2.95177207241425e+02   9.74774712792453e+21
  10.00000   7.61461800205251e+02   5.37267714054422e+25
  10.00000   2.86972012726810e+03   1.78623124248509e+32
  10.00000   3.15497610178989e+03   0.00000000000000e+00
STATE 78 +1 30 Au
   0.00000   2.13768273727818e+00   4.68053637378330e-01
   0.00000   2.35017271727536e+00   2.23857742886188e+00
   0.00000   2.84061803912279e+00   1.48886899468354e+01
   0.00000   3.12298120732677e+00   0.00000000000000e+00
   0.00000   7.32787651858504e+00   1.43236322909097e+02
   0.00000   2.51196182367085e+01   5.85234361750072e+03
   0.00000   5.89415844708720e+01   2.78897003903901e+04
   0.00000   2.22133075150377e+02   3.83586552321762e+05
   0.00000   2.44213551299759e+02   2.79480772309047e+05
   0.00000   9.20367303162983e+02   6.23986228748040e+05
   0.00000   3.15497610178989e+03   0.00000000000000e+00
   0.00000   3.46858709610166e+03   7.65735504507212e+05
   0.00000   1.08151106288297e+04   1.31448018182331e+06
   0.00000   1.18901544606911e+04   0.00000000000000e+00
   9.00000   2.51196182367085e+01   6.24298092511532e+08
   9.00000   7.12417971971638e+01   3.15124336133274e+14
   9.00000   2.02048996925634e+02   6.98949165637907e+18
   9.00000   7.61461800205251e+02   2.17879653503421e+23
  10.00000   4.14991270625556e+00   2.47074183212835e-03
  10.00000   1.17695753422298e+01   2.69341114268245e+04
  10.00000   1.29394948936362e+01   6.24371584401465e+04
  10.00000   3.03617007271689e+01   1.27071971583448e+10
  10.00000   3.33797150787331e+01   9.54206918818465e+10
  10.00000   7.83233756734269e+01   0.00000000000000e+00
  10.00000   8.61088773477066e+01   3.39400905238083e+14
  10.00000   2.02048996925634e+02   1.27720485352964e+20
  10.00000   2.95177207241425e+02   9.63906542586487e+21
  10.00000   7.61461800205251e+02   6.41352451813274e+25
  10.00000   2.86972012726810e+03   2.68142913672174e+32
  10.00000   3.15497610178989e+03   0.00000000000000e+00
STATE 79 +0 31 Au
   0.00000   1.60869480596142e+00   5.48758538176623e-01
   0.00000   1.76860231757633e+00   7.83280350704428e-01
   0.00000   3.12298120732677e+00   2.15098279259046e+01
   0.00000   3.43341184453226e+00   0.00000000000000e+00
   0.00000   7.32787651858504e+00   6.84644870397131e+01
   0.00000   2.28484374262857e+01   4.78569398771714e+03
   0.00000   5.89415844708720e+01   2.88898865605121e+04
   0.00000   2.22133075150377e+02   5.15563315689942e+05
   0.00000   2.44213551299759e+02   1.19613423522289e+05
   0.00000   7.61461800205251e+02   4.90130930139587e+05
   0.00000   8.37152640512193e+02   0.00000000000000e+00
   0.00000   2.15958326406150e+03   5.33738285300192e+05
   0.00000   2.37425020063739e+03   0.00000000000000e+00
   0.00000   6.12479821464110e+03   9.06671007455895e+05
   0.00000   6.73361552294427e+03   0.00000000000000e+00
   0.00000   1.58000000000000e+04   9.75432450481266e+05
   8.00000   1.83780813060002e+02   1.17443355639274e+17
   9.00000   2.51196182367085e+01   9.89890655567379e+08
   9.00000   7.12417971971638e+01   2.48492354402262e+14
  10.00000   2.13768273727818e+00   1.22417828406859e-08
  10.00000   1.17695753422298e+01   1.62827254302356e+04
  10.00000   1.29394948936362e+01   8.89968177077469e+04
  10.00000   3.03617007271689e+01   1.76183769945061e+08
  10.00000   3.33797150787331e+01   1.28855740968763e+11
  10.00000   7.12417971971638e+01   3.20067352458885e+14
  10.00000   9.46682736070837e+01   5.55165903108264e+15
  10.00000   2.02048996925634e+02   1.69520811565437e+20
  10.00000   2.95177207241425e+02   1.10530025077637e+22
  10.00000   7.61461800205251e+02   1.94943079713763e+25
  10.00000   8.37152640512193e+02   0.00000000000000e+00
  10.00000   2.61025546411447e+03   4.18202392727143e+31
STATE 80 -1 31 Au
   0.00000   1.00159237282566e+00   1.64831369071538e-03
   0.00000   1.10115267686687e+00   0.00000000000000e+00
   0.00000   1.60869480596142e+00   1.42302202766689e+00
   0.00000   2.84061803912279e+00   1.61292153019686e-01
   0.00000   3.12298120732677e+00   1.88182000788604e+01
   0.00000   6.66532932645307e+00   0.00000000000000e+00
   0.00000   7.32787651858504e+00   1.36566800175398e+02
   0.00000   2.51196182367085e+01   5.86393003472908e+03
   0.00000   5.89415844708720e+01   2.78931040414790e+04
   0.00000   2.22133075150377e+02   3.81477328344833e+05
   0.00000   2.44213551299759e+02   2.81964628311319e+05
   0.00000   9.20367303162983e+02   6.23310532099627e+05
   0.00000   3.15497610178989e+03   0.00000000000000e+00
   0.00000   3.46858709610166e+03   7.67835220728409e+05
   0.00000   1.08151106288297e+04   1.30747787865622e+06
   0.00000   1.18901544606911e+04   0.00000000000000e+00
   9.00000   2.51196182367085e+01   6.42453886632469e+08
   9.00000   7.12417971971638e+01   3.16028061688215e+14
   9.00000   2.02048996925634e+02   7.04100113542793e+18
   9.00000   7.61461800205251e+02   2.45188551737020e+23
  10.00000   1.17695753422298e+01   1.84903335636130e+04
  10.00000   1.29394948936362e+01   9.31317347074955e+04
  10.00000   3.03617007271689e+01   1.14581843486468e+10
  10.00000   3.33797150787331e+01   9.83302210060542e+10
  10.00000   7.83233756734269e+01   0.00000000000000e+00
  10.00000   8.61088773477066e+01   3.27860175653735e+14
  10.00000   2.02048996925634e+02   1.26811969881178e+20
  10.00000   2.95177207241425e+02   9.60986278844350e+21
  10.00000   7.61461800205251e+02   6.33961838431250e+25
  10.00000   2.86972012726810e+03   2.64924865194380e+32
  10.00000   3.15497610178989e+03   0.00000000000000e+00
# orbitals: 1s2
CORE 2 8 Au
   0.00000   1.52050239371739e+02   1.13447692335806e+05
   0.00000   1.83780813060002e+02   2.05249368551385e+05
   0.00000   2.02048996925634e+02   5.86551416374740e+04
   0.00000   3.24518417594377e+02   1.90534734093867e+05
   0.00000   3.56776203495360e+02   0.00000000000000e+00
   0.00000   5.21221114484027e+02   1.86375535485496e+05
   0.00000   1.22301215161253e+03   0.00000000000000e+00
   0.00000   1.34458202870447e+03   5.74740980889237e+05
# orbitals: 1s2 2s2
CORE 4 18 Au
   0.00000   5.36124033374370e+01   4.94143084844097e+03
   0.00000   2.02048996925634e+02   4.68902218531925e+05
   0.00000   2.22133075150377e+02   1.29032855085626e+05
   0.00000   6.29992038156034e+02   0.00000000000000e+00
   0.00000   6.92614518682123e+02   4.83405408993290e+05
   0.00000   1.96432535760657e+03   2.23510224317876e+05
   0.00000   2.15958326406150e+03   3.01196776967132e+05
   0.00000   5.57102689368700e+03   7.71978469914817e+05
   0.00000   6.12479821464110e+03   0.00000000000000e+00
   0.00000   1.58000000000000e+04   1.21315942804444e+06
   4.00000   8.61088773477066e+01   1.22082150885870e+09
   5.00000   1.04078491135785e+02   1.75454322760569e+11
   8.00000   1.67164340149764e+02   7.32548369643502e+15
   9.00000   1.83780813060002e+02   0.00000000000000e+00
  10.00000   2.22133075150377e+02   8.68243369820593e+19
  10.00000   6.29992038156034e+02   9.50178149499750e+24
  10.00000   6.92614518682123e+02   6.91950588615190e+24
  10.00000   2.37425020063739e+03   1.36708973254744e+31
# orbitals: 1s2 2s2 2p6
CORE 10 16 Au
   0.00000   5.36124033374370e+01   2.40228366808713e+04
   0.00000   5.89415844708720e+01   0.00000000000000e+00
   0.00000   2.22133075150377e+02   6.30544958858874e+05
   0.00000   2.44213551299759e+02   0.00000000000000e+00
   0.00000   8.37152640512193e+02   5.39906967021294e+05
   0.00000   2.86972012726810e+03   7.23595259638510e+05
   0.00000   3.15497610178989e+03   0.00000000000000e+00
   0.00000   1.08151106288297e+04   1.38271127108086e+06
   3.00000   8.61088773477066e+01   9.15560939604625e+08
   4.00000   9.46682736070837e+01   5.61976015868543e+09
   9.00000   2.02048996925634e+02   3.09393169678529e+18
  10.00000   1.25798090170898e+02   3.39438917935297e+16
  10.00000   2.44213551299759e+02   0.00000000000000e+00
  10.00000   6.92614518682123e+02   4.11736243584568e+25
  10.00000   7.61461800205251e+02   5.06463283806773e+25
  10.00000   3.15497610178989e+03   3.43723339828635e+32
# orbitals: 1s2 2s2 2p6 3s2
CORE 12 19 Au
   0.00000   4.43559837668694e+01   1.14510341694590e+04
   0.00000   4.87650581065809e+01   1.41517876441837e+04
   0.00000   2.22133075150377e+02   4.59139993792801e+05
   0.00000   2.44213551299759e+02   2.10468226031348e+05
   0.00000   9.20367303162983e+02   5.96340471970477e+05
   0.00000   1.01185367128895e+03   0.00000000000000e+00
   0.00000   3.46858709610166e+03   8.94494927224979e+05
   0.00000   1.18901544606911e+04   0.00000000000000e+00
   0.00000   1.30720598199178e+04   1.09088422682023e+06
   7.00000   1.52050239371739e+02   1.80818807640898e+15
   8.00000   4.87650581065809e+01   4.42426899000199e+10
   9.00000   4.87650581065809e+01   0.00000000000000e+00
   9.00000   1.67164340149764e+02   7.05638625882457e+17
   9.00000   7.61461800205251e+02   0.00000000000000e+00
  10.00000   6.48004969684134e+01   3.88928877464997e+11
  10.00000   7.12417971971638e+01   2.41016867962421e+14
  10.00000   2.68488871358150e+02   2.72882885724695e+21
  10.00000   7.61461800205251e+02   1.37393735676058e+26
  10.00000   3.46858709610166e+03   1.78185701107962e+33
# orbitals: 1s2 2s2 2p6 3s2 3p6
CORE 18 21 Au
   0.00000   2.07826045723894e+01   1.73615816425673e+02
   0.00000   2.28484374262857e+01   3.45568118000445e+02
   0.00000   5.36124033374370e+01   3.53333987893364e+04
   0.00000   2.22133075150377e+02   1.50417162413247e+05
   0.00000   2.44213551299759e+02   5.39192971338880e+05
   0.00000   1.01185367128895e+03   6.33936971718562e+05
   0.00000   1.11243396911464e+03   0.00000000000000e+00
   0.00000   4.60916435523084e+03   1.28737378441852e+06
   0.00000   5.06732459789330e+03   0.00000000000000e+00
   0.00000   1.58000000000000e+04   0.00000000000000e+00
   7.00000   4.87650581065809e+01   3.67933830106573e+10
   8.00000   4.87650581065809e+01   1.15152099755875e+11
   8.00000   1.67164340149764e+02   1.29964297937490e+17
   8.00000   6.92614518682123e+02   1.58923657680142e+22
   9.00000   1.83780813060002e+02   0.00000000000000e+00
  10.00000   7.12417971971638e+01   3.04996121613957e+14
  10.00000   7.83233756734269e+01   1.36461504468342e+15
  10.00000   2.68488871358150e+02   2.25058191320401e+21
  10.00000   2.95177207241425e+02   3.26309396121789e+21
  10.00000   3.46858709610166e+03   1.49198711690479e+33
  10.00000   3.81337165641839e+03   0.00000000000000e+00
# orbitals: 1s2 2s2 2p6 3s2 3p6 3d10
CORE 28 20 Au
   0.00000   2.28484374262857e+01   3.68473823712009e+03
   0.00000   2.51196182367085e+01   9.18341294601673e+02
   0.00000   5.36124033374370e+01   2.59963976833144e+04
   0.00000   2.22133075150377e+02   3.41526066905263e+05
   0.00000   2.44213551299759e+02   3.35500009140491e+05
   0.00000   1.01185367128895e+03   6.71709886008167e+05
   0.00000   1.11243396911464e+03   0.00000000000000e+00
   0.00000   4.60916435523084e+03   1.19797079462202e+06
   0.00000   1.43714489580801e+04   1.17218038237231e+05
   7.00000   4.87650581065809e+01   1.06593283592297e+11
   7.00000   1.67164340149764e+02   0.00000000000000e+00
   8.00000   1.83780813060002e+02   1.54311975065384e+17
   9.00000   7.61461800205251e+02   0.00000000000000e+00
  10.00000   5.36124033374370e+01   2.34624871938489e+12
  10.00000   7.83233756734269e+01   3.07255236496128e+15
  10.00000   2.02048996925634e+02   1.02907404266067e+20
  10.00000   2.95177207241425e+02   6.53923558886835e+21
  10.00000   7.61461800205251e+02   1.54925313590833e+26
  10.00000   3.46858709610166e+03   2.83244099000730e+33
  10.00000   3.81337165641839e+03   0.00000000000000e+00
# orbitals: 1s2 2s2 2p6 3s2 3p6 3d10 4s2
CORE 30 23 Au
   0.00000   9.73750588156064e+00   1.52652192032103e+01
   0.00000   1.71943955812640e+01   6.08695928161094e+02
   0.00000   1.89035532169656e+01   2.47601906673542e+03
   0.00000   5.89415844708720e+01   3.10100408742465e+04
   0.00000   2.22133075150377e+02   4.35261638748220e+05
   0.00000   2.44213551299759e+02   2.16211312455648e+05
   0.00000   8.37152640512193e+02   5.41510709525689e+05
   0.00000   2.61025546411447e+03   5.06461428360922e+05
   0.00000   2.86972012726810e+03   1.52360074010269e+05
   0.00000   9.83726647963392e+03   1.56525778130711e+06
   0.00000   1.58000000000000e+04   0.00000000000000e+00
   7.00000   1.67164340149764e+02   3.49465919600275e+15
   8.00000   5.89415844708720e+01   3.65259442874095e+12
   9.00000   1.83780813060002e+02   3.50506145532367e+18
  10.00000   2.76165590051273e+01   1.53810128318426e+08
  10.00000   3.03617007271689e+01   3.48509221303698e+09
  10.00000   7.83233756734269e+01   1.55485616287897e+15
  10.00000   8.61088773477066e+01   1.18542576550996e+15
  10.00000   2.02048996925634e+02   0.00000000000000e+00
  10.00000   2.95177207241425e+02   8.73984924865549e+21
  10.00000   7.61461800205251e+02   6.08287188350934e+25
  10.00000   8.37152640512193e+02   0.00000000000000e+00
  10.00000   2.86972012726810e+03   1.62000477357767e+32
# orbitals: 1s2 2s2 2p6 3s2 3p6 3d10 4s2 4p6
CORE 36 27 Au
   0.00000   1.17695753422298e+01   0.00000000000000e+00
   0.00000   1.89035532169656e+01   2.28117801773033e+03
   0.00000   2.07826045723894e+01   1.13422279192470e+03
   0.00000   5.89415844708720e+01   3.26652027898152e+04
   0.00000   2.22133075150377e+02   3.67538974695461e+05
   0.00000   2.44213551299759e+02   2.89002538358496e+05
   0.00000   8.37152640512193e+02   5.26053167060875e+05
   0.00000   9.20367303162983e+02   0.00000000000000e+00
   0.00000   2.61025546411447e+03   6.43247206225763e+05
   0.00000   2.86972012726810e+03   0.00000000000000e+00
   0.00000   8.13881872697765e+03   9.75263709235174e+05
   0.00000   8.94783374044881e+03   0.00000000000000e+00
   0.00000   1.58000000000000e+04   7.48310476088476e+05
   9.00000   2.28484374262857e+01   2.16623067949732e+07
   9.00000   1.83780813060002e+02   8.09507020983993e+17
  10.00000   2.28484374262857e+01   6.71706765834105e+07
  10.00000   3.03617007271689e+01   1.37932910499295e+10
  10.00000   3.33797150787331e+01   2.04332416480849e+10
  10.00000   7.12417971971638e+01   1.26008845599838e+15
  10.00000   7.83233756734269e+01   0.00000000000000e+00
  10.00000   8.61088773477066e+01   6.19670464975860e+15
  10.00000   2.02048996925634e+02   2.11261593993983e+20
  10.00000   2.68488871358150e+02   1.83381231590607e+21
  10.00000   2.95177207241425e+02   8.48385851365297e+21
  10.00000   7.61461800205251e+02   1.81580353812837e+25
  10.00000   8.37152640512193e+02   1.38490223205730e+26
  10.00000   2.86972012726810e+03   1.06980357285791e+32
# orbitals: 1s2 2s2 2p6 3s2 3p6 3d10 4s2 4p6 4d10
CORE 46 28 Au
   0.00000   8.05628223927610e+00   4.87848011062038e+01
   0.00000   2.28484374262857e+01   1.57289393860832e+03
   0.00000   2.51196182367085e+01   4.37451150494715e+03
   0.00000   5.89415844708720e+01   2.67295720032909e+04
   0.00000   2.22133075150377e+02   5.23548931673534e+05
   0.00000   2.44213551299759e+02   1.12400881029982e+05
   0.00000   7.61461800205251e+02   4.93486489582613e+05
   0.00000   8.37152640512193e+02   0.00000000000000e+00
   0.00000   2.37425020063739e+03   6.59880075196802e+05
   0.00000   2.61025546411447e+03   0.00000000000000e+00
   0.00000   7.40295050087506e+03   0.00000000000000e+00
   0.00000   8.13881872697765e+03   1.05966932707072e+06
   0.00000   1.58000000000000e+04   7.05717789921418e+05
   7.00000   1.89035532169656e+01   1.96521011843471e+05
   8.00000   1.83780813060002e+02   1.41779238623687e+17
   9.00000   7.12417971971638e+01   0.00000000000000e+00
  10.00000   2.28484374262857e+01   3.23018089254937e+08
  10.00000   3.03617007271689e+01   2.45456341663452e+10
  10.00000   3.33797150787331e+01   4.64730321180686e+10
  10.00000   7.12417971971638e+01   1.29779106722995e+15
  10.00000   8.61088773477066e+01   7.67170810909974e+15
  10.00000   9.46682736070837e+01   2.14328664135010e+15
  10.00000   2.02048996925634e+02   1.34492747323606e+20
  10.00000   2.95177207241425e+02   9.75599443333224e+21
  10.00000   7.61461800205251e+02   2.83945399507118e+25
  10.00000   8.37152640512193e+02   0.00000000000000e+00
  10.00000   2.61025546411447e+03   2.94990652219249e+31
  10.00000   2.86972012726810e+03   0.00000000000000e+00
# orbitals: 1s2 2s2 2p6 3s2 3p6 3d10 4s2 4p6 4d10 5s2
CORE 48 27 Au
   0.00000   5.51453061233209e+00   1.88365509244385e+01
   0.00000   6.06268608885536e+00   4.29972378060327e+01
   0.00000   2.51196182367085e+01   0.00000000000000e+00
   0.00000   2.76165590051273e+01   7.33986296953439e+03
   0.00000   5.89415844708720e+01   2.53458437681482e+04
   0.00000   2.22133075150377e+02   4.71552783853634e+05
   0.00000   2.44213551299759e+02   1.73844408151719e+05
   0.00000   7.61461800205251e+02   4.70301802851468e+05
   0.00000   8.37152640512193e+02   0.00000000000000e+00
   0.00000   2.15958326406150e+03   4.72762465225200e+05
   0.00000   2.37425020063739e+03   1.17488004567789e+05
   0.00000   6.73361552294427e+03   9.50898934906116e+05
   0.00000   1.58000000000000e+04   8.56317314332511e+05
   8.00000   1.83780813060002e+02   0.00000000000000e+00
   9.00000   7.12417971971638e+01   2.08446817247739e+14
  10.00000   1.29394948936362e+01   2.73296310669283e+04
  10.00000   2.28484374262857e+01   1.70118029856018e+08
  10.00000   3.03617007271689e+01   2.28318193557269e+10
  10.00000   3.33797150787331e+01   4.25268314354240e+10
  10.00000   7.12417971971638e+01   6.85675283761662e+14
  10.00000   9.46682736070837e+01   1.04850486376671e+16
  10.00000   2.02048996925634e+02   2.21701288157699e+20
  10.00000   2.68488871358150e+02   1.81535295175077e+21
  10.00000   2.95177207241425e+02   7.58388099044952e+21
  10.00000   7.61461800205251e+02   1.19461998984581e+25
  10.00000   8.37152640512193e+02   1.18873136188987e+26
  10.00000   2.61025546411447e+03   1.30002253653654e+31
# orbitals: 1s2 2s2 2p6 3s2 3p6 3d10 4s2 4p6 4d10 4f14
CORE 60 27 Au
   0.00000   6.66532932645307e+00   1.11980782937487e+02
   0.00000   7.32787651858504e+00   9.78033365942083e+01
   0.00000   2.51196182367085e+01   5.64714561600634e+03
   0.00000   5.89415844708720e+01   2.80797507592616e+04
   0.00000   2.22133075150377e+02   3.59320537107495e+05
   0.00000   2.44213551299759e+02   3.07769513556616e+05
   0.00000   9.20367303162983e+02   5.99286797936028e+05
   0.00000   1.01185367128895e+03   0.00000000000000e+00
   0.00000   3.15497610178989e+03   7.16938234249734e+05
   0.00000   3.46858709610166e+03   0.00000000000000e+00
   0.00000   1.18901544606911e+04   1.69709316022589e+06
   0.00000   1.30720598199178e+04   0.00000000000000e+00
   9.00000   2.07826045723894e+01   2.39359945087236e+07
   9.00000   7.12417971971638e+01   2.94278814622133e+14
   9.00000   2.02048996925634e+02   6.64168101018559e+18
   9.00000   7.61461800205251e+02   1.49959394878167e+23
  10.00000   6.06268608885536e+00   0.00000000000000e+00
  10.00000   6.66532932645307e+00   0.00000000000000e+00
  10.00000   2.28484374262857e+01   2.88150351375700e+08
  10.00000   3.03617007271689e+01   2.92687872421445e+10
  10.00000   3.33797150787331e+01   4.67389714065755e+10
  10.00000   7.12417971971638e+01   6.67189853963875e+13
  10.00000   7.83233756734269e+01   0.00000000000000e+00
  10.00000   2.02048996925634e+02   1.33912745473382e+20
  10.00000   2.95177207241425e+02   9.53744868268465e+21
  10.00000   7.61461800205251e+02   8.51143032530140e+25
  10.00000   3.15497610178989e+03   6.96630376110442e+32
# orbitals: 1s2 2s2 2p6 3s2 3p6 3d10 4s2 4p6 4d10 4f14 5s2
CORE 62 26 Au
   0.00000   6.06268608885536e+00   1.53100891959680e+02
   0.00000   6.66532932645307e+00   1.98459079742301e+01
   0.00000   2.76165590051273e+01   6.86935122529078e+03
   0.00000   5.89415844708720e+01   2.57817132846206e+04
   0.00000   2.22133075150377e+02   4.36957024684875e+05
   0.00000   2.44213551299759e+02   2.18481468458328e+05
   0.00000   8.37152640512193e+02   4.47558006106007e+05
   0.00000   9.20367303162983e+02   1.18262002693966e+05
   0.00000   3.15497610178989e+03   8.59571076173018e+05
   0.00000   3.46858709610166e+03   0.00000000000000e+00
   0.00000   1.18901544606911e+04   1.17809707049539e+06
   9.00000   7.12417971971638e+01   2.34954871046474e+14
   9.00000   2.02048996925634e+02   4.87961002988864e+18
   9.00000   7.61461800205251e+02   0.00000000000000e+00
  10.00000   1.29394948936362e+01   1.25093399829510e+04
  10.00000   1.42257068104819e+01   3.36425030528876e+04
  10.00000   2.28484374262857e+01   3.05946415535260e+08
  10.00000   3.03617007271689e+01   2.46537776513567e+10
  10.00000   3.33797150787331e+01   6.07869715022318e+10
  10.00000   7.12417971971638e+01   4.56650647051055e+14
  10.00000   9.46682736070837e+01   7.21172177092093e+15
  10.00000   2.02048996925634e+02   1.65558718144197e+20
  10.00000   2.95177207241425e+02   1.05244195889156e+22
  10.00000   7.61461800205251e+02   6.91458667676207e+25
  10.00000   2.86972012726810e+03   1.51064801616819e+32
  10.00000   3.15497610178989e+03   0.00000000000000e+00
# orbitals: 1s2 2s2 2p6 3s2 3p6 3d10 4s2 4p6 4d10 4f14 5s2 5p6
CORE 68 27 Au
   0.00000   4.56242240779577e+00   3.43659949242111e+01
   0.00000   5.01593640651271e+00   5.64432410985199e+01
   0.00000   7.32787651858504e+00   3.94707566614957e+01
   0.00000   2.51196182367085e+01   5.87850707754967e+03
   0.00000   5.89415844708720e+01   2.78235336020249e+04
   0.00000   2.22133075150377e+02   4.07847811453714e+05
   0.00000   2.44213551299759e+02   2.48978630981535e+05
   0.00000   8.37152640512193e+02   5.32729553944992e+05
   0.00000   2.61025546411447e+03   6.34423058589714e+05
   0.00000   2.86972012726810e+03   0.00000000000000e+00
   0.00000   8.13881872697765e+03   1.02101987950043e+06
   0.00000   1.58000000000000e+04   6.62200766844313e+05
   9.00000   2.51196182367085e+01   5.22946758003052e+08
   9.00000   7.12417971971638e+01   3.21044754767755e+14
   9.00000   2.02048996925634e+02   7.10682062800030e+18
   9.00000   7.61461800205251e+02   4.54828855168046e+23
  10.00000   8.85709295923123e+00   1.22368246552733e+02
  10.00000   1.17695753422298e+01   1.05754878454430e+04
  10.00000   1.29394948936362e+01   8.97850499441856e+04
  10.00000   3.03617007271689e+01   1.35220991784022e+10
  10.00000   3.33797150787331e+01   8.47600106536325e+10
  10.00000   7.83233756734269e+01   0.00000000000000e+00
  10.00000   8.61088773477066e+01   3.68499177056299e+13
  10.00000   2.02048996925634e+02   1.26466762504084e+20
  10.00000   2.95177207241425e+02   9.68694144931547e+21
  10.00000   7.61461800205251e+02   4.01997461139755e+25
  10.00000   2.86972012726810e+03   1.25091137580802e+32
# orbitals: 1s2 2s2 2p6 3s2 3p6 3d10 4s2 4p6 4d10 4f14 5s2 5p6 5d10
CORE 78 32 Au
   0.00000   1.76860231757633e+00   6.36173139325471e-01
   0.00000   1.94440495869382e+00   0.00000000000000e+00
   0.00000   2.84061803912279e+00   1.73109116269066e+01
   0.00000   3.12298120732677e+00   0.00000000000000e+00
   0.00000   7.32787651858504e+00   1.42023431199278e+02
   0.00000   2.51196182367085e+01   5.85897971118025e+03
   0.00000   5.89415844708720e+01   2.77460467198141e+04
   0.00000   2.22133075150377e+02   4.10477213890889e+05
   0.00000   2.44213551299759e+02   2.46407758862012e+05
   0.00000   8.37152640512193e+02   4.83480580603132e+05
   0.00000   9.20367303162983e+02   6.43448414215396e+04
   0.00000   2.86972012726810e+03   7.45763438828312e+05
   0.00000   3.15497610178989e+03   0.00000000000000e+00
   0.00000   9.83726647963392e+03   8.19049458000007e+05
   0.00000   1.58000000000000e+04   1.07455385415505e+06
   9.00000   2.51196182367085e+01   6.45455055452093e+08
   9.00000   7.12417971971638e+01   3.15599663300235e+14
   9.00000   2.02048996925634e+02   6.94505877799465e+18
   9.00000   7.61461800205251e+02   3.50731315990260e+23
  10.00000   3.77469991382530e+00   4.88676411373759e-05
  10.00000   4.14991270625556e+00   1.90719811718009e-03
  10.00000   1.17695753422298e+01   2.51756426055253e+04
  10.00000   1.29394948936362e+01   7.04576715112754e+04
  10.00000   3.03617007271689e+01   1.19782302748899e+10
  10.00000   3.33797150787331e+01   9.65583823955643e+10
  10.00000   7.83233756734269e+01   0.00000000000000e+00
  10.00000   8.61088773477066e+01   3.15299247968085e+14
  10.00000   2.02048996925634e+02   1.28892206770374e+20
  10.00000   2.95177207241425e+02   9.76469748836366e+21
  10.00000   7.61461800205251e+02   4.59505748388196e+25
  10.00000   2.86972012726810e+03   1.29903558641217e+32
  10.00000   3.15497610178989e+03   0.00000000000000e+00
