# Free-atom, free-ion and frozen-core density fits -- V (Z = 23)
#
#   rho(r) = sum_i c_i r^n_i exp(-alpha_i r)      r in bohr, rho in e/bohr^3
#
# All-electron B86BPBE densities (scalar-relativistic, spin-restricted),
# fitted with rhofit.py (monotone decay imposed).  Two kinds of block:
#
#   STATE <N> <q> <nterm> <symbol>
#     the atom or ion with N electrons (charge q), in order of increasing N;
#   CORE <N_core> <nterm> <symbol>
#     the frozen core of the neutral atom with N_core electrons, for a
#     pseudopotential with Z - N_core valence electrons, in order of
#     increasing N_core, each preceded by a '# orbitals:' comment.
#
# Each block header is followed by nterm lines:   n   alpha   c
#
# Generated 2026-09-23 by combine_fits.py from
#   /home/alberto/doc/manuals/critic2/atomic_density_fits/15_rhofit/rho_b86bpbe_mono/fit_023_V.dat
#     recipe: --npow 0,1,2,3,4,5,6,7,8,9,10 --amin 0.2 --ratio 1.1 --mom 3 --cusp none --targetz 1e-3 --besteffort --monotone --stats
#   /home/alberto/doc/manuals/critic2/atomic_density_fits/15_rhofit/core_b86bpbe_mono/core_023_V.dat
#     recipe: --npow 0,1,2,3,4,5,6,7,8,9,10 --amin 0.2 --ratio 1.1 --mom 3 --cusp none --besteffort --monotone --stats --target 1e-3*N_core
#
STATE 18 +5 18 V
   0.00000   3.77250345177820e+00   0.00000000000000e+00
   0.00000   4.14742003823876e+00   6.37410425562915e+00
   0.00000   1.17600767355040e+01   2.19238393010255e+01
   0.00000   1.29288093510066e+01   3.63474684077389e+02
   0.00000   5.35530448642960e+01   8.57973822036143e+03
   0.00000   6.91497024124710e+02   4.88387592983092e+02
   1.00000   9.18830584610751e+02   0.00000000000000e+00
   2.00000   9.45528063660556e+01   1.11440396787035e+06
   3.00000   1.03949594428985e+02   5.69783076378986e+07
   6.00000   8.85044338127280e+00   1.95765670251711e+03
   6.00000   3.33458881786355e+01   2.28169627236667e+08
   7.00000   8.85044338127280e+00   6.90311610977672e+02
   9.00000   4.03031546584463e+01   0.00000000000000e+00
  10.00000   1.56262685231768e+01   1.30293095726462e+06
  10.00000   4.03031546584463e+01   6.90620633811009e+10
  10.00000   6.47263206196223e+01   2.40037723420909e+13
  10.00000   1.83532531133942e+02   7.37170389772642e+17
  10.00000   2.01772246738383e+02   1.39937473731043e+17
STATE 19 +4 19 V
   0.00000   3.43147840403502e+00   1.62677961531865e+00
   0.00000   3.77250345177820e+00   5.03551775306608e+00
   0.00000   1.17600767355040e+01   0.00000000000000e+00
   0.00000   1.29288093510066e+01   3.84588153199297e+02
   0.00000   5.35530448642960e+01   8.57838796106012e+03
   0.00000   7.60218950332697e+02   4.74098297714026e+02
   1.00000   1.01014523301895e+03   7.46769067668437e+04
   2.00000   9.45528063660556e+01   1.08805708440928e+06
   3.00000   1.03949594428985e+02   5.81312209337989e+07
   4.00000   6.05858945851165e+00   1.23686172380884e+01
   6.00000   8.05038503401690e+00   6.63976989879300e+02
   6.00000   3.33458881786355e+01   2.24615260404846e+08
   8.00000   1.06969946783363e+01   6.08752849389171e+03
  10.00000   1.42136922227755e+01   0.00000000000000e+00
  10.00000   1.56262685231768e+01   1.27466873055750e+06
  10.00000   4.03031546584463e+01   7.27436101241794e+10
  10.00000   6.47263206196223e+01   2.43198297218282e+13
  10.00000   1.83532531133942e+02   7.89339792898991e+17
  10.00000   2.01772246738383e+02   0.00000000000000e+00
STATE 20 +3 19 V
   0.00000   3.12128118313808e+00   5.80039002073685e+00
   0.00000   3.43147840403502e+00   0.00000000000000e+00
   0.00000   1.29288093510066e+01   3.87018445863538e+02
   0.00000   5.35530448642960e+01   8.56716228209292e+03
   0.00000   7.60218950332697e+02   2.72457656532011e+02
   1.00000   1.01014523301895e+03   3.03529769812270e+05
   2.00000   9.45528063660556e+01   1.19919244103222e+06
   3.00000   1.03949594428985e+02   5.31075494984323e+07
   6.00000   8.05038503401690e+00   6.43692225906160e+02
   6.00000   3.33458881786355e+01   2.03965895102008e+08
   7.00000   8.85044338127280e+00   5.42689783335707e+02
   8.00000   1.06969946783363e+01   1.95950887736729e+03
  10.00000   1.42136922227755e+01   6.54652328907963e+04
  10.00000   1.56262685231768e+01   1.08702043274111e+06
  10.00000   4.03031546584463e+01   8.72784408690918e+10
  10.00000   5.88752201867937e+01   1.83079991566083e+12
  10.00000   6.47263206196223e+01   2.23712084963794e+13
  10.00000   1.83532531133942e+02   5.82072124406676e+17
  10.00000   2.01772246738383e+02   6.89066706262640e+17
STATE 21 +2 18 V
   0.00000   2.58247509876225e+00   8.57881809029379e-01
   0.00000   2.83912502924568e+00   4.68017975923467e+00
   0.00000   1.29288093510066e+01   3.83263829381484e+02
   0.00000   5.35530448642960e+01   8.57369937548458e+03
   0.00000   7.60218950332697e+02   1.67904948139520e+02
   1.00000   1.11053485689440e+03   4.52899260234447e+05
   2.00000   9.45528063660556e+01   1.14508810764633e+06
   3.00000   1.03949594428985e+02   5.64660657414639e+07
   6.00000   3.33458881786355e+01   2.17245526150616e+08
   7.00000   8.85044338127280e+00   9.74444759539022e+02
   8.00000   9.73001262848059e+00   2.21526482746488e+03
  10.00000   4.14742003823876e+00   7.19126489014072e-04
  10.00000   1.42136922227755e+01   7.50517800325781e+04
  10.00000   1.56262685231768e+01   1.09375432087155e+06
  10.00000   4.03031546584463e+01   8.09230590414221e+10
  10.00000   6.47263206196223e+01   2.50543684353255e+13
  10.00000   1.83532531133942e+02   8.64674895814100e+17
  10.00000   2.01772246738383e+02   0.00000000000000e+00
STATE 22 +1 22 V
   0.00000   1.21017767262626e+00   0.00000000000000e+00
   0.00000   1.33044679572486e+00   3.64824228620278e-02
   0.00000   2.58247509876225e+00   4.66932808293387e+00
   0.00000   2.83912502924568e+00   0.00000000000000e+00
   0.00000   1.17600767355040e+01   9.23588441810819e+01
   0.00000   1.29288093510066e+01   2.81251276933785e+02
   0.00000   5.35530448642960e+01   8.58230424929873e+03
   0.00000   8.35770556173381e+02   1.24477076413436e+02
   1.00000   1.11053485689440e+03   5.49045152660560e+05
   1.00000   1.22090133979214e+03   0.00000000000000e+00
   2.00000   9.45528063660556e+01   1.21291909262013e+06
   3.00000   1.03949594428985e+02   5.57609303148153e+07
   6.00000   3.33458881786355e+01   2.16002521807572e+08
   8.00000   9.73001262848059e+00   4.48479041547318e+03
  10.00000   3.77250345177820e+00   4.52770985899773e-04
  10.00000   4.14742003823876e+00   1.91899941154610e-03
  10.00000   1.42136922227755e+01   3.93330263759721e+04
  10.00000   1.56262685231768e+01   1.22180555510214e+06
  10.00000   4.03031546584463e+01   7.23282084656114e+10
  10.00000   6.47263206196223e+01   2.32142602855358e+13
  10.00000   1.83532531133942e+02   9.69284489487290e+17
  10.00000   2.01772246738383e+02   0.00000000000000e+00
STATE 23 +0 23 V
   0.00000   1.21017767262626e+00   1.28369225451964e-01
   0.00000   1.33044679572486e+00   1.19166661214091e-01
   0.00000   2.83912502924568e+00   0.00000000000000e+00
   0.00000   3.12128118313808e+00   5.00111127579775e+00
   0.00000   1.17600767355040e+01   1.12657965257203e+02
   0.00000   1.29288093510066e+01   2.58060490124958e+02
   0.00000   5.35530448642960e+01   8.59376313160334e+03
   0.00000   8.35770556173381e+02   1.36682143237634e+02
   1.00000   1.11053485689440e+03   5.34924401823946e+05
   1.00000   1.22090133979214e+03   0.00000000000000e+00
   2.00000   9.45528063660556e+01   1.20254279331958e+06
   3.00000   1.03949594428985e+02   5.66194008490868e+07
   6.00000   3.33458881786355e+01   2.20975972641232e+08
   7.00000   2.58247509876225e+00   1.00714957436475e-03
   8.00000   9.73001262848059e+00   3.54458931916274e+03
   8.00000   1.06969946783363e+01   0.00000000000000e+00
   9.00000   1.06969946783363e+01   3.64622315964142e+03
  10.00000   4.14742003823876e+00   5.76389874587791e-03
  10.00000   1.56262685231768e+01   1.49418602792927e+06
  10.00000   4.03031546584463e+01   6.45241218982754e+10
  10.00000   6.47263206196223e+01   2.22438180989656e+13
  10.00000   1.83532531133942e+02   9.57681075413196e+17
  10.00000   2.01772246738383e+02   0.00000000000000e+00
STATE 24 -1 23 V
   0.00000   1.10078058290575e+00   1.17147961357788e-01
   0.00000   1.21017767262626e+00   9.36731402271498e-02
   0.00000   2.83912502924568e+00   1.87804207291784e+00
   0.00000   3.12128118313808e+00   3.82586011028231e+00
   0.00000   1.29288093510066e+01   3.81768721288960e+02
   0.00000   5.35530448642960e+01   8.57876270995410e+03
   0.00000   6.28987391282561e+02   0.00000000000000e+00
   0.00000   6.91497024124710e+02   4.91476345181771e+02
   1.00000   9.18830584610751e+02   0.00000000000000e+00
   2.00000   9.45528063660556e+01   1.16360550980807e+06
   3.00000   1.03949594428985e+02   5.62008857219872e+07
   6.00000   3.33458881786355e+01   2.18622208396785e+08
   7.00000   2.34902569172835e+00   3.53029486173218e-04
   8.00000   9.73001262848059e+00   4.52378213190119e+03
   8.00000   1.06969946783363e+01   0.00000000000000e+00
  10.00000   3.77250345177820e+00   7.96784422023777e-04
  10.00000   4.14742003823876e+00   3.90403875107288e-03
  10.00000   1.42136922227755e+01   5.34551788392454e+04
  10.00000   1.56262685231768e+01   1.21583793588987e+06
  10.00000   4.03031546584463e+01   7.93890111406626e+10
  10.00000   6.47263206196223e+01   2.48845517765727e+13
  10.00000   1.83532531133942e+02   8.70999668177975e+17
  10.00000   2.01772246738383e+02   0.00000000000000e+00
STATE 25 -2 23 V
   0.00000   9.10760126294379e-01   2.15716626866562e-02
   0.00000   1.00127272144488e+00   1.55346062290831e-01
   0.00000   2.83912502924568e+00   4.58881425491205e+00
   0.00000   1.17600767355040e+01   1.27395658046922e+02
   0.00000   1.29288093510066e+01   2.44986156015282e+02
   0.00000   5.35530448642960e+01   8.59123227711578e+03
   0.00000   8.35770556173381e+02   5.14755175006447e+02
   1.00000   1.22090133979214e+03   2.56454332309129e+05
   2.00000   8.60054648679222e+01   0.00000000000000e+00
   2.00000   9.45528063660556e+01   1.17093632924507e+06
   3.00000   1.03949594428985e+02   5.70549980070419e+07
   6.00000   3.33458881786355e+01   1.95678277298082e+08
   8.00000   9.73001262848059e+00   4.94596010911147e+03
  10.00000   1.00127272144488e+00   1.52406062205874e-13
  10.00000   3.43147840403502e+00   1.59537427895201e-04
  10.00000   3.77250345177820e+00   1.03297415306606e-03
  10.00000   1.42136922227755e+01   0.00000000000000e+00
  10.00000   1.56262685231768e+01   1.41668526125498e+06
  10.00000   4.03031546584463e+01   7.97974412786972e+10
  10.00000   5.88752201867937e+01   2.35563671477522e+12
  10.00000   6.47263206196223e+01   1.95689348415867e+13
  10.00000   1.83532531133942e+02   7.58303403609227e+17
  10.00000   2.01772246738383e+02   3.44551145397999e+17
# orbitals: 1s2
CORE 2 5 V
   0.00000   4.03031546584463e+01   5.40548789401153e+02
   0.00000   4.43085376518044e+01   5.41225901763437e+03
   0.00000   5.88752201867937e+01   1.82732554130155e+03
   0.00000   1.03949594428985e+02   0.00000000000000e+00
   0.00000   1.14280248225711e+02   2.21625461622186e+02
# orbitals: 1s2 2s2
CORE 4 17 V
   0.00000   1.06969946783363e+01   0.00000000000000e+00
   0.00000   1.17600767355040e+01   1.96019572597890e+01
   0.00000   4.87119811210592e+01   8.66055224621222e+03
   0.00000   3.56247384705063e+02   4.34260463138069e+02
   0.00000   1.78350394195630e+03   7.27525757482827e+02
   3.00000   1.71792286009375e+01   5.99616406376666e+03
   3.00000   9.45528063660556e+01   1.84328047339258e+07
   4.00000   2.07634927433118e+01   1.26207323665577e+05
   4.00000   1.03949594428985e+02   0.00000000000000e+00
   6.00000   3.03315017762062e+01   1.80293858306007e+07
   8.00000   4.03031546584463e+01   1.61655786843979e+09
  10.00000   5.35530448642960e+01   0.00000000000000e+00
  10.00000   5.88752201867937e+01   2.18933052068492e+12
  10.00000   1.66941641028096e+02   2.76412376399482e+17
  10.00000   2.68106014864668e+02   1.80308971634429e+19
  10.00000   2.94750759710488e+02   2.86210363580790e+19
  10.00000   1.34223619569644e+03   0.00000000000000e+00
# orbitals: 1s2 2s2 2p6
CORE 10 14 V
   0.00000   1.17600767355040e+01   1.35464743426795e+02
   0.00000   1.29288093510066e+01   1.84410716117538e+02
   0.00000   5.35530448642960e+01   8.51464618499595e+03
   0.00000   6.91497024124710e+02   8.84610491979727e+02
   0.00000   7.60218950332697e+02   0.00000000000000e+00
   1.00000   1.01014523301895e+03   0.00000000000000e+00
   2.00000   8.60054648679222e+01   2.02195808105041e+06
   3.00000   1.88865239891109e+01   8.31659755001794e+04
   3.00000   1.03949594428985e+02   1.64511597110883e+07
   4.00000   2.28269972362373e+01   2.09787056597474e+05
   7.00000   3.66598484514981e+01   5.56003476129521e+08
   9.00000   4.87119811210592e+01   0.00000000000000e+00
  10.00000   5.88752201867937e+01   4.36263751764075e+12
  10.00000   1.83532531133942e+02   1.46848361303039e+18
# orbitals: 1s2 2s2 2p6 3s2
CORE 12 18 V
   0.00000   3.77250345177820e+00   7.71260684547955e-01
   0.00000   1.06969946783363e+01   1.30154622046681e+02
   0.00000   1.17600767355040e+01   1.87781180973767e+02
   0.00000   5.35530448642960e+01   8.65022166948637e+03
   0.00000   8.35770556173381e+02   7.51034887241966e+02
   1.00000   1.22090133979214e+03   0.00000000000000e+00
   2.00000   9.45528063660556e+01   1.38810140576064e+06
   3.00000   1.03949594428985e+02   6.04801445596345e+07
   6.00000   8.05038503401690e+00   0.00000000000000e+00
   6.00000   3.03315017762062e+01   9.19520039634669e+07
   6.00000   3.33458881786355e+01   0.00000000000000e+00
   7.00000   8.85044338127280e+00   4.78323477280638e+02
   7.00000   3.33458881786355e+01   8.54201777441525e+07
  10.00000   1.42136922227755e+01   5.40702123568033e+04
  10.00000   1.56262685231768e+01   3.14794613853769e+05
  10.00000   5.88752201867937e+01   4.62793023003607e+12
  10.00000   6.47263206196223e+01   1.15159549803476e+13
  10.00000   1.83532531133942e+02   1.28667561243128e+18
# orbitals: 1s2 2s2 2p6 3s2 3p6
CORE 18 20 V
   0.00000   3.43147840403502e+00   3.06623414423473e+00
   0.00000   1.17600767355040e+01   2.23988368112005e+02
   0.00000   1.29288093510066e+01   1.43543839819449e+02
   0.00000   5.35530448642960e+01   8.58668985307176e+03
   0.00000   6.91497024124710e+02   4.92929552992225e+02
   2.00000   9.45528063660556e+01   1.42703554448581e+06
   2.00000   1.22090133979214e+03   0.00000000000000e+00
   3.00000   1.03949594428985e+02   3.25201253758977e+07
   4.00000   6.05858945851165e+00   7.24370157482260e+01
   4.00000   1.25637576618467e+02   9.85544382988029e+08
   6.00000   8.05038503401690e+00   0.00000000000000e+00
   6.00000   3.33458881786355e+01   1.88511445348371e+08
   6.00000   2.15561315450782e+03   7.74766693954684e+18
   7.00000   9.73001262848059e+00   1.06025860509054e+03
   9.00000   1.06969946783363e+01   5.82029880191436e+03
  10.00000   1.56262685231768e+01   1.26275781335230e+06
  10.00000   4.03031546584463e+01   8.01220171324109e+10
  10.00000   5.88752201867937e+01   2.83261880700875e+12
  10.00000   6.47263206196223e+01   1.80289963519402e+13
  10.00000   1.83532531133942e+02   1.00320419017833e+18
