# Free-atom, free-ion and frozen-core density fits -- Pd (Z = 46)
#
#   rho(r) = sum_i c_i r^n_i exp(-alpha_i r)      r in bohr, rho in e/bohr^3
#
# All-electron B86BPBE densities (scalar-relativistic, spin-restricted),
# fitted with rhofit.py (monotone decay imposed).  Two kinds of block:
#
#   STATE <N> <q> <nterm> <symbol>
#     the atom or ion with N electrons (charge q), in order of increasing N;
#   CORE <N_core> <nterm> <symbol>
#     the frozen core of the neutral atom with N_core electrons, for a
#     pseudopotential with Z - N_core valence electrons, in order of
#     increasing N_core, each preceded by a '# orbitals:' comment.
#
# Each block header is followed by nterm lines:   n   alpha   c
#
# Generated 2026-09-23 by combine_fits.py from
#   /home/alberto/doc/manuals/critic2/atomic_density_fits/15_rhofit/rho_b86bpbe_mono/fit_046_Pd.dat
#     recipe: --npow 0,1,2,3,4,5,6,7,8,9,10 --amin 0.2 --ratio 1.1 --mom 3 --cusp none --targetz 1e-3 --besteffort --monotone --stats
#   /home/alberto/doc/manuals/critic2/atomic_density_fits/15_rhofit/core_b86bpbe_mono/core_046_Pd.dat
#     recipe: --npow 0,1,2,3,4,5,6,7,8,9,10 --amin 0.2 --ratio 1.1 --mom 3 --cusp none --besteffort --monotone --stats --target 1e-3*N_core
#
STATE 42 +4 26 Pd
   0.00000   3.14533538889216e+00   2.35962167427116e+00
   0.00000   3.45883866357983e+00   4.20143581135468e+00
   0.00000   1.08165915062448e+01   4.56781683688098e+02
   0.00000   3.07600621600044e+01   4.44536300700221e+03
   0.00000   1.16325256747006e+02   8.54962010797574e+04
   0.00000   7.77930667652288e+02   2.25684465518290e+04
   0.00000   8.55468920854233e+02   0.00000000000000e+00
   0.00000   4.73090712043668e+03   3.71158125758243e+04
   4.00000   5.05805653841485e+00   2.09079604414383e+01
   4.00000   2.73554656957621e+02   0.00000000000000e+00
   5.00000   6.11660403409840e+00   0.00000000000000e+00
   5.00000   3.00820518991013e+02   4.42823932209017e+13
   7.00000   8.74750075882101e+01   0.00000000000000e+00
   8.00000   8.94465803026087e+00   2.17502536770558e+03
   8.00000   3.07600621600044e+01   0.00000000000000e+00
   9.00000   3.07600621600044e+01   8.59922813745764e+09
   9.00000   9.61938556414512e+01   2.35121989225958e+15
  10.00000   1.30802822664821e+01   1.10452028477677e+05
  10.00000   1.43840260067723e+01   6.52919999908930e+05
  10.00000   4.09050793703348e+01   3.96174924134965e+11
  10.00000   4.49821887238387e+01   4.51794338137478e+11
  10.00000   1.40669747220590e+02   4.82024491815712e+17
  10.00000   1.54690645137830e+02   1.47181898384125e+18
  10.00000   4.00034536391551e+02   2.08981810539240e+22
  10.00000   7.07420350314577e+02   6.53372081705228e+24
  10.00000   2.94189862735989e+03   1.97599026961037e+31
STATE 43 +3 27 Pd
   0.00000   2.86024751972045e+00   4.52178329126004e+00
   0.00000   3.14533538889216e+00   7.06511655584000e-01
   0.00000   1.08165915062448e+01   4.61896452048876e+02
   0.00000   3.07600621600044e+01   4.43560973009337e+03
   0.00000   1.16325256747006e+02   8.55016592637203e+04
   0.00000   7.77930667652288e+02   2.25604610210235e+04
   0.00000   8.55468920854233e+02   0.00000000000000e+00
   0.00000   4.73090712043668e+03   3.71191413054168e+04
   0.00000   5.20244820942131e+03   0.00000000000000e+00
   4.00000   5.05805653841485e+00   2.60925051675384e+01
   4.00000   2.73554656957621e+02   0.00000000000000e+00
   5.00000   3.00820518991013e+02   4.43336458845293e+13
   7.00000   8.13392938513064e+00   0.00000000000000e+00
   7.00000   8.74750075882101e+01   0.00000000000000e+00
   8.00000   8.94465803026087e+00   1.86502686771704e+03
   8.00000   3.07600621600044e+01   0.00000000000000e+00
   9.00000   3.07600621600044e+01   8.63245501827934e+09
   9.00000   9.61938556414512e+01   2.34510745647516e+15
  10.00000   1.30802822664821e+01   1.27983670058517e+05
  10.00000   1.43840260067723e+01   5.66199581383263e+05
  10.00000   4.09050793703348e+01   3.94351851121570e+11
  10.00000   4.49821887238387e+01   4.52508466785517e+11
  10.00000   1.40669747220590e+02   4.83660790906692e+17
  10.00000   1.54690645137830e+02   1.45974240705793e+18
  10.00000   4.00034536391551e+02   2.10099885405519e+22
  10.00000   7.07420350314577e+02   6.56716402033049e+24
  10.00000   2.94189862735989e+03   1.96098245673373e+31
STATE 44 +2 27 Pd
   0.00000   2.60099953186501e+00   4.07316186557303e+00
   0.00000   2.86024751972045e+00   2.99141252480351e+00
   0.00000   1.18947076493252e+01   4.62755666367107e+02
   0.00000   2.79720222556578e+01   3.97552364570846e+03
   0.00000   3.07600621600044e+01   0.00000000000000e+00
   0.00000   1.16325256747006e+02   8.61998564927095e+04
   0.00000   7.77930667652288e+02   2.21773778412058e+04
   0.00000   8.55468920854233e+02   0.00000000000000e+00
   0.00000   5.20244820942131e+03   4.49846845201293e+04
   3.00000   4.18270265709171e+00   4.61230169804730e+00
   5.00000   3.00820518991013e+02   4.58865538108178e+13
   7.00000   8.74750075882101e+01   0.00000000000000e+00
   8.00000   3.07600621600044e+01   0.00000000000000e+00
   9.00000   8.94465803026087e+00   1.19497505155654e+03
   9.00000   3.07600621600044e+01   9.78556603315364e+09
   9.00000   9.61938556414512e+01   2.05952680420731e+15
   9.00000   2.94189862735989e+03   0.00000000000000e+00
  10.00000   8.94465803026087e+00   0.00000000000000e+00
  10.00000   1.30802822664821e+01   2.11299807214296e+05
  10.00000   1.43840260067723e+01   3.11580815766270e+05
  10.00000   4.09050793703348e+01   3.22265249751989e+11
  10.00000   4.49821887238387e+01   8.63741762069656e+11
  10.00000   1.40669747220590e+02   5.49815306744162e+17
  10.00000   1.54690645137830e+02   9.39447843615374e+17
  10.00000   4.00034536391551e+02   2.91248366423954e+22
  10.00000   7.07420350314577e+02   9.50773491607076e+24
  10.00000   2.94189862735989e+03   1.02898770985816e+31
STATE 45 +1 27 Pd
   0.00000   2.36524934227484e+00   5.56163273275255e+00
   0.00000   1.08165915062448e+01   1.65838219446565e+02
   0.00000   1.18947076493252e+01   2.68588827250751e+02
   0.00000   2.79720222556578e+01   4.01742207894293e+03
   0.00000   3.07600621600044e+01   0.00000000000000e+00
   0.00000   1.16325256747006e+02   8.61793376942571e+04
   0.00000   7.77930667652288e+02   2.21132532910313e+04
   0.00000   8.55468920854233e+02   0.00000000000000e+00
   0.00000   4.73090712043668e+03   3.77220517733258e+04
   0.00000   5.20244820942131e+03   0.00000000000000e+00
   5.00000   3.00820518991013e+02   4.55750260723693e+13
   7.00000   8.74750075882101e+01   0.00000000000000e+00
   9.00000   8.94465803026087e+00   1.39158483743437e+03
   9.00000   3.07600621600044e+01   9.61242690042875e+09
   9.00000   9.61938556414512e+01   2.07955642829596e+15
  10.00000   3.14533538889216e+00   0.00000000000000e+00
  10.00000   3.45883866357983e+00   3.08070456693568e-05
  10.00000   8.94465803026087e+00   0.00000000000000e+00
  10.00000   1.30802822664821e+01   1.99173046261010e+05
  10.00000   1.43840260067723e+01   3.70207371062914e+05
  10.00000   4.09050793703348e+01   3.23468557587919e+11
  10.00000   4.49821887238387e+01   8.30742512873818e+11
  10.00000   1.40669747220590e+02   5.39910451455180e+17
  10.00000   1.54690645137830e+02   9.79715310816269e+17
  10.00000   4.00034536391551e+02   2.92185210473692e+22
  10.00000   7.07420350314577e+02   9.58163161311489e+24
  10.00000   2.94189862735989e+03   1.12283040663124e+31
STATE 46 +0 26 Pd
   0.00000   1.33750947886442e+00   1.12977686321178e-01
   0.00000   2.15086715033745e+00   2.58875784506998e+00
   0.00000   2.36524934227484e+00   1.38097107771961e+00
   0.00000   1.08165915062448e+01   4.66364287518619e+02
   0.00000   3.07600621600044e+01   4.39981951364833e+03
   0.00000   1.16325256747006e+02   8.53123594207655e+04
   0.00000   7.77930667652288e+02   2.31556759231501e+04
   0.00000   3.91217014535507e+03   2.34518600125335e+04
   4.00000   2.48760126450808e+02   4.17511592093178e+11
   7.00000   8.74750075882101e+01   0.00000000000000e+00
   8.00000   3.07600621600044e+01   0.00000000000000e+00
   9.00000   8.94465803026087e+00   1.61461119635955e+03
   9.00000   3.07600621600044e+01   8.66607602471976e+09
   9.00000   9.61938556414512e+01   2.35523556427256e+15
  10.00000   3.80358957678229e+00   1.01062764489748e-04
  10.00000   8.94465803026087e+00   0.00000000000000e+00
  10.00000   1.30802822664821e+01   1.88962597958441e+05
  10.00000   1.43840260067723e+01   4.67192662887094e+05
  10.00000   4.09050793703348e+01   3.86859106805481e+11
  10.00000   4.49821887238387e+01   4.64610659360827e+11
  10.00000   1.40669747220590e+02   4.62996758865991e+17
  10.00000   1.54690645137830e+02   1.54463368018268e+18
  10.00000   4.00034536391551e+02   8.01559850900969e+21
  10.00000   7.07420350314577e+02   1.67698430192956e+24
  10.00000   2.67524992148417e+03   1.15339698371377e+31
  10.00000   2.94189862735989e+03   0.00000000000000e+00
STATE 47 -1 29 Pd
   0.00000   1.10603833876574e+00   8.68611894344190e-02
   0.00000   1.21627988641046e+00   4.86855350295759e-02
   0.00000   2.36524934227484e+00   5.36422287132539e+00
   0.00000   1.08165915062448e+01   6.06286247367392e+01
   0.00000   1.18947076493252e+01   3.63474151012782e+02
   0.00000   2.79720222556578e+01   4.08899355153180e+03
   0.00000   1.16325256747006e+02   8.60977019425423e+04
   0.00000   7.77930667652288e+02   1.09274883869715e+04
   0.00000   8.55468920854233e+02   1.26258702025429e+04
   0.00000   3.91217014535507e+03   2.03921514962325e+04
   4.00000   2.48760126450808e+02   0.00000000000000e+00
   5.00000   3.00820518991013e+02   5.18346131386427e+13
   9.00000   8.94465803026087e+00   0.00000000000000e+00
   9.00000   3.07600621600044e+01   1.02406265861810e+10
   9.00000   9.61938556414512e+01   1.42256311998620e+15
  10.00000   1.77863526760560e+00   1.58563105227775e-08
  10.00000   1.95591619695849e+00   2.57777376197419e-07
  10.00000   3.45883866357983e+00   3.95864534652497e-04
  10.00000   9.83619398326327e+00   3.17647354127620e+03
  10.00000   1.30802822664821e+01   1.69873157379909e+05
  10.00000   1.43840260067723e+01   4.52570353915025e+05
  10.00000   4.09050793703348e+01   2.38845681334771e+11
  10.00000   4.49821887238387e+01   1.14324388127723e+12
  10.00000   9.61938556414512e+01   4.88116650015385e+15
  10.00000   1.40669747220590e+02   8.83768609882860e+17
  10.00000   1.54690645137830e+02   2.90321549573641e+17
  10.00000   4.00034536391551e+02   1.92084395119885e+22
  10.00000   7.07420350314577e+02   5.00390396184814e+24
  10.00000   2.94189862735989e+03   2.28270351275283e+31
# orbitals: 1s2
CORE 2 6 Pd
   0.00000   8.74750075882101e+01   2.52822936887366e+04
   0.00000   9.61938556414512e+01   3.18372887078336e+04
   0.00000   1.40669747220590e+02   1.56792734940184e+04
   0.00000   1.54690645137830e+02   0.00000000000000e+00
   0.00000   3.00820518991013e+02   0.00000000000000e+00
   0.00000   3.30804036211459e+02   1.46684461466527e+04
# orbitals: 1s2 2s2
CORE 4 16 Pd
   0.00000   2.54366855632811e+01   1.26668432099434e+02
   0.00000   2.79720222556578e+01   3.24951500600416e+02
   0.00000   9.61938556414512e+01   0.00000000000000e+00
   0.00000   1.05781732614739e+02   8.41968209581096e+04
   0.00000   5.31970461465711e+02   1.95705904095754e+04
   0.00000   5.84993259064841e+02   0.00000000000000e+00
   0.00000   2.94189862735989e+03   3.53795236780247e+04
   4.00000   4.49821887238387e+01   1.95596013952254e+07
   5.00000   5.43960382651304e+01   9.03893399378685e+08
   5.00000   2.48760126450808e+02   1.17112243441559e+13
   8.00000   8.74750075882101e+01   8.31138311606062e+12
   9.00000   9.61938556414512e+01   0.00000000000000e+00
  10.00000   1.16325256747006e+02   2.07452176247236e+16
  10.00000   3.30804036211459e+02   2.48182754004853e+21
  10.00000   5.84993259064841e+02   5.70919115510367e+23
  10.00000   2.01175147793697e+03   9.70415474529391e+28
# orbitals: 1s2 2s2 2p6
CORE 10 17 Pd
   0.00000   2.79720222556578e+01   3.21286971673525e+03
   0.00000   3.07600621600044e+01   5.93501885908869e+02
   0.00000   1.16325256747006e+02   8.51312239451743e+04
   0.00000   7.77930667652288e+02   2.08201095056889e+04
   0.00000   8.55468920854233e+02   0.00000000000000e+00
   0.00000   3.91217014535507e+03   2.89727062358683e+04
   3.00000   4.49821887238387e+01   1.03238242004638e+07
   4.00000   4.94656735430869e+01   1.57664326707653e+08
   4.00000   2.48760126450808e+02   5.96713913132776e+11
   8.00000   9.61938556414512e+01   0.00000000000000e+00
   9.00000   1.05781732614739e+02   1.18849736035407e+15
  10.00000   1.27919679729006e+02   6.21492732367948e+16
  10.00000   3.63776083961418e+02   1.26044630259177e+22
  10.00000   4.00034536391551e+02   0.00000000000000e+00
  10.00000   7.07420350314577e+02   6.05967882864948e+24
  10.00000   2.94189862735989e+03   1.83237872789797e+31
  10.00000   3.23512486222616e+03   0.00000000000000e+00
# orbitals: 1s2 2s2 2p6 3s2
CORE 12 17 Pd
   0.00000   1.08165915062448e+01   0.00000000000000e+00
   0.00000   2.31311474920038e+01   5.59506029934001e+02
   0.00000   2.54366855632811e+01   3.21224328075361e+03
   0.00000   1.16325256747006e+02   8.68487404216650e+04
   0.00000   8.55468920854233e+02   2.45863237166109e+04
   4.00000   2.48760126450808e+02   4.78116132306872e+11
   7.00000   2.10345794842548e+01   0.00000000000000e+00
   7.00000   7.95464211464679e+01   2.03487555772444e+12
   8.00000   7.95464211464679e+01   2.10261784889945e+13
  10.00000   2.54366855632811e+01   1.19568842080304e+08
  10.00000   3.38259928238101e+01   1.06820714285380e+10
  10.00000   3.71975122990548e+01   2.52052736219137e+10
  10.00000   1.27919679729006e+02   8.33077412500573e+16
  10.00000   1.40669747220590e+02   4.88723309057221e+17
  10.00000   4.00034536391551e+02   2.66628481588945e+22
  10.00000   7.07420350314577e+02   7.14872361047381e+24
  10.00000   3.23512486222616e+03   9.15062053991817e+31
# orbitals: 1s2 2s2 2p6 3s2 3p6
CORE 18 19 Pd
   0.00000   9.83619398326327e+00   4.86978509504479e+01
   0.00000   1.08165915062448e+01   9.83197535830489e+00
   0.00000   2.79720222556578e+01   4.73986064762751e+03
   0.00000   1.16325256747006e+02   8.50637833839157e+04
   0.00000   7.77930667652288e+02   2.27736100495437e+04
   0.00000   8.55468920854233e+02   0.00000000000000e+00
   0.00000   3.91217014535507e+03   2.65967767962409e+04
   4.00000   2.73554656957621e+02   5.54077086958864e+11
   6.00000   2.10345794842548e+01   2.00329530584137e+06
   7.00000   2.31311474920038e+01   2.58064576450412e+07
   8.00000   2.31311474920038e+01   0.00000000000000e+00
   8.00000   8.74750075882101e+01   7.22711779982295e+13
   9.00000   4.00034536391551e+02   6.55480184031255e+20
  10.00000   3.71975122990548e+01   9.55666913919052e+10
  10.00000   4.09050793703348e+01   1.05089899521788e+11
  10.00000   9.61938556414512e+01   6.62102108098997e+15
  10.00000   1.40669747220590e+02   8.89010707225727e+17
  10.00000   1.54690645137830e+02   3.45660458169319e+17
  10.00000   2.94189862735989e+03   3.65483777121766e+31
# orbitals: 1s2 2s2 2p6 3s2 3p6 3d10
CORE 28 20 Pd
   0.00000   9.83619398326327e+00   2.07403495269309e+02
   0.00000   1.08165915062448e+01   2.24806062675809e+02
   0.00000   3.07600621600044e+01   4.43706897511305e+03
   0.00000   1.16325256747006e+02   8.52567545307524e+04
   0.00000   7.77930667652288e+02   2.24580747005496e+04
   0.00000   8.55468920854233e+02   0.00000000000000e+00
   0.00000   4.73090712043668e+03   3.66833586939429e+04
   4.00000   2.73554656957621e+02   0.00000000000000e+00
   5.00000   3.00820518991013e+02   4.69730294456141e+13
   6.00000   2.10345794842548e+01   8.45877111461353e+06
   7.00000   2.31311474920038e+01   1.04391368542747e+07
   9.00000   9.61938556414512e+01   2.00364367731031e+15
  10.00000   3.71975122990548e+01   1.06360115427111e+11
  10.00000   4.09050793703348e+01   2.15013621970081e+11
  10.00000   9.61938556414512e+01   2.37933261802174e+15
  10.00000   1.40669747220590e+02   6.34034965087253e+17
  10.00000   1.54690645137830e+02   1.02464032829605e+18
  10.00000   4.00034536391551e+02   1.93259873831151e+22
  10.00000   7.07420350314577e+02   5.55263254138851e+24
  10.00000   2.94189862735989e+03   1.73809384954656e+31
# orbitals: 1s2 2s2 2p6 3s2 3p6 3d10 4s2
CORE 30 23 Pd
   0.00000   4.59960286578612e+00   5.12066620035760e+00
   0.00000   8.94465803026087e+00   3.18081824293162e+02
   0.00000   3.07600621600044e+01   4.57493974852289e+03
   0.00000   1.16325256747006e+02   8.55267458099615e+04
   0.00000   7.77930667652288e+02   2.25353036676654e+04
   0.00000   8.55468920854233e+02   0.00000000000000e+00
   0.00000   4.73090712043668e+03   3.68799131922025e+04
   4.00000   2.73554656957621e+02   0.00000000000000e+00
   5.00000   3.00820518991013e+02   4.62116642538670e+13
   7.00000   8.74750075882101e+01   7.65280791655184e+12
   8.00000   2.79720222556578e+01   1.01405428026694e+09
   9.00000   8.94465803026087e+00   0.00000000000000e+00
   9.00000   3.07600621600044e+01   0.00000000000000e+00
  10.00000   9.83619398326327e+00   1.41012201708339e+02
  10.00000   1.30802822664821e+01   4.68092519859269e+04
  10.00000   1.43840260067723e+01   3.89295165248757e+04
  10.00000   4.09050793703348e+01   3.80946665564089e+11
  10.00000   9.61938556414512e+01   9.44622244762368e+15
  10.00000   1.40669747220590e+02   4.99137973851119e+17
  10.00000   1.54690645137830e+02   6.39061646086826e+17
  10.00000   4.00034536391551e+02   2.07868105142932e+22
  10.00000   7.07420350314577e+02   5.96322596940574e+24
  10.00000   2.94189862735989e+03   1.78304725517337e+31
# orbitals: 1s2 2s2 2p6 3s2 3p6 3d10 4s2 4p6
CORE 36 27 Pd
   0.00000   3.80358957678229e+00   7.85776749445229e+00
   0.00000   9.83619398326327e+00   3.44067239655656e+02
   0.00000   3.07600621600044e+01   4.71954988590775e+03
   0.00000   1.16325256747006e+02   8.51864753797981e+04
   0.00000   7.77930667652288e+02   2.31031367630554e+04
   0.00000   8.55468920854233e+02   0.00000000000000e+00
   0.00000   4.30210571662530e+03   2.37039280325989e+04
   0.00000   4.73090712043668e+03   4.02006750152098e+03
   4.00000   2.73554656957621e+02   0.00000000000000e+00
   5.00000   3.00820518991013e+02   5.18182117401378e+13
   9.00000   8.94465803026087e+00   2.41308637146912e+01
   9.00000   3.07600621600044e+01   8.42545158193043e+09
   9.00000   9.61938556414512e+01   1.59549407270585e+15
  10.00000   9.83619398326327e+00   1.85140918723770e+03
  10.00000   1.30802822664821e+01   1.14572019136784e+05
  10.00000   1.43840260067723e+01   4.53955098189613e+05
  10.00000   3.07600621600044e+01   0.00000000000000e+00
  10.00000   4.09050793703348e+01   3.26503270281591e+11
  10.00000   4.49821887238387e+01   5.66168425063028e+11
  10.00000   9.61938556414512e+01   6.31610864549942e+15
  10.00000   1.40669747220590e+02   8.99566491740172e+17
  10.00000   1.54690645137830e+02   7.31692320722982e+17
  10.00000   4.00034536391551e+02   7.12041729574764e+21
  10.00000   7.07420350314577e+02   0.00000000000000e+00
  10.00000   7.77930667652288e+02   2.76030545557310e+24
  10.00000   2.67524992148417e+03   7.05771168611302e+30
  10.00000   2.94189862735989e+03   9.89499977406215e+29
